'000043'	中航地产	日线
日期	开盘	最高	最低	收盘	成交量	成交额	成交笔数	MA1	MA2	MA3	MA4	MA5	MA6		MA1	MA2	MA3	K	D	J
2014/12/24	7.63	7.69	7.50	7.69	53815.00	40918876	3194	7.818	8.021	8.359	8.292	8.516	7.024	53815	122575.203	141914.203	242167.156	29.355	34.276	19.512
2014/12/25	7.70	7.91	7.67	7.82	62395.00	48684504	4045	7.75	7.988	8.296	8.295	8.519	7.049	62395	101412	130246.398	227478	32.591	33.714	30.344
2014/12/26	7.82	7.95	7.72	7.84	105235.00	82331424	4949	7.708	7.959	8.215	8.299	8.515	7.072	105235	95675.398	128319	208975.203	35.269	34.232	37.342
2014/12/29	7.88	8.25	7.80	8.12	191310.00	154468864	8328	7.814	7.962	8.179	8.307	8.502	7.099	191310	104265	135429	203009.797	44.346	37.604	57.83
2014/12/30	8.08	8.33	7.77	8.16	208090.00	169438896	9017	7.926	7.951	8.141	8.318	8.475	7.126	208090	124169	141781.703	202433.203	51.439	42.215	69.886
2014/12/31	8.16	8.98	7.77	8.94	367336.00	308339744	14201	8.176	7.997	8.141	8.353	8.452	7.158	367336	186873.203	154724.203	203051.547	66.823	50.418	99.633
2015/01/05	8.96	9.74	8.65	9.09	555860.00	513206656	23802	8.43	8.09	8.156	8.388	8.437	7.193	555860	285566.188	193489.094	210985.156	68.929	56.588	93.61
2015/01/06	8.90	8.90	8.40	8.67	252845.00	218428576	12172	8.596	8.152	8.175	8.411	8.419	7.224	252845	315088.188	205381.797	206985.047	64.547	59.241	75.16
2015/01/07	8.51	8.79	8.45	8.56	126942.00	109157848	6557	8.684	8.249	8.172	8.403	8.403	7.255	126942	302214.594	203239.797	195880.906	58.805	59.096	58.224
2015/01/08	8.56	8.57	8.18	8.18	133609.00	111331688	7719	8.688	8.307	8.182	8.379	8.378	7.281	133609	287318.406	205743.703	181700	47.416	55.203	31.843
2015/01/09	8.21	8.46	8.17	8.20	134033.00	111796632	5876	8.54	8.358	8.189	8.358	8.355	7.307	134033	240657.797	213765.5	177839.844	39.532	49.979	18.637
2015/01/12	8.14	8.14	7.85	7.87	106049.00	84518792	5712	8.296	8.363	8.175	8.318	8.339	7.329	106049	150695.594	218130.906	174188.656	28.046	42.668	-1.197
2015/01/13	7.92	7.95	7.74	7.90	82452.00	64790140	3597	8.142	8.369	8.164	8.267	8.323	7.353	82452	116617	215852.594	172085.797	21.364	35.567	-7.041
2015/01/14	7.92	8.04	7.85	7.95	62115.00	49416160	2836	8.02	8.352	8.157	8.237	8.307	7.375	62115	103651.602	202933.094	169181.047	17.743	29.626	-6.022
2015/01/15	7.95	8.20	7.95	8.18	79352.00	64321464	3946	8.02	8.354	8.153	8.212	8.3	7.399	79352	92800.203	190059.297	165920.5	19.162	26.138	5.21
2015/01/16	8.20	8.22	8.04	8.17	80113.00	65185468	3469	8.014	8.277	8.137	8.186	8.293	7.423	80113	82016.203	161337	158030.594	25.131	25.802	23.789
2015/01/19	7.88	7.95	7.40	7.53	121706.00	93402568	5469	7.946	8.121	8.106	8.145	8.279	7.442	121706	85147.602	117921.602	155705.344	19.871	23.825	11.964
2015/01/20	7.54	7.78	7.54	7.70	78666.00	60277824	3271	7.906	8.024	8.088	8.125	8.269	7.462	78666	84390.398	100503.703	152942.75	21.795	23.148	19.087
2015/01/21	7.73	8.09	7.68	8.00	103925.00	82460208	4849	7.916	7.968	8.109	8.104	8.262	7.484	103925	92752.398	98202	150720.906	33.398	26.565	47.063
2015/01/22	7.98	8.38	7.94	8.33	155094.00	127353064	6256	7.946	7.983	8.145	8.115	8.257	7.509	155094	107900.797	100350.5	153047.094	53.898	35.676	90.342
2015/01/23	8.37	8.38	8.08	8.23	128035.00	105189760	5140	7.958	7.986	8.172	8.122	8.25	7.533	128035	117485.203	99750.703	156758.094	64.163	45.172	102.146
2015/01/26	8.21	8.82	8.08	8.65	207419.00	175960640	8515	8.182	8.064	8.214	8.138	8.253	7.561	207419	134627.797	109887.703	164009.297	72.118	54.154	108.047
2015/01/27	8.60	8.65	8.29	8.58	165609.00	140548016	6664	8.358	8.132	8.25	8.153	8.252	7.588	165609	152016.406	118203.398	167028	75.778	61.362	104.611
2015/01/28	8.58	8.58	8.26	8.50	106838.00	89979320	5009	8.458	8.187	8.269	8.167	8.252	7.615	106838	152599	122675.703	162804.406	76.34	66.355	96.312
2015/01/29	8.40	8.66	8.35	8.44	94511.00	80529848	3357	8.48	8.213	8.283	8.173	8.254	7.641	94511	140482.406	124191.602	157125.453	75.307	69.339	87.243
2015/01/30	8.60	8.87	8.29	8.56	224226.00	193260560	7612	8.546	8.252	8.264	8.175	8.256	7.668	224226	159720.594	138602.906	149969.953	75.768	71.482	84.341
2015/02/02	8.44	8.55	8.18	8.43	95658.00	79963320	3891	8.502	8.342	8.231	8.184	8.255	7.694	95658	137368.406	135998.094	126959.852	71.521	71.495	71.572
2015/02/03	8.44	8.62	8.28	8.60	146606.00	124607928	5196	8.506	8.432	8.228	8.203	8.26	7.721	146606	133567.797	142792.094	121647.898	71.336	71.442	71.125
2015/02/04	8.56	8.67	8.42	8.44	130824.00	112302640	3121	8.494	8.476	8.222	8.231	8.261	7.747	130824	138365	145482	121842	62.747	68.544	51.155
2015/02/05	8.68	8.75	8.15	8.16	171692.00	144889568	5520	8.438	8.459	8.221	8.25	8.271	7.771	171692	153801.203	147141.797	123746.148	45.207	60.765	14.092
2015/02/06	8.10	8.21	7.82	7.87	79584.00	63532576	3266	8.3	8.423	8.205	8.256	8.274	7.79	79584	124872.797	142296.703	121023.703	31.725	51.085	-6.994
2015/02/09	7.87	8.32	7.83	7.96	46031.00	36776252	1678	8.206	8.354	8.209	8.26	8.278	7.811	46031	114947.398	126157.898	118022.797	25.595	42.588	-8.392
2015/02/10	8.01	8.25	7.91	8.13	43715.00	35495864	1919	8.112	8.309	8.22	8.27	8.285	7.835	43715	94369.203	113968.5	116085.953	26.904	37.36	5.993
2015/02/11	8.14	8.20	8.02	8.14	39662.00	32225118	1567	8.052	8.273	8.23	8.271	8.289	7.858	39662	76136.797	107250.898	114963.297	28.095	34.272	15.741
2015/02/12	8.10	8.27	8.09	8.21	75804.00	62001560	3381	8.062	8.25	8.231	8.272	8.295	7.881	75804	56959.199	105380.203	114785.898	32.708	33.751	30.624
2015/02/13	8.25	8.48	8.21	8.37	94844.00	79391784	3097	8.162	8.231	8.241	8.253	8.303	7.906	94844	60011.199	92442	115522.453	41.519	36.34	51.876
2015/02/16	8.41	8.58	8.36	8.43	81719.00	69398352	2757	8.256	8.231	8.286	8.231	8.31	7.928	81719	67148.797	91048.102	113523.102	49.543	40.741	67.147
2015/02/17	8.50	8.68	8.42	8.61	97554.00	83402624	4514	8.352	8.232	8.332	8.229	8.32	7.953	97554	77916.602	86142.898	114467.5	61.344	47.609	88.815
2015/02/25	8.65	8.66	8.51	8.57	69014.00	59191016	2433	8.438	8.245	8.361	8.23	8.316	7.977	69014	83787	79961.898	112721.953	69.966	55.061	99.775
2015/02/26	8.58	8.80	8.53	8.75	109808.00	95015272	3355	8.546	8.304	8.382	8.249	8.314	8.003	109808	90587.797	73773.5	110457.648	78.259	62.794	109.189
2015/02/27	8.71	8.81	8.62	8.65	92446.00	80488872	3123	8.602	8.382	8.403	8.264	8.311	8.03	92446	90108.203	75059.703	108678.203	79.58	68.389	101.962
2015/03/02	8.87	8.93	8.68	8.76	151703.00	132966504	6456	8.668	8.462	8.408	8.293	8.306	8.057	151703	104105	85626.898	105892.398	80.16	72.313	95.853
2015/03/03	8.73	8.73	8.48	8.49	132791.00	113666656	4603	8.644	8.498	8.403	8.313	8.29	8.083	132791	111152.398	94534.5	104251.5	69.313	71.313	65.313
2015/03/04	8.47	8.65	8.45	8.60	73095.00	62660768	3990	8.65	8.544	8.408	8.335	8.286	8.109	73095	111968.602	97877.797	102564.352	64.264	68.963	54.866
2015/03/05	8.62	9.39	8.54	9.12	272075.00	243962016	9850	8.724	8.635	8.443	8.366	8.289	8.138	272075	144422	117504.898	111442.547	67.438	68.455	65.405
2015/03/06	9.03	9.24	8.88	9.23	173052.00	156854784	6154	8.84	8.721	8.476	8.401	8.294	8.167	173052	160543.203	125325.703	108883.852	72.794	69.901	78.579
2015/03/09	9.23	10.15	9.03	10.15	413389.00	403162016	12650	9.118	8.893	8.562	8.489	8.317	8.204	413389	212880.406	158492.703	124770.398	81.863	73.888	97.811
2015/03/10	10.45	10.76	9.95	10.36	441803.00	455094048	15767	9.492	9.068	8.65	8.577	8.351	8.242	441803	274682.813	192917.594	139530.25	82.136	76.638	93.134
2015/03/11	10.39	11.40	9.99	11.05	538018.00	579750464	18217	9.982	9.316	8.781	8.679	8.391	8.286	538018	367667.406	239818	159889.953	84.136	79.137	94.134
2015/03/12	10.80	11.23	10.50	10.60	351545.00	379374144	13773	10.278	9.501	8.903	8.755	8.435	8.326	351545	383561.406	263991.688	168882.594	80.385	79.553	82.048
2015/03/13	10.63	10.90	10.26	10.40	225742.00	236883840	9717	10.512	9.676	9.029	8.827	8.474	8.363	225742	394099.406	277321.313	176190.5	75.624	78.243	70.384
2015/03/16	10.53	11.21	10.36	10.95	304208.00	329738976	11084	10.672	9.895	9.179	8.904	8.521	8.406	304208	372263.188	292571.813	189099.344	78.664	78.384	79.226
2015/03/17	10.90	11.25	10.70	10.86	233601.00	256349520	9339	10.772	10.132	9.315	8.98	8.566	8.446	233601	330622.813	302652.813	198593.656	79.483	78.75	80.948
2015/03/18	10.90	11.50	10.85	11.48	260674.00	290749632	9337	10.858	10.42	9.482	9.079	8.623	8.486	260674	275154	321410.688	209644.25	86.067	81.189	95.824
2015/03/19	11.32	11.47	10.99	11.30	235110.00	263622544	8771	10.998	10.638	9.636	9.174	8.674	8.528	235110	251867	317714.188	217609.547	88.012	83.463	97.11
2015/03/20	11.00	11.88	10.86	11.20	316639.00	353994432	12172	11.158	10.835	9.778	9.262	8.719	8.569	316639	270046.406	332072.906	228699.297	80.264	82.397	75.998
2015/03/23	11.13	11.45	11.08	11.16	253561.00	284690272	10266	11.2	10.936	9.915	9.353	8.769	8.609	253561	259917	316090.094	237291.406	74.144	79.646	63.141
2015/03/24	11.16	11.24	10.41	10.74	288051.00	312067072	13285	11.176	10.974	10.021	9.425	8.814	8.645	288051	270807	300714.906	246816.25	59.306	72.866	32.186
2015/03/25	10.73	10.75	10.35	10.49	249549.00	261784464	11041	10.978	10.918	10.117	9.493	8.862	8.679	249549	268582	271868	255843	44.27	63.334	6.142
2015/03/26	10.51	10.81	10.50	10.69	248194.00	264373120	9974	10.856	10.927	10.214	9.577	8.913	8.71	248194	271198.813	261532.906	262762.313	36.921	54.53	1.703
2015/03/27	10.88	11.76	10.85	11.76	500158.00	563663360	19143	10.968	11.063	10.37	9.707	8.981	8.749	500158	307902.594	288974.5	283147.906	55.333	54.797	56.404
2015/03/30	12.00	12.90	11.72	12.56	667166.00	822319104	29199	11.248	11.224	10.559	9.86	9.06	8.79	667166	390623.594	325270.313	308921.063	65.777	58.457	80.418
2015/03/31	12.88	13.19	11.89	12.07	626987.00	783495552	33849	11.514	11.345	10.738	9.992	9.131	8.823	626987	458410.813	364608.906	333630.844	64.039	60.318	71.482
2015/04/01	12.00	12.00	11.61	11.94	424516.00	500915840	20684	11.804	11.391	10.905	10.118	9.194	8.848	424516	493404.188	380993.094	351201.906	61.355	60.664	62.737
2015/04/02	11.82	12.04	11.67	12.03	297045.00	351808128	15786	12.072	11.464	11.051	10.246	9.259	8.867	297045	503174.406	387186.594	352450.406	60.622	60.65	60.565
2015/04/03	11.85	11.96	11.68	11.88	250509.00	296362400	12991	12.096	11.532	11.184	10.363	9.308	8.88	250509	453244.594	380573.594	356323.25	58.372	59.89	55.335
2015/04/07	11.98	12.28	11.78	12.26	438687.00	529071904	19932	12.036	11.642	11.289	10.49	9.361	8.899	438687	407548.813	399086.188	357588.156	61.333	60.371	63.255
2015/04/08	12.27	12.45	11.81	12.33	461885.00	560353408	22250	12.088	11.801	11.387	10.614	9.422	8.92	461885	374528.406	416469.594	358592.25	63.565	61.436	67.823
2015/04/09	12.30	13.55	11.70	13.27	641802.00	806162624	30876	12.354	12.079	11.498	10.771	9.5	8.951	641802	417985.594	455694.906	363781.438	72.253	65.042	86.676
2015/04/10	12.88	13.44	12.60	12.90	471982.00	613443584	22817	12.528	12.3	11.613	10.909	9.579	8.979	471982	452973	478073.688	369803.313	70.334	66.806	77.39
2015/04/13	12.92	13.37	12.80	13.05	338940.00	442298880	17566	12.762	12.429	11.746	11.056	9.66	9.007	338940	470659.188	461951.906	375463.188	71.631	68.414	78.066
2015/04/14	12.80	12.80	12.33	12.41	401147.00	501720864	20841	12.792	12.414	11.819	11.178	9.736	9.037	401147	463151.188	435350	380310.156	61.5	66.109	52.281
2015/04/15	12.31	12.33	11.92	11.95	223123.00	269765024	12457	12.716	12.402	11.873	11.293	9.803	9.063	223123	415398.813	394963.594	379786.25	45.965	59.394	19.105
2015/04/16	11.65	12.18	11.65	12.13	150899.00	181171936	8605	12.488	12.421	11.906	11.411	9.873	9.09	150899	317218.188	367601.906	374297.5	39.064	52.618	11.957
2015/04/17	12.18	12.31	12.00	12.20	230296.00	280615680	11239	12.348	12.438	11.951	11.513	9.94	9.12	230296	268881	360927	374056.813	35.692	46.976	13.124
2015/04/20	12.30	12.66	12.08	12.27	344283.00	425913568	15734	12.192	12.477	12.005	11.615	10.008	9.151	344283	269949.594	370304.406	375439	34.672	42.874	18.266
2015/04/21	12.10	12.50	12.05	12.50	226635.00	279994016	11029	12.21	12.501	12.071	11.693	10.091	9.185	226635	235047.203	349099.188	374092.688	38.027	41.259	31.563
2015/04/22	12.50	12.89	12.38	12.78	351436.00	445619904	14996	12.376	12.546	12.174	11.774	10.175	9.222	351436	260709.797	338054.313	377261.938	46.394	42.97	53.241
2015/04/23	12.78	12.81	12.32	12.48	274082.00	343715712	13949	12.446	12.467	12.273	11.821	10.25	9.256	274082	285346.406	301282.313	378488.594	47.015	44.318	52.407
2015/04/24	12.25	12.89	12.11	12.66	319863.00	403607552	14377	12.538	12.443	12.372	11.89	10.322	9.29	319863	303259.813	286070.406	382072.063	58.494	49.044	77.394
2015/04/27	12.59	13.06	12.54	12.60	342425.00	435824768	15059	12.604	12.398	12.413	11.963	10.395	9.323	342425	302888.188	286418.906	374185.406	61.454	53.18	78.002
2015/04/28	12.55	12.75	11.89	12.01	261425.00	320904480	12130	12.506	12.358	12.386	11.999	10.451	9.352	261425	309846.188	272446.688	353898.344	49.48	51.947	44.547
2015/04/29	12.01	12.25	11.80	12.12	141219.00	170455776	6344	12.374	12.375	12.389	12.041	10.51	9.381	141219	267802.813	264256.313	329609.938	41.452	48.449	27.46
2015/04/30	11.87	12.62	11.87	12.26	231915.00	285057664	10767	12.33	12.388	12.405	12.067	10.573	9.412	231915	259369.406	272357.906	319979.906	39.804	45.567	28.278
2015/05/04	12.28	12.48	12.10	12.36	176056.00	215834064	7960	12.27	12.404	12.421	12.102	10.638	9.446	176056	230608	266933.906	313930.438	41.351	44.162	35.729
2015/05/05	12.39	12.44	11.61	11.63	144977.00	173965168	8280	12.076	12.34	12.408	12.116	10.689	9.473	144977	191118.406	247003.297	308653.844	28.027	38.784	6.514
2015/05/06	11.68	11.90	10.80	10.99	154862.00	176961632	7794	11.872	12.189	12.345	12.111	10.732	9.494	154862	169805.797	239826	294462.594	21.487	33.018	-1.575
2015/05/07	10.99	11.11	10.54	10.62	119780.00	129531336	6127	11.572	11.973	12.259	12.107	10.766	9.513	119780	165518	216660.406	277357.344	15.383	27.14	-8.131
2015/05/08	10.66	10.98	10.55	10.98	116953.00	125781344	5650	11.316	11.823	12.145	12.123	10.808	9.535	116953	142525.594	200947.5	251114.906	16.075	23.452	1.323
2015/05/11	11.20	11.35	11.10	11.30	154964.00	174137984	7568	11.104	11.687	12.065	12.143	10.86	9.566	154964	138307.203	184457.594	235264	22.18	23.028	20.484
2015/05/12	11.30	11.44	11.10	11.32	148553.00	167250160	7337	11.042	11.559	11.979	12.129	10.918	9.596	148553	139022.406	165070.406	225744.656	27.287	24.447	32.965
2015/05/13	11.24	11.73	10.91	11.56	225229.00	253548416	10601	11.156	11.514	11.936	12.095	10.978	9.628	225229	153095.797	161450.797	216948.75	34.537	27.811	47.99
2015/05/14	11.44	11.46	11.25	11.34	134222.00	152235424	6706	11.3	11.436	11.906	12.071	11.031	9.658	134222	155984.203	160751.094	212503.703	36.771	30.797	48.717
2015/05/15	11.33	11.33	10.90	10.93	111640.00	123165496	5689	11.29	11.303	11.845	12.037	11.078	9.683	111640	154921.594	148723.594	210540.75	31.356	30.983	32.101
2015/05/18	10.80	11.05	10.80	10.89	87484.00	95793312	4269	11.208	11.156	11.78	11.999	11.122	9.709	87484	141425.594	139866.406	203400.156	29.482	30.483	27.481
2015/05/19	10.96	11.39	10.92	11.37	163243.00	184125120	7624	11.218	11.13	11.735	11.982	11.172	9.738	163243	144363.594	141693	194348.156	42.904	34.623	59.466
2015/05/20	11.41	11.75	11.19	11.52	259006.00	297544832	10650	11.21	11.183	11.686	11.958	11.224	9.767	259006	151119	152107.406	195966.703	55.547	41.598	83.446
2015/05/21	11.41	12.29	11.37	12.20	293416.00	350320096	14103	11.382	11.341	11.657	11.953	11.284	9.802	293416	182957.797	169471	193065.703	68.351	50.516	104.023
2015/05/22	12.23	12.49	12.05	12.39	294979.00	362863360	12071	11.674	11.482	11.653	11.924	11.347	9.832	294979	219625.594	187273.594	194110.547	76.929	59.32	112.146
2015/05/25	12.31	13.14	12.20	12.95	305743.00	390812640	14909	12.086	11.647	11.667	11.926	11.417	9.866	305743	263277.406	202351.5	193404.547	81.912	66.851	112.036
2015/05/26	13.09	13.50	12.61	13.35	366457.00	481145760	16446	12.482	11.85	11.705	11.936	11.496	9.903	366457	303920.188	224141.906	194606.156	86.09	73.264	111.742
2015/05/27	13.34	13.55	12.80	13.27	370083.00	487518272	16864	12.832	12.021	11.767	11.964	11.571	9.938	370083	326135.594	238627.297	200039.047	87.333	77.953	106.091
2015/05/28	13.26	14.46	13.05	13.38	564341.00	780787840	21825	13.068	12.225	11.83	12.012	11.653	9.971	564341	380320.594	281639.188	221195.156	81.719	79.209	86.74
2015/05/29	13.50	14.18	12.50	14.05	443837.00	607560704	18508	13.4	12.537	11.92	12.076	11.743	10.014	443837	410092.188	314858.906	231791.25	83.952	80.79	90.277
2015/06/01	14.16	15.46	14.00	15.46	480710.00	708392960	17598	13.902	12.994	12.075	12.185	11.849	10.069	480710	445085.594	354181.5	247023.953	89.301	83.627	100.65
2015/06/02	15.76	16.91	15.55	16.29	459265.00	743645888	21115	14.49	13.486	12.308	12.319	11.967	10.13	459265	463647.188	383783.688	262738.344	89.137	85.464	96.484
2015/06/03	16.30	16.58	15.40	15.92	278197.00	441852832	15633	15.02	13.926	12.555	12.433	12.063	10.19	278197	445270	385702.813	268905.094	85.968	85.632	86.64
2015/06/04	15.80	17.51	15.67	17.51	411573.00	687376512	18898	15.846	14.457	12.899	12.59	12.182	10.267	411573	414716.406	397518.5	283494.75	90.645	87.303	97.33
2015/06/05	17.78	18.70	17.20	17.73	379926.00	683875840	18347	16.582	14.991	13.236	12.765	12.293	10.342	379926	401934.188	406013.188	296643.406	88.548	87.718	90.209
2015/06/08	17.74	17.78	16.40	16.76	307015.00	519638592	15438	16.842	15.372	13.51	12.902	12.396	10.415	307015	367195.188	406140.406	304245.938	81.936	85.791	74.225
2015/06/09	16.55	16.56	15.90	16.39	171892.00	279536416	9964	16.862	15.676	13.763	13.028	12.496	10.485	171892	309720.594	386683.906	305412.906	75.538	82.373	61.867
2015/06/10	16.35	17.70	16.18	17.09	223695.00	381631296	11633	17.096	16.058	14.04	13.198	12.598	10.56	223695	298820.188	372045.094	305336.188	75.036	79.927	65.253
2015/06/11	17.25	17.83	16.76	17.47	200830.00	345764576	11049	17.088	16.467	14.346	13.376	12.708	10.637	200830	256671.594	335694	308666.594	74.634	78.163	67.576
2015/06/12	17.70	18.85	17.36	18.14	282850.00	511882720	13555	17.17	16.876	14.707	13.572	12.819	10.721	282850	237256.406	319595.313	317227.094	76.229	77.518	73.651
2015/06/15	18.15	18.75	17.10	17.26	261505.00	465288000	13459	17.27	17.056	15.025	13.735	12.919	10.796	261505	228154.406	297674.813	325928.156	68.791	74.609	57.154
2015/06/16	17.02	17.02	15.67	15.67	190632.00	311076288	9854	17.126	16.994	15.24	13.87	12.993	10.856	190632	231902.406	270811.5	327297.594	45.86	65.026	7.529
2015/06/17	15.65	17.20	15.46	17.20	191185.00	312071136	10065	17.148	17.122	15.524	14.077	13.094	10.931	191185	225400.406	262110.297	323906.563	47.683	59.245	24.558
2015/06/18	17.10	18.19	16.68	17.74	266906.00	467776192	12426	17.202	17.145	15.801	14.314	13.21	11.012	266906	238615.594	247643.594	322581.063	54.207	57.566	47.49
2015/06/19	17.20	17.65	16.40	16.73	169117.00	287065024	7768	16.92	17.045	16.018	14.506	13.314	11.088	169117	215869	226562.703	316287.938	48.626	54.586	36.706
2015/06/23	16.68	16.95	15.09	16.45	151164.00	244131968	7100	16.758	17.014	16.193	14.678	13.41	11.162	151164	193800.797	210977.594	308559	44.474	51.215	30.992
2015/06/24	16.60	18.10	16.45	18.10	294222.00	509120800	12293	17.244	17.185	16.431	14.904	13.516	11.249	294222	214518.797	223210.594	304947.25	56.334	52.921	63.158
2015/06/25	18.50	19.75	17.62	18.20	438131.00	822450816	23849	17.444	17.296	16.677	15.125	13.61	11.335	438131	263908	244654.203	308349.656	59.802	55.215	68.976
2015/06/26	17.28	17.70	16.38	16.38	310494.00	522546048	11878	17.172	17.187	16.827	15.293	13.682	11.406	310494	272625.594	255620.594	295657.313	49.095	53.175	40.936
2015/06/29	17.00	17.32	14.74	15.19	379465.00	609185600	17098	16.864	16.892	16.884	15.435	13.736	11.465	379465	314695.188	265282.094	292438.688	35.724	47.358	12.457
2015/06/30	15.09	15.90	13.67	15.30	375695.00	547174976	15609	16.634	16.696	16.876	15.582	13.791	11.525	375695	359601.406	276701.094	287187.938	32.753	42.49	13.279
2015/07/01	15.03	15.64	13.77	13.77	238075.00	349415008	12537	15.768	16.506	16.75	15.662	13.822	11.565	238075	348372	281445.406	276128.438	22.383	35.788	-4.425
2015/07/02	13.70	14.13	12.39	12.39	220399.00	277358496	8647	14.606	16.025	16.573	15.691	13.824	11.593	220399	304825.594	284366.813	273238.563	14.922	28.832	-12.898
2015/07/03	11.15	11.64	11.15	11.15	252163.00	282860480	6645	13.56	15.366	16.256	15.656	13.805	11.613	252163	293159.406	282892.5	265268.063	9.948	22.538	-15.231
2015/07/06	12.20	12.20	10.04	10.04	284104.00	303832064	11065	12.53	14.697	15.871	15.578	13.751	11.626	284104	274087.188	294391.188	260476.953	6.632	17.236	-14.575
2015/07/07	9.04	9.10	9.04	9.04	43008.00	38880400	1038	11.278	13.956	15.485	15.447	13.686	11.633	43008	207549.797	283575.594	247276.594	4.421	12.964	-12.664
2015/07/08	8.14	8.14	8.14	8.14	6111.00	4974354	306	10.152	12.96	15.073	15.274	13.605	11.632	6111	161157	254764.5	238987.547	2.948	9.625	-10.408
2015/07/09	7.33	8.95	7.33	8.95	567807.00	458353760	14515	9.464	12.035	14.665	15.13	13.547	11.641	567807	230638.594	267732.094	256193.156	7.37	8.874	4.364
2015/07/10	9.20	9.85	8.80	9.85	448240.00	434239040	9514	9.204	11.382	14.285	15.012	13.512	11.658	448240	269854	281506.688	268563.656	14.715	10.821	22.504
2015/07/13	10.00	10.84	9.90	10.84	495580.00	518972800	16449	9.364	10.947	13.92	14.905	13.491	11.682	495580	312149.188	293118.188	279200.156	23.89	15.177	41.315
2015/07/14	10.77	11.55	10.25	10.43	451223.00	487112992	21693	9.642	10.46	13.578	14.737	13.461	11.7	451223	393792.188	300671	288686.063	31.122	20.492	52.383
2015/07/15	10.04	10.20	9.39	9.39	212417.00	205457328	8963	9.892	10.022	13.264	14.507	13.413	11.71	212417	435053.406	298105.188	289775.313	34.848	25.278	53.99
2015/07/16	8.51	9.79	8.45	9.07	266351.00	240414832	11895	9.916	9.69	12.858	14.279	13.356	11.723	266351	374762.188	302700.406	293533.594	35.142	28.566	48.294
2015/07/17	9.07	9.88	9.07	9.72	251549.00	239501040	9933	9.89	9.547	12.457	14.019	13.305	11.74	251549	335424	302639	292765.75	42.306	33.146	60.627
2015/07/20	9.75	10.35	9.59	10.11	314498.00	315151776	12999	9.744	9.554	12.125	13.765	13.265	11.758	314498	299207.594	305678.406	300034.813	50.163	38.818	72.853
2015/07/21	9.95	10.42	9.65	10.21	271172.00	275966848	10994	9.7	9.671	11.814	13.547	13.224	11.773	271172	263197.406	328494.813	306035.188	56.191	44.609	79.354
2015/07/22	10.10	10.81	9.85	10.74	342367.00	354800416	15356	9.97	9.931	11.446	13.359	13.194	11.794	342367	289187.406	362120.406	308442.438	62.084	50.434	85.384
2015/07/23	10.68	11.48	10.50	11.19	379126.00	415974432	16429	10.394	10.155	11.095	13.162	13.18	11.816	379126	311742.406	343252.313	305492.188	70.852	57.24	98.075
2015/07/24	11.25	12.31	11.01	12.31	457008.00	542619520	14413	10.912	10.401	10.892	12.99	13.183	11.847	457008	352834.188	344129.094	312817.906	80.568	65.016	111.672
2015/07/27	12.15	12.87	11.08	11.08	634775.00	775126336	30117	11.106	10.425	10.686	12.755	13.163	11.868	634775	416889.594	358048.594	325583.406	73.546	67.859	84.919
2015/07/28	9.97	11.30	9.97	10.13	428378.00	439415232	20438	11.09	10.395	10.427	12.517	13.126	11.882	428378	448330.813	355764.094	328217.563	61.7	65.806	53.488
2015/07/29	10.41	11.14	9.98	11.14	300148.00	314420960	14434	11.17	10.57	10.296	12.366	13.118	11.904	300148	439887	364537.188	331321.188	59.291	63.635	50.605
2015/07/30	11.26	12.14	10.81	10.97	452438.00	525506560	20360	11.126	10.76	10.225	12.158	13.118	11.925	452438	454549.406	383145.906	342923.156	53.552	60.274	40.108
2015/07/31	10.94	12.07	10.79	12.07	566765.00	662740864	22291	11.078	10.995	10.271	11.969	13.142	11.954	566765	476500.813	414667.5	358653.25	60.753	60.434	61.392
2015/08/03	12.00	12.09	10.86	10.86	408205.00	459503904	16943	11.034	11.07	10.312	11.774	13.14	11.974	408205	431186.813	424038.188	364858.313	51.65	57.506	39.938
2015/08/04	10.70	11.95	10.58	11.95	392598.00	450247168	15586	11.398	11.244	10.458	11.624	13.151	12.005	392598	424030.813	436180.813	382337.813	57.192	57.401	56.774
2015/08/05	12.20	12.35	11.60	11.81	459474.00	553155712	20326	11.532	11.351	10.641	11.414	13.159	12.038	459474	455896	447891.5	405005.938	59.277	58.027	61.779
2015/08/06	11.50	11.64	10.98	11.39	263904.00	299472800	11856	11.616	11.371	10.763	11.187	13.156	12.067	263904	418189.188	436369.313	389810.813	55.84	57.298	52.925
2015/08/07	11.37	11.93	11.37	11.75	243645.00	284610880	11076	11.552	11.315	10.858	11.033	13.163	12.097	243645	353565.188	415033	379581.063	62.157	58.917	68.635
2015/08/10	11.90	12.93	11.90	12.93	371273.00	467670912	16007	11.966	11.5	10.962	10.957	13.196	12.137	371273	346178.813	388682.813	373365.688	74.771	64.202	95.909
2015/08/11	13.20	14.00	13.09	13.44	422968.00	571984000	21584	12.264	11.831	11.113	10.895	13.239	12.181	422968	352252.813	388141.813	371952.938	77.723	68.709	95.75
2015/08/12	13.70	14.60	13.25	13.71	301463.00	422796640	19975	12.644	12.088	11.329	10.893	13.278	12.225	301463	320650.594	388273.313	376405.25	77.769	71.729	89.848
2015/08/13	13.30	14.45	13.15	14.30	295181.00	410427424	19800	13.226	12.421	11.59	10.957	13.324	12.274	295181	326906	372547.594	377846.75	82.692	75.383	97.309
2015/08/14	14.31	15.73	14.18	15.73	394547.00	601905408	20486	14.022	12.787	11.891	11.11	13.383	12.333	394547	357086.406	355325.813	384996.656	88.461	79.742	105.898
2015/08/17	15.73	16.79	15.01	16.21	389632.00	615396928	27285	14.678	13.322	12.196	11.315	13.446	12.397	389632	360758.188	353468.5	388753.344	88.98	82.822	101.296
2015/08/18	15.90	15.90	14.59	14.59	353055.00	530471008	21602	14.908	13.586	12.415	11.5	13.474	12.446	353055	346775.594	349514.188	392847.5	80.031	81.891	76.311
2015/08/19	14.30	15.60	13.13	14.81	335173.00	469083616	18619	15.128	13.886	12.618	11.723	13.498	12.497	335173	353517.594	337084.094	392487.813	74.51	79.431	64.669
2015/08/20	15.10	15.29	13.33	13.67	299195.00	434642624	17703	15.002	14.114	12.743	11.88	13.505	12.538	299195	354320.406	340613.188	388491.25	61.739	73.534	38.15
2015/08/21	12.90	14.01	12.30	12.30	281064.00	362688512	16278	14.316	14.169	12.742	11.962	13.487	12.57	281064	331623.813	344355.094	379694.063	41.159	62.742	-2.006
2015/08/24	11.26	11.80	11.07	11.07	72237.00	80865496	4330	13.288	13.983	12.741	11.969	13.437	12.59	72237	268144.813	314451.5	351567.156	27.44	50.975	-19.631
2015/08/25	9.96	9.96	9.96	9.96	46106.00	45921576	1459	12.362	13.635	12.733	11.954	13.345	12.597	46106	206755	276765.313	332453.563	18.293	40.081	-25.282
2015/08/26	9.30	10.50	8.96	8.96	483097.00	458422112	20985	11.192	13.16	12.624	11.939	13.223	12.595	483097	236339.797	294928.688	341601	12.195	30.786	-24.985
2015/08/27	9.22	9.50	8.06	9.15	362792.00	324741216	16197	10.288	12.645	12.533	11.942	13.111	12.587	362792	249059.203	301689.813	337118.688	12.292	24.621	-12.366
2015/08/28	9.40	10.07	9.21	10.07	328979.00	321656608	16541	9.842	12.079	12.433	11.954	12.986	12.584	328979	258642.203	295133	325229.406	16.741	21.994	6.233
2015/08/31	10.14	10.40	9.78	9.82	313867.00	316872192	18390	9.592	11.44	12.381	11.944	12.855	12.574	313867	306968.188	287556.5	320512.5	18.941	20.977	14.87
2015/09/01	10.00	10.23	8.84	8.84	260351.00	244212320	15766	9.368	10.865	12.226	11.898	12.723	12.559	260351	349817.188	278286.094	313900.156	16.224	19.392	9.886
2015/09/02	8.05	9.11	7.96	7.96	264190.00	216822096	14859	9.168	10.18	12.033	11.806	12.582	12.539	264190	306035.813	271187.813	304135.938	10.816	16.533	-0.62
2015/09/07	8.15	8.48	7.86	7.99	192570.00	158270096	11798	8.936	9.612	11.863	11.699	12.431	12.514	192570	271991.406	260525.297	300569.25	8.31	13.792	-2.654
2015/09/08	7.60	8.45	7.60	8.39	157113.00	126440784	9874	8.6	9.221	11.695	11.568	12.279	12.494	157113	237618.203	248130.203	296242.656	14.621	14.068	15.725
2015/09/09	8.42	8.95	8.31	8.77	212398.00	183767392	11447	8.39	8.991	11.487	11.491	12.123	12.471	212398	217324.406	262146.313	288298.906	23.195	17.111	35.365
2015/09/10	8.56	9.10	8.52	8.68	188246.00	166183632	10836	8.358	8.863	11.249	11.443	11.98	12.449	188246	202903.406	276360.313	276562.813	28.321	20.847	43.267
2015/09/11	8.69	8.85	8.48	8.80	132656.00	115024544	7417	8.526	8.847	11.003	11.365	11.866	12.429	132656	176596.594	241316.203	268122.438	33.166	24.954	49.591
2015/09/14	9.03	9.28	7.92	7.93	243153.00	209240272	13361	8.514	8.725	10.685	11.264	11.711	12.402	243153	186713.203	229352.297	265521.063	26.039	25.316	27.487
2015/09/15	7.65	7.93	7.14	7.14	209365.00	156465680	9044	8.264	8.432	10.255	11.099	11.534	12.372	209365	197163.594	217390.906	256261.953	17.36	22.664	6.752
2015/09/16	7.14	7.85	6.95	7.83	295413.00	215600000	11753	8.076	8.233	9.837	10.998	11.386	12.35	295413	213766.594	215545.5	251551	24.162	23.163	26.161
2015/09/17	7.65	8.22	7.52	7.55	251417.00	197515520	12235	7.85	8.104	9.484	10.852	11.238	12.324	251417	226400.797	214652.094	246469.094	24.692	23.673	26.73
2015/09/18	7.60	7.80	7.50	7.64	134120.00	102408192	6106	7.618	8.072	9.126	10.713	11.063	12.29	134120	226693.594	201645.094	236416.453	26.333	24.559	29.879
2015/09/21	7.64	8.02	7.34	7.96	159987.00	125074616	7420	7.624	8.069	8.84	10.598	10.893	12.251	159987	210060.406	198386.797	229456.047	32.004	27.041	41.931
2015/09/22	7.96	8.46	7.88	8.23	265805.00	218853072	11404	7.842	8.053	8.637	10.481	10.757	12.219	265805	221348.406	209256	228693.094	39.648	31.243	56.457
2015/09/23	8.02	8.23	7.80	7.90	158011.00	126767336	8054	7.856	7.966	8.479	10.313	10.635	12.186	158011	193868	203817.297	232981.797	40.023	34.17	51.729
2015/09/24	7.95	8.15	7.94	8.11	114730.00	92359680	5317	7.968	7.909	8.386	10.136	10.516	12.153	114730	166530.594	196465.703	236413	43.277	37.206	55.42
2015/09/25	8.05	8.23	7.55	7.66	144094.00	113630400	6368	7.972	7.795	8.321	9.934	10.414	12.118	144094	168525.406	197609.5	219462.844	44.525	39.645	54.283
2015/09/28	7.70	7.75	7.38	7.73	95223.00	72409880	4299	7.926	7.775	8.25	9.715	10.336	12.08	95223	155572.594	182816.5	206084.406	46.902	42.064	56.577
2015/09/29	7.58	7.60	7.41	7.45	79054.00	59437544	3264	7.77	7.806	8.119	9.439	10.274	12.04	79054	118222.398	169785.406	193588.156	34.542	39.557	24.512
2015/09/30	7.48	7.82	7.40	7.67	151731.00	115622688	5754	7.724	7.79	8.012	9.154	10.235	11.993	151731	116966.398	155417.203	185481.344	32.849	37.321	23.906
2015/10/08	7.98	8.09	7.80	7.90	204520.00	162360336	6688	7.682	7.825	7.964	8.931	10.216	11.951	204520	134924.406	150727.5	182689.797	38.566	37.736	40.227
2015/10/09	7.90	8.21	7.84	8.05	192796.00	154853760	7171	7.76	7.866	7.969	8.706	10.214	11.91	192796	144664.797	156595.094	179120.094	46.39	40.62	57.928
2015/10/12	8.10	8.75	8.05	8.60	293570.00	246165184	10980	7.934	7.93	8	8.537	10.208	11.878	293570	184334.203	169953.406	184170.094	60.61	47.284	87.263
2015/10/13	8.56	8.83	8.41	8.69	211552.00	182688960	9129	8.182	7.976	8.014	8.417	10.189	11.851	211552	210833.797	164528.094	186892.047	70.522	55.03	101.506
2015/10/14	8.59	8.71	8.30	8.38	200135.00	170025936	8081	8.324	8.024	7.995	8.327	10.148	11.819	200135	220514.594	168740.5	186278.906	70.003	60.021	89.967
2015/10/15	8.25	8.82	8.22	8.75	216215.00	185970944	8708	8.494	8.088	7.998	8.287	10.12	11.791	216215	222853.594	178889	187677.344	78.163	66.068	102.352
2015/10/16	8.81	9.19	8.77	9.10	293813.00	263790752	11458	8.704	8.232	8.014	8.291	10.115	11.764	293813	243057	193860.906	195735.203	83.766	71.967	107.363
2015/10/19	9.13	9.39	8.86	9.09	273190.00	249797152	10550	8.802	8.368	8.071	8.289	10.116	11.736	273190	238981	211657.594	197237.047	84.152	76.029	100.399
2015/10/20	9.09	9.16	8.88	9.14	199091.00	180114768	7571	8.892	8.537	8.172	8.258	10.106	11.705	199091	236488.797	223661.297	196723.344	84.194	78.751	95.08
2015/10/21	9.13	9.35	8.23	8.30	279454.00	249387616	10800	8.876	8.6	8.195	8.208	10.076	11.671	279454	252352.594	236433.594	195925.406	66.022	74.508	49.05
2015/10/22	8.35	8.69	8.14	8.66	181532.00	153854368	7200	8.858	8.676	8.25	8.202	10.05	11.637	181532	245416	234134.797	192431.156	59.189	69.401	38.763
2015/10/23	8.67	9.53	8.67	9.53	355196.00	326566816	10881	8.944	8.824	8.345	8.254	10.03	11.612	355196	257692.594	250374.797	203484.953	72.792	70.532	77.314
2015/10/26	9.98	9.98	9.17	9.43	436229.00	420903648	19381	9.012	8.907	8.418	8.302	10	11.59	436229	290300.406	264640.688	217297.047	71.898	70.987	73.719
2015/10/27	9.38	9.45	8.70	9.33	247784.00	224616144	12977	9.05	8.971	8.474	8.333	9.951	11.567	247784	300039	268263.906	216396	69.49	70.488	67.494
2015/10/28	9.18	9.33	8.78	8.93	206420.00	187423856	9742	9.176	9.026	8.525	8.339	9.915	11.539	206420	285432.188	268892.406	218816.453	60.638	67.205	47.505
2015/10/29	8.99	9.73	8.95	9.36	311153.00	290798144	13579	9.316	9.087	8.587	8.361	9.902	11.514	311153	311356.406	278386.188	228637.594	62.527	65.645	56.29
2015/10/30	9.40	9.59	9.09	9.30	214475.00	200028704	9483	9.27	9.107	8.67	8.378	9.872	11.495	214475	283212.188	270452.406	232156.656	62.699	64.663	58.771
2015/11/02	8.99	9.40	8.88	9.02	148569.00	135808336	7005	9.188	9.1	8.734	8.414	9.839	11.478	148569	225680.203	257990.297	234823.953	57.741	62.356	48.512
2015/11/03	9.05	9.15	8.86	8.90	127630.00	114865840	5286	9.102	9.076	8.807	8.473	9.786	11.464	127630	201649.406	250844.203	237252.75	52.262	58.991	38.804
2015/11/04	8.98	9.36	8.98	9.35	191084.00	175954160	8163	9.186	9.181	8.891	8.524	9.761	11.45	191084	198582.203	242007.203	239220.406	52.144	56.709	43.015
2015/11/05	9.35	9.75	9.29	9.58	312028.00	296563072	11940	9.23	9.273	8.974	8.591	9.722	11.436	312028	198757.203	255056.797	244595.797	57.68	57.033	58.974
2015/11/06	9.49	9.84	9.39	9.72	273607.00	263926096	10453	9.314	9.292	9.058	8.661	9.687	11.423	273607	210583.594	246897.906	248636.344	68.278	60.781	83.271
2015/11/09	9.65	10.29	9.51	10.01	332617.00	328977216	14614	9.512	9.35	9.128	8.729	9.664	11.41	332617	247393.203	236536.703	250588.703	72.671	64.744	88.524
2015/11/10	9.87	10.10	9.73	9.94	248417.00	246443056	10520	9.72	9.411	9.191	8.786	9.634	11.398	248417	271550.594	236600	252431.953	73.622	67.703	85.459
2015/11/11	9.95	10.58	9.90	10.29	271178.00	278835552	11790	9.908	9.547	9.286	8.866	9.59	11.393	271178	287569.406	243075.797	255984.094	76.795	70.734	88.916
2015/11/12	10.35	10.43	9.88	10.07	234617.00	236550768	10500	10.006	9.618	9.352	8.931	9.533	11.386	234617	272087.188	235422.203	256904.203	74.646	72.038	79.862
2015/11/13	9.92	10.08	9.50	9.70	212218.00	207262656	8225	10.002	9.658	9.382	8.999	9.467	11.372	212218	259809.406	235196.5	252824.453	66.043	70.04	58.05
2015/11/16	9.48	9.91	9.42	9.90	114926.00	112020272	5472	9.98	9.746	9.423	9.071	9.393	11.359	114926	216271.203	231832.203	244911.25	63.195	67.758	54.07
2015/11/17	10.10	10.19	9.85	9.93	192017.00	192689200	7618	9.978	9.849	9.462	9.154	9.297	11.34	192017	204991.203	238270.906	244557.547	58.668	64.728	46.547
2015/11/18	9.97	10.92	9.89	10.92	253768.00	273011488	7563	10.104	10.006	9.594	9.262	9.208	11.327	253768	201509.203	244539.297	243273.25	72.445	67.3	82.735
2015/11/19	11.52	12.01	11.19	12.01	811367.00	946433536	21338	10.492	10.249	9.761	9.399	9.165	11.32	811367	316859.188	294473.188	274765	81.63	72.077	100.736
2015/11/20	12.65	13.21	12.31	13.21	498381.00	634044416	16149	11.194	10.598	9.945	9.571	9.139	11.318	498381	374091.813	316950.594	281924.25	87.753	77.302	108.655
2015/11/23	13.68	13.68	12.10	12.30	779286.00	998243840	39555	11.674	10.827	10.089	9.695	9.116	11.31	779286	506963.813	361617.5	299077.094	81.037	78.547	86.018
2015/11/24	12.40	12.86	12.12	12.63	469995.00	587384768	22590	12.214	11.096	10.253	9.826	9.121	11.304	469995	562559.375	383775.313	310187.656	79.142	78.746	79.936
2015/11/25	12.42	12.87	12.05	12.70	540246.00	671568896	24117	12.57	11.337	10.442	9.97	9.149	11.293	540246	619855	410682.094	326878.938	78.427	78.639	78.001
2015/11/26	12.58	13.31	12.36	12.95	507907.00	648370560	23535	12.758	11.625	10.622	10.11	9.198	11.272	507907	559163	438011.094	336716.656	79.906	79.062	81.594
2015/11/27	12.80	12.80	11.66	11.66	300170.00	368865120	15820	12.448	11.821	10.74	10.195	9.243	11.233	300170	519520.813	446806.313	341001.406	69.023	75.715	55.639
2015/11/30	11.55	12.47	10.94	12.33	318828.00	373637056	15519	12.454	12.064	10.905	10.303	9.296	11.203	318828	427429.188	467196.5	349514.344	67.476	72.969	56.489
2015/12/01	12.09	13.56	11.79	12.88	733951.00	954513792	27573	12.504	12.359	11.104	10.428	9.343	11.165	733951	480220.406	521389.906	379830.406	68.585	71.507	62.739
2015/12/02	12.40	13.18	11.76	12.40	554454.00	694425024	25467	12.444	12.507	11.257	10.565	9.386	11.12	554454	483062	551458.5	397998.906	63.485	68.833	52.788
2015/12/03	12.50	13.30	12.01	12.74	392518.00	498047904	22147	12.402	12.58	11.415	10.701	9.451	11.087	392518	459984.188	509573.594	402023.406	64.221	67.296	58.071
2015/12/04	12.49	14.01	12.30	14.01	719999.00	964066368	30818	12.872	12.66	11.629	10.85	9.552	11.067	719999	543950	531735.375	424343	76.147	70.246	87.949
2015/12/07	13.55	14.18	13.34	13.97	526137.00	720151360	31051	13.2	12.827	11.827	11.001	9.652	11.041	526137	585411.813	506420.5	434019	81.938	74.143	97.526
2015/12/08	13.75	14.47	12.89	13.11	425618.00	580045440	32671	13.246	12.875	11.986	11.127	9.73	11.005	425618	523745.188	501982.813	442879.063	75.116	74.468	76.413
2015/12/09	13.00	13.78	12.80	13.34	328006.00	438300064	22860	13.434	12.939	12.138	11.274	9.807	10.965	328006	478455.594	480758.813	445720.438	72.74	73.892	70.437
2015/12/10	13.13	13.27	12.55	12.64	325187.00	418696256	23143	13.414	12.908	12.267	11.384	9.873	10.926	325187	464989.406	462486.813	450248.938	64.546	70.777	52.086
2015/12/11	12.50	12.76	12.06	12.14	208285.00	255564576	14301	13.04	12.956	12.389	11.478	9.928	10.897	208285	362646.594	453298.313	450052.313	47.705	63.086	16.943
2015/12/14	12.06	12.45	11.90	12.39	204766.00	249571184	13138	12.724	12.962	12.513	11.591	10.002	10.857	204766	298372.406	441892.094	454544.313	39.552	55.242	8.174
2015/12/15	12.42	12.87	12.41	12.48	209497.00	264658752	13467	12.598	12.922	12.641	11.71	10.092	10.813	209497	255148.203	389446.688	455418.313	33.891	48.125	5.424
2015/12/16	12.49	12.58	12.20	12.33	191058.00	236541696	11158	12.396	12.915	12.711	11.809	10.167	10.776	191058	227758.594	353107.094	452282.813	28.171	41.474	1.566
2015/12/17	12.35	13.15	12.21	12.93	337746.00	432528864	19334	12.454	12.934	12.757	11.921	10.256	10.747	337746	230270.406	347629.906	428601.75	32.14	38.362	19.695
2015/12/18	12.73	13.30	12.60	12.72	303001.00	391883264	17803	12.57	12.805	12.733	12.021	10.341	10.702	303001	249213.594	305930.094	418832.75	32.062	36.262	23.662
2015/12/21	12.50	13.09	12.41	12.91	259039.00	332249888	14757	12.674	12.699	12.763	12.118	10.423	10.658	259039	260068.203	279220.313	392820.406	39.283	37.269	43.31
2015/12/22	13.00	13.39	12.75	13.24	308692.00	404686464	18238	12.826	12.712	12.793	12.228	10.507	10.632	308692	279907.188	267527.688	384755.25	56.166	43.568	81.362
2015/12/23	13.24	13.28	12.79	12.88	284956.00	371726432	14326	12.936	12.666	12.802	12.314	10.59	10.613	284956	298686.813	263222.688	371990.75	59.368	48.835	80.434
2015/12/24	12.69	12.84	12.03	12.28	207130.00	255177920	13518	12.806	12.63	12.769	12.388	10.659	10.587	207130	272563.594	251417	356951.906	48.08	48.583	47.073
2015/12/25	12.37	12.46	12.10	12.31	120595.00	148095488	7517	12.724	12.647	12.802	12.475	10.737	10.575	120595	236082.406	242648	347973.156	38.916	45.361	26.026
2015/12/28	12.33	12.48	11.73	11.73	148907.00	180440752	9856	12.488	12.581	12.771	12.536	10.804	10.57	148907	214056	237062.094	339477.094	25.944	38.888	0.055
2015/12/29	11.68	12.05	11.63	11.91	103170.00	122032752	6358	12.222	12.524	12.723	12.602	10.878	10.576	103170	172951.594	226429.406	307938.063	22.599	33.459	0.88
2015/12/30	12.00	12.15	11.85	11.94	76623.00	92077952	5066	12.034	12.485	12.7	12.636	10.949	10.592	76623	131285	214985.906	284046.5	20.937	29.285	4.242
2015/12/31	12.03	12.18	11.91	12.03	87277.00	105291696	5295	11.984	12.395	12.665	12.636	11.018	10.617	87277	107314.398	189939	268784.438	21.534	26.701	11.199
2016/01/04	12.04	12.09	10.83	10.83	98036.00	111373344	6324	11.688	12.206	12.505	12.557	11.064	10.639	98036	102802.602	169442.5	237686.297	14.356	22.586	-2.104
2016/01/05	10.00	10.89	9.75	10.36	171710.00	176092496	10344	11.414	11.951	12.325	12.492	11.094	10.651	171710	107363.203	160709.594	219964.953	15.331	20.168	5.657
2016/01/06	10.48	10.92	10.33	10.84	125057.00	131591360	6856	11.2	11.711	12.212	12.433	11.129	10.659	125057	111740.602	142346.094	204936.906	21.979	20.771	24.394
2016/01/07	10.51	10.56	9.76	9.76	24851.00	25116040	1424	10.764	11.399	12.033	12.335	11.152	10.65	24851	101386.203	116335.602	189779.156	14.775	18.772	6.779
2016/01/08	10.05	10.30	8.92	10.00	113875.00	112451320	6530	10.358	11.171	11.901	12.236	11.173	10.647	113875	106705.797	107010.102	179213.547	19.962	19.169	21.548
2016/01/11	10.00	10.00	9.00	9.00	188899.00	175748960	6625	9.992	10.84	11.743	12.148	11.172	10.643	188899	124878.398	113840.5	178244.25	14.126	17.488	7.402
2016/01/12	9.10	9.70	8.45	9.31	174464.00	155534688	6849	9.782	10.598	11.59	12.047	11.175	10.645	174464	125429.203	116396.203	176729.156	17.103	17.36	16.589
2016/01/13	9.09	9.39	8.50	8.91	106369.00	96112360	4814	9.396	10.298	11.411	11.915	11.171	10.639	106369	121691.602	116716.102	171572.75	15.513	16.744	13.05
2016/01/14	8.49	9.17	8.21	9.10	134186.00	116975424	5999	9.264	10.014	11.25	11.805	11.185	10.63	134186	143558.594	122472.398	168729.156	17.988	17.159	19.646
2016/01/15	8.90	9.05	8.29	8.50	98552.00	85382576	5146	8.964	9.661	11.028	11.663	11.182	10.616	98552	140494	123599.898	156769.453	15.559	16.625	13.426
2016/01/18	8.20	8.76	8.10	8.59	128626.00	109373680	4877	8.882	9.437	10.821	11.483	11.166	10.598	128626	128439.398	126658.898	148050.703	16.165	16.472	15.55
2016/01/19	8.60	9.02	8.58	9.02	185916.00	164098608	7537	8.824	9.303	10.627	11.318	11.16	10.58	185916	130729.797	128079.5	144394.547	23.243	18.729	32.27
2016/01/20	8.86	9.07	8.57	8.85	136005.00	120113088	7177	8.812	9.104	10.408	11.176	11.151	10.551	136005	136657	129174.297	135760.203	26.859	21.439	37.699
2016/01/21	8.68	8.87	8.21	8.30	129168.00	111339064	5736	8.652	8.958	10.179	11.008	11.141	10.528	129168	135653.406	139606	127970.797	21.415	21.431	21.382
2016/01/22	8.38	8.48	7.92	8.34	113930.00	93859184	5229	8.62	8.792	9.981	10.864	11.124	10.513	113930	138729	139611.5	123310.797	22.142	21.668	23.089
2016/01/25	8.37	8.43	8.25	8.40	80572.00	67359192	3771	8.582	8.732	9.786	10.74	11.109	10.49	80572	129118.203	128778.797	121309.648	25.645	22.994	30.949
2016/01/26	8.30	8.34	7.56	7.56	134238.00	106124352	6437	8.29	8.557	9.578	10.579	11.085	10.462	134238	118782.602	124756.203	120576.203	17.097	21.028	9.235
2016/01/27	7.52	7.72	6.80	7.25	219410.00	155481040	7362	7.97	8.391	9.344	10.404	11.057	10.422	219410	135463.594	136060.297	126388.203	18.006	20.021	13.976
2016/01/28	7.14	7.40	6.72	7.13	151502.00	107862400	6321	7.736	8.194	9.104	10.231	11.02	10.391	151502	139930.406	137791.906	130132.148	17.82	19.287	14.885
2016/01/29	6.97	7.52	6.90	7.45	153482.00	111677952	5732	7.558	8.089	8.875	10.048	10.985	10.353	153482	147840.797	143284.906	133442.406	22.234	20.269	26.164
2016/02/01	7.40	7.48	7.00	7.22	121341.00	88295576	4399	7.322	7.952	8.694	9.865	10.943	10.315	121341	155994.594	142556.406	134607.656	21.915	20.818	24.109
2016/02/02	7.21	7.78	7.21	7.71	150692.00	114067112	7058	7.352	7.821	8.562	9.692	10.905	10.284	150692	159285.406	139034	133556.75	29.959	23.865	42.147
2016/02/03	7.80	8.48	7.75	8.18	347378.00	283610400	14831	7.538	7.754	8.429	9.523	10.875	10.254	347378	184879	160171.297	144672.797	47.624	31.785	79.303
2016/02/04	7.97	8.35	7.97	8.35	244460.00	199752704	12152	7.782	7.759	8.359	9.372	10.843	10.216	244460	203470.594	171700.5	155653.25	62.621	42.063	103.735
2016/02/05	8.28	8.35	7.96	8.09	147049.00	119465224	8226	7.91	7.734	8.263	9.232	10.81	10.172	147049	202184	175012.406	157311.953	67.694	50.607	101.868
2016/02/15	7.70	7.96	7.60	7.86	170551.00	133330552	5743	8.038	7.68	8.206	9.084	10.779	10.123	170551	212026	184010.297	156394.547	66.72	55.978	88.205
2016/02/16	7.90	8.33	7.90	8.31	185429.00	151850000	6965	8.158	7.755	8.156	8.97	10.753	10.073	185429	218973.406	189129.406	156942.797	74.594	62.183	99.415
2016/02/17	8.39	8.58	8.28	8.55	213435.00	180136464	9315	8.232	7.885	8.138	8.858	10.73	10.013	213435	192184.797	188531.906	162296.094	82.467	68.945	109.513
2016/02/18	8.73	9.37	8.60	8.90	294769.00	265045632	13152	8.342	8.062	8.128	8.757	10.696	9.952	294769	202246.594	202858.594	170325.25	81.701	73.197	98.71
2016/02/19	8.95	8.95	8.55	8.72	208989.00	182542800	9124	8.468	8.189	8.139	8.646	10.641	9.903	208989	214634.594	208409.297	175847.094	77.77	74.721	83.867
2016/02/22	9.01	9.27	8.92	8.99	252343.00	229513216	10581	8.694	8.366	8.159	8.585	10.571	9.855	252343	230993	221509.5	182032.953	78.024	75.822	82.427
2016/02/23	8.91	9.08	8.65	8.89	132636.00	117389592	6656	8.81	8.484	8.153	8.536	10.514	9.815	132636	220434.406	219703.906	179368.953	76.31	75.985	76.96
2016/02/24	8.87	9.16	8.81	9.03	154752.00	138968976	8378	8.906	8.569	8.161	8.476	10.454	9.788	154752	208697.797	200441.297	180306.297	77.803	76.591	80.228
2016/02/25	9.03	9.10	8.13	8.13	166315.00	140897888	8152	8.752	8.547	8.153	8.421	10.378	9.763	166315	183007	192626.797	182163.656	61.85	71.677	42.196
2016/02/26	8.15	8.28	7.80	8.12	122253.00	99003584	5434	8.632	8.55	8.142	8.359	10.297	9.748	122253	165659.797	190147.203	182579.797	48.027	63.794	16.494
2016/02/29	8.02	8.36	7.48	7.75	149123.00	116224240	7130	8.384	8.539	8.109	8.317	10.232	9.738	149123	145015.797	188004.406	186007.344	36.78	54.789	0.762
2016/03/01	7.86	8.53	7.75	8.53	437459.00	368010880	14514	8.312	8.561	8.158	8.291	10.169	9.733	437459	205980.406	213207.406	201168.406	43.039	50.872	27.371
2016/03/02	8.50	9.38	8.33	9.38	618755.00	555602816	23720	8.382	8.644	8.264	8.307	10.111	9.727	618755	298781	253739.406	221135.656	62.026	54.59	76.897
2016/03/03	9.49	10.19	9.40	9.60	601840.00	590676736	28909	8.676	8.714	8.388	8.323	10.064	9.725	601840	385886	284446.5	243652.547	67.427	58.869	84.542
2016/03/04	9.60	9.88	9.00	9.28	396071.00	374857536	19623	8.908	8.77	8.479	8.349	10.006	9.729	396071	440649.594	303154.688	255782	67.091	61.61	78.054
2016/03/07	9.36	9.66	9.18	9.37	312337.00	293938368	13269	9.232	8.808	8.587	8.375	9.929	9.741	312337	473292.406	309154.094	265331.813	67.975	63.732	76.461
2016/03/08	9.35	9.35	8.59	9.14	301376.00	267917472	13387	9.354	8.833	8.658	8.379	9.849	9.75	301376	446075.813	326028.094	272866	65.735	64.399	68.406
2016/03/09	8.80	9.10	8.67	8.86	157409.00	139549712	8178	9.25	8.816	8.693	8.38	9.778	9.754	157409	353806.594	326293.813	263367.563	60.797	63.199	55.995
2016/03/10	8.92	9.03	8.45	8.51	180872.00	158732784	9290	9.032	8.854	8.701	8.387	9.697	9.752	180872	269613	327749.5	260188.156	53.201	59.866	39.87
2016/03/11	8.35	8.45	8.01	8.41	134471.00	111774640	6869	8.858	8.883	8.717	8.389	9.627	9.75	134471	217293	328971.313	259559.25	44.484	54.738	23.974
2016/03/14	8.50	8.92	8.48	8.67	227502.00	198294320	8949	8.718	8.975	8.757	8.398	9.569	9.748	227502	200326	336809.188	262406.813	39.747	49.741	19.759
2016/03/15	8.58	8.68	8.37	8.50	137428.00	116948056	6366	8.59	8.972	8.767	8.429	9.504	9.753	137428	167536.406	306806.094	260006.75	33.991	44.491	12.99
2016/03/16	8.54	8.63	8.31	8.34	85505.00	72250400	5021	8.486	8.868	8.756	8.466	9.435	9.763	85505	153155.594	253481.094	253610.25	28.543	39.175	7.278
2016/03/17	8.43	8.67	8.37	8.62	158909.00	136054368	7512	8.508	8.77	8.742	8.515	9.373	9.77	158909	148763	209188	246817.25	31.352	36.567	20.921
2016/03/18	8.69	9.17	8.67	9.01	271180.00	243014448	13710	8.628	8.743	8.757	8.567	9.308	9.782	271180	176104.797	196698.906	249926.797	45.777	39.637	58.056
2016/03/21	9.18	9.47	9.00	9.35	269623.00	248747760	13098	8.764	8.741	8.774	8.638	9.252	9.796	269623	184529	192427.5	250790.797	61.111	46.795	89.744
2016/03/22	9.29	9.29	9.02	9.10	188317.00	172253536	10029	8.884	8.737	8.785	8.685	9.188	9.806	188317	194706.797	181121.594	253574.844	65.627	53.072	90.736
2016/03/23	9.04	9.24	9.04	9.21	157650.00	144441904	6806	9.058	8.772	8.794	8.719	9.121	9.814	157650	209135.797	181145.703	253719.75	71.148	59.098	95.25
2016/03/24	9.12	9.21	8.93	8.93	189032.00	171414768	8720	9.12	8.814	8.834	8.738	9.055	9.823	189032	215160.406	181961.703	254855.594	65.248	61.148	73.449
2016/03/25	8.95	9.82	8.95	9.39	377151.00	356207840	20156	9.196	8.912	8.898	8.782	9.007	9.833	377151	236354.594	206229.703	267600.5	67.34	63.212	75.596
2016/03/28	9.29	9.47	9.04	9.09	225845.00	209110064	11833	9.144	8.954	8.965	8.823	8.953	9.845	225845	227599	206064	271436.594	62.112	62.845	60.645
2016/03/29	9.05	9.15	8.80	9.05	152050.00	136113856	7512	9.134	9.009	8.991	8.847	8.909	9.856	152050	220345.594	207526.203	257166.156	57.04	60.91	49.3
2016/03/30	9.15	9.32	9.05	9.29	185080.00	169871088	8345	9.15	9.104	8.986	8.872	8.865	9.871	185080	225831.594	217483.703	235482.406	55.998	59.273	49.448
2016/03/31	9.29	9.35	9.16	9.18	149472.00	138178464	7157	9.2	9.16	8.965	8.881	8.819	9.884	149472	217919.594	216540	212864	49.75	56.099	37.053
2016/04/01	9.15	9.23	8.96	9.13	106491.00	96713568	5215	9.148	9.172	8.958	8.895	8.771	9.894	106491	163787.594	200071.094	198385	43.951	52.049	27.754
2016/04/05	9.11	9.35	9.07	9.35	191905.00	177914464	7225	9.2	9.172	8.957	8.907	8.746	9.905	191905	156999.594	192299.297	192363.406	47.275	50.458	40.908
2016/04/06	9.29	9.41	9.21	9.28	137943.00	127936152	6301	9.246	9.19	8.964	8.92	8.728	9.911	137943	154178.203	187261.906	184191.75	47.203	49.373	42.862
2016/04/07	9.32	9.37	9.16	9.21	159057.00	147491216	6187	9.23	9.19	8.981	8.926	8.701	9.915	159057	148973.594	187402.594	184274.156	44.867	47.871	38.86
2016/04/08	9.23	9.45	9.09	9.16	203037.00	188458704	8378	9.226	9.213	9.014	8.96	8.691	9.922	203037	159686.594	188803.094	185382.406	47.822	47.855	47.756
2016/04/11	9.20	9.36	9.20	9.33	145472.00	135129712	5761	9.266	9.207	9.059	9.001	8.68	9.926	145472	167482.797	165635.203	185932.453	59.061	51.59	74.002
2016/04/12	9.32	9.32	9.01	9.11	127642.00	116581128	6141	9.218	9.209	9.082	9.046	8.682	9.927	127642	154630.203	155814.906	180939.453	49.578	50.919	46.895
2016/04/13	9.05	9.40	9.03	9.28	259182.00	239346032	8808	9.218	9.232	9.121	9.071	8.681	9.928	259182	178878	166528.094	187027.156	54.821	52.22	60.022
2016/04/14	9.27	9.35	9.21	9.30	149739.00	138794480	5403	9.236	9.233	9.168	9.068	8.688	9.929	149739	177014.406	162994	190238.844	59.676	54.705	69.619
2016/04/15	9.29	9.58	9.21	9.44	233263.00	219130592	9534	9.292	9.259	9.21	9.063	8.693	9.939	233263	183059.594	171373.094	193956.547	64.93	58.114	78.564
2016/04/18	9.34	9.35	9.06	9.10	171527.00	156919648	7758	9.246	9.256	9.214	9.057	8.703	9.943	171527	188270.594	177876.703	188973.906	48.55	54.926	35.799
2016/04/19	9.17	9.25	9.03	9.19	113625.00	104182160	5356	9.262	9.24	9.206	9.051	8.713	9.94	113625	185467.203	170048.703	181174	42.893	50.915	26.849
2016/04/20	9.19	9.23	8.27	8.46	258523.00	222789696	10933	9.098	9.158	9.174	9.028	8.704	9.932	258523	185335.406	182106.703	184684.297	33.43	45.087	10.117
2016/04/21	8.40	8.58	8.33	8.34	97019.00	81929824	4948	8.906	9.071	9.13	9.011	8.695	9.923	97019	174791.406	175902.906	181652.75	24.068	38.08	-3.957
2016/04/22	8.26	8.45	8.20	8.41	59125.00	49357000	3130	8.7	8.996	9.104	9.008	8.697	9.919	59125	139963.797	161511.703	175157.406	21.118	32.426	-1.499
2016/04/25	8.35	8.40	8.09	8.29	60427.00	49859864	3262	8.538	8.892	9.049	9.004	8.696	9.91	60427	117743.797	153007.203	159321.203	18.553	27.802	0.055
2016/04/26	8.30	8.38	8.23	8.36	54650.00	45453160	2844	8.372	8.817	9.013	8.993	8.696	9.902	54650	105948.797	145708	150761.453	18.409	24.671	5.885
2016/04/27	8.39	8.58	8.35	8.39	64220.00	54237320	3550	8.358	8.728	8.98	8.99	8.71	9.897	64220	67088.203	126211.797	146369.953	18.984	22.775	11.402
2016/04/28	8.45	8.46	8.10	8.32	63361.00	52376948	3219	8.354	8.63	8.931	8.989	8.727	9.892	63361	60356.602	117574	140284	18.741	21.43	13.361
2016/04/29	8.28	8.44	8.25	8.37	50882.00	42558596	2643	8.346	8.523	8.891	8.981	8.748	9.884	50882	58708	99335.898	135354.5	20.54	21.133	19.352
2016/05/03	8.33	8.55	8.21	8.52	108221.00	91382520	5290	8.392	8.465	8.861	8.964	8.766	9.875	108221	68266.797	93005.297	135441	26.266	22.844	33.11
2016/05/04	8.45	8.53	8.42	8.51	73604.00	62430208	3384	8.422	8.397	8.818	8.936	8.787	9.865	73604	72057.602	89003.203	129525.953	46.082	30.59	77.066
2016/05/05	8.50	8.56	8.40	8.51	74500.00	63257804	3166	8.446	8.402	8.78	8.917	8.801	9.853	74500	74113.602	70600.898	126353.797	59.293	40.158	97.563
2016/05/06	8.51	8.55	8.10	8.15	163896.00	135780928	7157	8.412	8.383	8.727	8.881	8.8	9.838	163896	94220.602	77288.602	126595.75	43.61	41.309	48.213
2016/05/09	8.08	8.08	7.57	7.66	159017.00	122750120	6039	8.27	8.308	8.652	8.839	8.789	9.816	159017	115847.602	87277.797	124394.75	32.044	38.22	19.691
2016/05/10	7.61	7.67	7.49	7.57	61817.00	46878416	3172	8.08	8.236	8.564	8.778	8.78	9.795	61817	106566.797	87416.797	120212	23.809	33.417	4.594
2016/05/11	7.62	7.66	7.50	7.50	46922.00	35592940	2997	7.878	8.15	8.483	8.725	8.774	9.777	46922	101230.398	86644	116176	16.184	27.672	-6.792
2016/05/12	7.41	7.49	7.14	7.42	71624.00	52358856	3009	7.66	8.053	8.391	8.671	8.759	9.756	71624	100655.203	87384.398	106798.102	17.362	24.236	3.615
2016/05/13	7.42	7.53	7.25	7.30	69415.00	51152940	3417	7.49	7.951	8.29	8.605	8.738	9.734	69415	81759	87989.797	102781.898	15.331	21.267	3.457
2016/05/16	7.26	7.58	7.22	7.51	52660.00	38964640	3070	7.46	7.865	8.194	8.549	8.715	9.706	52660	60487.602	88167.602	93751.75	18.906	20.48	15.757
2016/05/17	7.50	7.64	7.39	7.53	62358.00	46765524	2945	7.452	7.766	8.116	8.496	8.695	9.668	62358	60595.801	83581.297	88293.297	21.759	20.906	23.464
2016/05/18	7.43	7.49	7.12	7.19	64773.00	47096584	3172	7.39	7.634	8.016	8.424	8.665	9.618	64773	64166	82698.203	85850.703	16.138	19.317	9.779
2016/05/19	7.24	7.37	7.20	7.22	40115.00	29192208	1944	7.35	7.505	7.953	8.355	8.637	9.576	40115	57864.199	79259.703	74930.297	14.231	17.621	7.449
2016/05/20	7.18	7.38	7.13	7.33	41420.00	30111480	2041	7.356	7.423	7.903	8.292	8.609	9.532	41420	52265.199	67012.102	72150.352	22.214	19.152	28.338
2016/05/23	7.31	7.43	7.31	7.38	42478.00	31327302	2046	7.33	7.395	7.852	8.233	8.597	9.487	42478	50228.801	55358.199	71318	30.859	23.055	46.468
2016/05/24	7.38	7.38	7.21	7.28	39093.00	28479156	1783	7.28	7.366	7.801	8.165	8.583	9.44	39093	45575.801	53085.801	70251.297	30.829	25.646	41.195
2016/05/25	7.36	7.40	7.23	7.24	56132.00	41111928	2177	7.29	7.34	7.745	8.102	8.574	9.403	56132	43847.602	54006.801	70325.398	28.245	26.512	31.71
2016/05/26	7.27	7.31	7.00	7.26	50701.00	36251856	2348	7.298	7.324	7.688	8.035	8.553	9.361	50701	45964.801	51914.5	69649.453	32.372	28.466	40.184
2016/05/27	7.21	7.44	7.20	7.36	64370.00	47089424	3105	7.304	7.33	7.641	7.97	8.519	9.315	64370	50554.801	51410	69699.898	40.331	32.421	56.152
2016/05/30	7.27	7.35	7.16	7.21	43437.00	31523164	2547	7.27	7.3	7.582	7.896	8.479	9.272	43437	50746.602	50487.699	69327.648	41.173	35.338	52.843
2016/05/31	7.27	7.52	7.23	7.51	91501.00	68062384	4072	7.316	7.298	7.532	7.843	8.45	9.228	91501	61228.199	53402	68491.648	60.141	43.606	93.212
2016/06/01	7.50	7.72	7.48	7.67	130438.00	99334032	4933	7.402	7.346	7.49	7.792	8.422	9.175	130438	76089.398	59968.5	71333.352	71.113	52.775	107.788
2016/06/02	7.62	8.20	7.60	8.16	200936.00	158324992	7975	7.582	7.44	7.472	7.782	8.405	9.127	200936	106136.398	76050.602	77655.148	79.631	61.727	115.438
2016/06/03	8.08	8.14	7.85	7.90	140684.00	111852720	7601	7.69	7.497	7.46	7.768	8.389	9.083	140684	121399.203	85977	76494.547	78.087	67.18	99.901
2016/06/06	7.92	8.01	7.86	7.88	83904.00	66416476	4109	7.824	7.547	7.471	7.75	8.379	9.038	83904	129492.602	90119.602	72738.898	76.503	70.288	88.932
2016/06/07	7.88	7.90	7.74	7.79	84380.00	65859068	3557	7.88	7.598	7.482	7.733	8.368	8.998	84380	128068.398	94648.297	73867.047	72.946	71.174	76.491
2016/06/08	7.80	7.88	7.71	7.83	50630.00	39383840	2641	7.912	7.657	7.498	7.716	8.354	8.962	50630	112106.797	94098.102	74052.453	70.105	70.818	68.68
2016/06/13	7.70	7.76	7.36	7.36	70086.00	53505024	3307	7.752	7.667	7.496	7.681	8.335	8.92	70086	85936.797	96036.602	73975.547	53.147	64.927	29.586
2016/06/14	7.33	7.41	7.27	7.33	58332.00	42830680	2550	7.638	7.664	7.497	7.648	8.319	8.877	58332	69466.398	95432.797	73421.398	38.868	56.241	4.122
2016/06/15	7.25	7.66	7.24	7.56	87082.00	65520312	3160	7.574	7.699	7.5	7.621	8.301	8.837	87082	70102	99797.297	75142.5	37.023	49.835	11.399
2016/06/16	7.57	7.57	7.45	7.45	50189.00	37647000	2639	7.506	7.693	7.496	7.586	8.275	8.791	50189	63263.801	95666.102	74534.047	31.974	43.881	8.159
2016/06/17	7.48	7.71	7.46	7.58	91472.00	69691304	4806	7.456	7.684	7.515	7.555	8.245	8.749	91472	71432.203	91769.5	75869	33.908	40.557	20.611
2016/06/20	7.63	7.77	7.48	7.69	67271.00	51283024	2380	7.522	7.637	7.538	7.527	8.222	8.705	67271	70869.203	78403	77226.797	42.086	41.067	44.125
2016/06/21	7.67	7.88	7.52	7.61	80892.00	62630144	3506	7.578	7.608	7.553	7.509	8.195	8.658	80892	75381.203	72423.797	79200.398	46.744	42.959	54.314
2016/06/22	7.55	7.75	7.55	7.71	51079.00	39230672	2021	7.608	7.591	7.569	7.511	8.175	8.615	51079	68180.602	69141.297	79630.453	55.642	47.187	72.552
2016/06/23	7.72	7.76	7.60	7.65	51932.00	39927316	1954	7.648	7.577	7.588	7.514	8.146	8.576	51932	68529.203	65896.5	80272.398	58.449	50.941	73.465
2016/06/24	8.00	8.42	7.82	8.42	619419.00	517704320	17721	7.816	7.636	7.647	7.544	8.135	8.544	619419	174118.594	122775.398	108436.75	72.299	58.06	100.777
2016/06/27	8.07	8.40	7.99	8.34	386725.00	319482496	14290	7.946	7.734	7.701	7.575	8.123	8.516	386725	238009.406	154439.297	125237.953	79.273	65.131	107.556
2016/06/28	8.30	8.33	8.11	8.28	234905.00	193114400	10473	8.08	7.829	7.747	7.608	8.106	8.486	234905	268812	172096.594	133764.703	81.371	70.544	103.024
2016/06/29	8.25	8.58	8.23	8.34	228989.00	191839792	9208	8.206	7.907	7.803	7.635	8.092	8.456	228989	304394	186287.297	143042.297	80.438	73.842	93.629
2016/06/30	8.31	8.54	8.18	8.25	191046.00	159497824	7180	8.326	7.987	7.84	7.659	8.078	8.424	191046	332216.813	200373	148019.547	76.959	74.881	81.114
2016/07/01	8.26	8.35	8.14	8.17	142936.00	117560384	4893	8.276	8.046	7.865	7.692	8.058	8.402	142936	236920.203	205519.406	148644.453	71.746	73.836	67.566
2016/07/04	8.03	8.42	8.03	8.34	178425.00	148227264	6484	8.276	8.111	7.874	7.729	8.042	8.385	178425	195260.203	216634.797	147518.906	73.397	73.69	72.812
2016/07/05	8.35	8.73	8.32	8.69	265615.00	225931120	9809	8.358	8.219	7.913	7.775	8.033	8.367	265615	201402.203	235107.094	153765.453	81.085	76.155	90.945
2016/07/06	8.88	9.07	8.52	8.56	377388.00	332459328	15518	8.402	8.304	7.948	7.814	8.024	8.357	377388	231082	267738	168439.656	73.79	75.366	70.637
2016/10/21	9.42	9.42	9.42	9.42	11707.00	11027692	474	8.636	8.481	8.029	7.885	8.025	8.352	11707	195214.203	263715.5	164806	82.527	77.753	92.073
2016/10/24	10.36	10.36	10.01	10.36	380859.00	389855200	12110	9.074	8.675	8.156	7.989	8.046	8.364	380859	242798.797	239859.5	181317.453	88.351	81.286	102.482
2016/10/25	10.70	11.25	10.58	10.86	725868.00	789071488	36914	9.578	8.927	8.33	8.109	8.072	8.377	725868	352287.406	273773.813	214106.547	88.197	83.589	97.411
2016/10/26	10.70	11.39	10.60	10.70	534716.00	585117056	27233	9.98	9.169	8.499	8.221	8.095	8.392	534716	406107.594	303754.906	237925.75	85.286	84.155	87.548
2016/10/27	10.68	10.68	10.25	10.42	361098.00	376537600	16509	10.352	9.377	8.642	8.328	8.112	8.403	361098	402849.594	316965.813	251626.547	80.568	82.959	75.785
2016/10/28	10.48	10.85	10.32	10.36	366663.00	387062016	15985	10.54	9.588	8.788	8.423	8.133	8.418	366663	473840.813	334527.5	267450.25	76.827	80.915	68.65
2016/10/31	10.40	10.66	10.33	10.48	198925.00	208316448	9796	10.564	9.819	8.932	8.516	8.154	8.434	198925	437454	340126.406	272822.906	74.671	78.834	66.345
2016/11/01	10.48	10.86	10.41	10.80	327383.00	350372608	13705	10.552	10.065	9.088	8.604	8.193	8.449	327383	357757	355022.188	285828.5	76.261	77.976	72.832
2016/11/02	10.60	11.19	10.51	10.75	370395.00	399185696	16309	10.562	10.271	9.245	8.699	8.233	8.464	370395	324892.813	365500.188	300303.656	73.345	76.432	67.17
2016/11/03	10.71	11.83	10.71	11.40	695195.00	798485504	29176	10.758	10.555	9.429	8.817	8.283	8.49	695195	391712.188	397280.906	332509.438	74.355	75.74	71.584
2016/11/04	11.31	11.48	10.88	10.96	435614.00	485221632	17330	10.878	10.709	9.595	8.922	8.328	8.512	435614	405502.406	439671.594	351693.563	64.549	72.009	49.627
2016/11/07	10.89	11.05	10.60	10.66	242667.00	262278480	9758	10.914	10.739	9.707	9.017	8.366	8.531	242667	414250.813	425852.406	332855.938	51.682	65.234	24.579
2016/11/08	10.72	10.85	10.49	10.51	213228.00	226313584	8653	10.856	10.704	9.816	9.122	8.401	8.556	213228	391419.813	374588.406	324181.094	39.94	56.802	6.215
2016/11/09	10.59	10.79	10.42	10.70	247888.00	263421520	9936	10.846	10.704	9.936	9.234	8.441	8.584	247888	366918.406	345905.594	324830.25	35.015	49.54	5.966
2016/11/10	10.75	10.94	10.63	10.79	223725.00	241696608	8978	10.724	10.741	10.059	9.342	8.481	8.615	223725	272624.406	332168.313	324567.063	33.566	44.215	12.267
2016/11/11	10.78	10.87	10.50	10.51	204098.00	217285552	8759	10.634	10.756	10.172	9.444	8.515	8.64	204098	226321.203	315911.813	325219.656	24.725	37.718	-1.263
2016/11/14	10.53	10.98	10.44	10.95	211176.00	226169008	9628	10.692	10.803	10.311	9.556	8.555	8.671	211176	220023	317136.906	328631.656	29.013	34.816	17.405
2016/11/15	10.98	11.14	10.82	11.02	219618.00	241287824	9063	10.794	10.825	10.445	9.667	8.597	8.699	219618	221301	306360.406	330691.313	33.526	34.386	31.806
2016/11/16	11.00	11.05	10.76	10.84	131110.00	142344832	5163	10.822	10.834	10.552	9.775	8.642	8.721	131110	197945.406	282431.906	323966.063	35.558	34.777	37.121
2016/11/17	10.90	11.40	10.79	11.20	281908.00	315627680	12187	10.904	10.814	10.684	9.891	8.701	8.745	281908	209582	241103.203	319192.063	50.236	39.93	70.848
2016/11/18	11.16	11.17	10.98	11.04	131169.00	144966128	5973	11.01	10.822	10.766	10.004	8.759	8.769	131169	194996.203	210658.703	325165.156	54.579	44.813	74.111
2016/11/21	10.93	11.03	10.68	10.72	151879.00	164433792	6392	10.964	10.828	10.783	10.081	8.813	8.793	151879	183136.797	201579.906	313716.156	46.59	45.405	48.96
2016/11/22	10.94	10.95	10.71	10.79	109920.00	119173424	4838	10.918	10.856	10.78	10.162	8.869	8.814	109920	161197.203	191249.094	282918.75	43.213	44.675	40.29
2016/11/23	10.80	11.02	10.68	10.79	149343.00	161792560	5858	10.908	10.865	10.785	10.246	8.927	8.833	149343	164843.797	181394.594	263650.094	40.961	43.437	36.01
2016/11/24	10.76	10.76	10.50	10.55	135552.00	143999424	5209	10.778	10.841	10.791	10.32	8.977	8.846	135552	135572.594	172577.297	252372.797	31.127	39.334	14.714
2016/11/25	10.51	10.64	10.42	10.59	82527.00	86974048	3841	10.688	10.849	10.802	10.398	9.028	8.862	82527	125844.203	160420.203	238166	26.534	35.067	9.467
2016/11/28	10.62	10.79	10.55	10.68	87945.00	94040672	3534	10.68	10.822	10.813	10.481	9.087	8.876	87945	113057.398	148097.094	232617	26.533	32.222	15.154
2016/11/29	10.78	11.08	10.60	10.65	148134.00	160361616	7100	10.652	10.785	10.805	10.558	9.144	8.891	148134	120700.203	140948.703	223654.547	25.512	29.985	16.564
2016/11/30	10.52	10.57	10.15	10.21	187062.00	192741280	8211	10.536	10.722	10.778	10.609	9.192	8.901	187062	128244	146543.906	214487.906	18.969	26.313	4.279
2016/12/01	10.20	10.38	10.15	10.23	79281.00	81314360	3902	10.472	10.625	10.719	10.665	9.239	8.918	79281	116989.797	126281.203	183692.203	15.513	22.713	1.113
2016/12/02	10.19	10.39	10.15	10.21	65909.00	67689488	3362	10.396	10.542	10.682	10.691	9.288	8.935	65909	113666.203	119755.203	165206.953	12.493	19.306	-1.135
2016/12/05	10.20	10.36	10.06	10.18	64121.00	65548568	3187	10.296	10.488	10.658	10.685	9.337	8.956	64121	108901.398	110979.398	156279.656	12.25	16.954	2.842
2016/12/06	10.31	10.39	10.13	10.19	62903.00	64322372	2781	10.204	10.428	10.642	10.663	9.386	8.969	62903	91855.203	106277.703	148763.406	12.415	15.441	6.363
2016/12/07	10.16	10.43	10.00	10.41	101185.00	104057368	5320	10.244	10.39	10.627	10.653	9.437	8.978	101185	74679.797	101461.898	141428.25	20.931	17.271	28.251
2016/12/08	10.38	10.79	10.30	10.57	142059.00	149831504	6507	10.312	10.392	10.616	10.658	9.493	8.986	142059	87235.398	102112.602	137344.953	31.547	22.03	50.581
2016/12/09	10.60	10.80	10.52	10.60	120140.00	128212928	4927	10.39	10.393	10.621	10.666	9.544	8.997	120140	98081.602	105873.898	133147.047	39.55	27.87	62.91
2016/12/12	10.58	10.59	9.86	9.99	117991.00	121101536	6077	10.352	10.324	10.573	10.65	9.583	9.002	117991	108855.602	108878.5	128487.797	30.976	28.905	35.119
2016/12/13	9.90	10.18	9.86	10.10	64482.00	64708760	3475	10.334	10.269	10.527	10.626	9.615	9.01	64482	109171.398	100513.297	120731	29.162	28.991	29.503
2016/12/14	10.06	10.25	9.97	10.14	60896.00	61597404	3442	10.28	10.262	10.492	10.606	9.653	9.021	60896	101113.602	87896.703	117220.297	29.37	29.117	29.876
2016/12/15	10.05	10.29	10.05	10.25	59921.00	61162180	2943	10.216	10.264	10.444	10.568	9.692	9.035	59921	84686	85960.703	106120.953	33.41	30.548	39.134
2016/12/16	10.25	10.70	10.19	10.55	118496.00	124462176	5610	10.206	10.298	10.42	10.554	9.738	9.053	118496	84357.203	91219.398	105487.297	46.741	35.946	68.332
2016/12/19	10.48	10.68	10.41	10.60	89474.00	94524432	4177	10.328	10.34	10.414	10.552	9.784	9.069	89474	78653.797	93754.703	102367.047	57.402	43.098	86.01
2016/12/20	10.60	10.75	10.45	10.60	100997.00	107216768	4822	10.428	10.381	10.405	10.555	9.838	9.087	100997	85956.797	97564.102	101920.898	64.509	50.235	93.058
2016/12/21	10.74	11.00	10.65	10.80	150822.00	163238944	6784	10.56	10.42	10.405	10.558	9.896	9.107	150822	103942	102527.797	101994.852	70.492	56.987	97.5
2016/12/22	10.71	11.28	10.69	11.14	194814.00	215363648	9382	10.738	10.477	10.434	10.57	9.956	9.128	194814	130920.602	107803.297	104957.953	77.041	63.672	103.78
2016/12/23	10.98	11.06	10.70	10.73	150018.00	163176256	6555	10.774	10.49	10.441	10.577	10.01	9.143	150018	137225	110791.102	108332.5	71.783	66.376	82.599
2016/12/26	10.69	10.89	10.56	10.87	77306.00	83003256	3779	10.828	10.578	10.451	10.575	10.065	9.155	77306	134791.406	106722.602	107800.547	70.756	67.836	76.597
2016/12/27	10.88	11.38	10.86	11.28	183771.00	205437888	7949	10.964	10.696	10.483	10.583	10.125	9.174	183771	151346.203	118651.5	109582.398	77.998	71.223	91.547
2016/12/28	11.29	11.38	11.07	11.15	104112.00	116413712	4582	11.034	10.797	10.53	10.594	10.184	9.19	104112	142004.203	122973.102	105434.898	78.889	73.779	89.111
2016/12/29	11.13	12.27	11.11	12.27	361127.00	432160000	15647	11.26	10.999	10.632	10.629	10.26	9.218	361127	175266.797	153093.703	119527.203	85.926	77.828	102.123
2016/12/30	12.47	12.59	12.02	12.26	341948.00	420083712	16819	11.566	11.17	10.734	10.67	10.337	9.241	341948	213652.797	175438.906	133329.156	85.477	80.378	95.677
2017/01/03	12.23	12.38	12.10	12.37	217554.00	266750656	10429	11.866	11.347	10.844	10.725	10.403	9.269	217554	241702.406	188246.906	141000.797	86.706	82.487	95.143
2017/01/04	12.30	12.40	12.11	12.24	198987.00	243059552	9326	12.058	11.511	10.946	10.773	10.468	9.295	198987	244745.594	198045.906	147805	85.39	83.455	89.261
2017/01/05	12.25	12.44	12.04	12.08	188195.00	230119120	8339	12.244	11.639	11.03	10.816	10.531	9.319	188195	261562.203	201783.203	152155.5	81.886	82.932	79.794
2017/01/06	12.00	12.00	11.74	11.88	151963.00	180107472	7258	12.166	11.713	11.095	10.861	10.59	9.341	151963	219729.406	197498.094	152650.703	76.265	80.71	67.377
2017/01/09	11.74	11.96	11.67	11.78	130750.00	154243680	6612	12.07	11.818	11.154	10.9	10.649	9.363	130750	177489.797	195571.297	153181.203	68.57	76.663	52.384
2017/01/10	11.75	12.29	11.75	11.78	185912.00	223758304	10151	11.952	11.909	11.243	10.937	10.709	9.384	185912	171161.406	206431.906	156577.25	61.283	71.536	40.777
2017/01/11	11.74	11.74	11.41	11.44	127288.00	146975392	5968	11.792	11.925	11.311	10.963	10.761	9.401	127288	156821.594	200783.594	159717.547	48.288	63.787	17.29
2017/01/12	11.47	11.64	11.09	11.16	118116.00	133454464	5790	11.608	11.926	11.361	10.995	10.802	9.418	118116	142805.797	202184	162578.547	33.748	53.774	-6.305
2017/01/13	11.16	11.28	10.92	10.98	102409.00	113302472	4328	11.428	11.797	11.398	11.02	10.842	9.433	102409	132895	176312.203	164702.953	23.814	43.787	-16.132
2017/01/16	10.91	11.11	9.93	10.23	158549.00	166758048	6197	11.118	11.594	11.382	11.021	10.856	9.44	158549	138454.797	157972.297	166705.594	19.86	35.812	-12.043
2017/01/17	10.27	10.49	10.17	10.45	105910.00	109696200	4632	10.852	11.402	11.375	11.03	10.857	9.452	105910	122454.398	146807.906	167527.406	20.146	30.59	-0.742
2017/01/18	10.45	10.61	10.36	10.40	55832.00	58499684	2623	10.644	11.218	11.365	11.037	10.85	9.461	55832	108163.203	132492.406	165269.156	20.069	27.083	6.041
2017/01/19	10.49	10.66	10.40	10.50	59512.00	62619960	2936	10.512	11.06	11.349	11.04	10.846	9.471	59512	96442.398	119624.102	160703.656	21.43	25.199	13.893
2017/01/20	10.56	10.74	10.41	10.63	60037.00	63771028	2842	10.442	10.935	11.324	11.042	10.85	9.481	60037	87968	110431.5	153964.797	24.174	24.857	22.807
2017/01/23	10.74	10.80	10.62	10.71	55777.00	59718608	2702	10.538	10.828	11.323	11.045	10.856	9.494	55777	67413.602	102934.203	149252.75	30.48	26.731	37.979
2017/01/24	10.65	10.86	10.48	10.70	70278.00	74840664	3208	10.588	10.72	11.314	11.069	10.859	9.507	70278	60287.199	91370.797	148901.344	35.33	29.598	46.795
2017/01/25	10.78	10.80	10.65	10.73	39157.00	42035904	2208	10.654	10.649	11.287	11.09	10.858	9.526	39157	56952.199	82557.703	141670.656	43.306	34.167	61.585
2017/01/26	10.78	11.04	10.71	10.99	51802.00	56669600	2562	10.752	10.632	11.279	11.118	10.862	9.548	51802	55410.199	75926.297	139055.156	58.814	42.383	91.677
2017/02/03	11.00	11.18	10.95	11.15	73003.00	80889520	2936	10.856	10.649	11.223	11.148	10.858	9.571	73003	58003.398	72985.703	124648.953	71.553	52.106	110.446
2017/02/06	11.10	11.24	11.01	11.19	59398.00	66120456	2349	10.952	10.745	11.169	11.17	10.862	9.595	59398	58727.602	63070.602	110521.453	79.141	61.118	115.188
2017/02/07	11.20	11.25	10.99	11.05	59540.00	66150572	2613	11.022	10.805	11.103	11.185	10.868	9.617	59540	56580	58433.602	102620.75	78.251	66.829	101.095
2017/02/08	11.07	11.27	10.94	11.19	72230.00	80474216	2888	11.114	10.884	11.051	11.204	10.88	9.641	72230	63194.602	60073.398	96282.898	82.4	72.019	103.161
2017/02/09	11.22	11.28	11.14	11.22	44376.00	49667088	2032	11.16	10.956	11.008	11.218	10.888	9.665	44376	61709.398	58559.801	89091.953	85.767	76.602	104.096
2017/02/10	11.26	11.63	11.23	11.39	92621.00	106226192	4241	11.208	11.032	10.983	11.227	10.898	9.69	92621	65633	61818.199	86124.852	83.555	78.919	92.825
2017/02/13	11.33	11.66	11.26	11.45	84686.00	97411168	3297	11.26	11.106	10.967	11.251	10.914	9.714	84686	70690.602	64709.102	83821.648	82.106	79.981	86.354
2017/02/14	11.49	12.02	11.41	11.84	135012.00	158715872	6289	11.418	11.22	10.97	11.283	10.929	9.742	135012	85785	71182.5	81276.648	83.49	81.151	88.169
2017/02/15	11.76	12.10	11.60	11.60	140887.00	167172608	5513	11.5	11.307	10.978	11.294	10.939	9.768	140887	99516.398	81355.5	81956.602	74.626	78.976	65.925
2017/02/16	11.59	12.69	11.51	12.18	212913.00	260033584	9972	11.692	11.426	11.029	11.328	10.961	9.801	212913	133223.797	97466.602	86696.453	73.37	77.107	65.894
2017/02/17	12.17	12.28	11.67	11.68	170019.00	202416768	7667	11.75	11.479	11.064	11.308	10.969	9.835	170019	148703.406	107168.203	90076.953	63.008	72.408	44.21
2017/02/20	11.66	11.74	11.48	11.64	76580.00	88899976	5285	11.788	11.524	11.134	11.288	10.979	9.869	76580	147082.203	108886.398	85978.5	55.339	66.718	32.581
2017/02/21	11.58	12.05	11.58	11.76	98248.00	116620904	5254	11.772	11.595	11.2	11.267	10.996	9.904	98248	139729.406	112757.203	85595.398	50.226	61.221	28.236
2017/02/22	11.71	11.96	11.66	11.84	99548.00	117490928	3778	11.82	11.66	11.272	11.254	11.014	9.941	99548	131461.594	115489	87781.203	47.411	56.617	28.998
2017/02/23	11.86	11.86	11.45	11.56	99642.00	115602064	4554	11.696	11.694	11.325	11.237	11.026	9.977	99642	108807.398	121015.602	89787.703	38.6	50.612	14.577
2017/02/24	11.61	11.69	11.45	11.65	61171.00	70969456	2994	11.69	11.72	11.376	11.229	11.045	10.011	61171	87037.797	117870.602	89844.398	31.984	44.402	7.146
2017/02/27	11.61	11.70	11.44	11.46	57994.00	66868408	3624	11.654	11.721	11.413	11.218	11.059	10.044	57994	83320.602	115201.398	89955.25	21.856	36.887	-8.206
2017/02/28	11.45	11.54	11.41	11.51	44647.00	51213832	2188	11.604	11.688	11.454	11.209	11.073	10.08	44647	72600.398	106164.898	88673.703	17.175	30.316	-9.108
2017/03/01	11.52	11.99	11.44	11.78	93390.00	109657832	4519	11.592	11.706	11.507	11.221	11.092	10.118	93390	71368.797	101415.203	91385.352	25.626	28.753	19.373
2017/03/02	11.77	12.00	11.71	11.85	92853.00	110443904	4399	11.65	11.673	11.55	11.244	11.119	10.156	92853	70011	89409.203	93437.898	40.001	32.502	54.998
2017/03/03	11.80	11.88	11.65	11.78	60328.00	70849080	2700	11.676	11.683	11.581	11.27	11.145	10.192	60328	69842.398	78440.102	92804.148	45.938	36.981	63.852
2017/03/06	11.78	12.05	11.71	12.04	84716.00	101331640	4042	11.792	11.723	11.623	11.331	11.176	10.232	84716	75186.797	79253.703	94070.047	63.438	45.8	98.714
2017/03/07	12.06	12.15	11.86	12.13	86269.00	103665624	3700	11.916	11.76	11.677	11.387	11.208	10.273	86269	83511.203	78055.797	95406.5	74.724	55.441	113.29
2017/03/08	12.15	12.22	12.02	12.13	79811.00	96780648	3094	11.986	11.789	11.724	11.444	11.241	10.313	79811	80795.398	76082.102	95785.547	79.446	63.443	111.452
2017/03/09	12.09	12.12	11.70	11.79	108783.00	128329832	4834	11.974	11.812	11.753	11.487	11.264	10.35	108783	83981.398	76996.203	99005.898	68.602	65.162	75.48
2017/03/10	11.78	12.15	11.73	11.96	89755.00	107230008	3426	12.01	11.843	11.781	11.532	11.287	10.39	89755	89866.797	79854.602	98862.602	68.368	66.231	72.643
2017/03/13	12.03	12.24	11.87	12.04	83028.00	100228152	3683	12.01	11.901	11.811	11.576	11.311	10.427	83028	89529.203	82358	98779.703	70.579	67.68	76.376
2017/03/14	12.09	12.20	11.94	12.00	91242.00	110017920	3515	11.984	11.95	11.819	11.619	11.344	10.464	91242	90523.797	87017.5	96591.203	66.827	67.396	65.688
2017/03/15	11.95	12.05	11.81	11.88	69386.00	82474616	2936	11.934	11.96	11.833	11.658	11.374	10.495	69386	88438.797	84617.102	93016.148	57.545	64.112	44.412
2017/03/16	11.90	12.16	11.90	12.16	85227.00	102556160	3549	12.008	11.991	11.832	11.697	11.408	10.53	85227	83727.602	83854.5	86631.852	66.759	64.994	70.287
2017/03/17	12.14	12.21	11.95	11.95	82327.00	99576528	3490	12.006	12.008	11.845	11.723	11.436	10.564	82327	82242	86054.398	82247.25	59.938	63.309	53.196
2017/03/20	11.95	12.13	11.78	11.95	64641.00	77154120	3011	11.988	11.999	11.861	11.749	11.459	10.599	64641	78564.602	84046.898	81650.297	55.391	60.67	44.833
2017/03/21	11.92	12.85	11.88	12.41	184556.00	229076224	9264	12.07	12.027	11.894	11.794	11.489	10.637	184556	97227.398	93875.602	85965.703	57.507	59.615	53.29
2017/03/22	12.36	12.65	12.28	12.55	126836.00	158658512	6578	12.204	12.069	11.929	11.839	11.522	10.68	126836	108717.398	98578.102	87330.102	62.743	60.658	66.912
2017/03/23	12.62	12.68	12.24	12.49	109631.00	136741200	5083	12.27	12.139	11.976	11.882	11.55	10.723	109631	113598.203	98662.898	87829.547	63.947	61.754	68.332
2017/03/24	12.49	12.78	12.43	12.62	122150.00	154335808	5365	12.404	12.205	12.024	11.923	11.575	10.765	122150	121562.797	101902.398	90878.5	68.799	64.103	78.193
2017/03/27	12.61	12.80	12.54	12.55	102914.00	130508504	4791	12.524	12.256	12.078	11.959	11.605	10.808	102914	129217.398	103891	93124.5	69.854	66.02	77.522
2017/03/28	12.57	12.68	12.37	12.65	87916.00	110033088	3459	12.572	12.321	12.135	11.986	11.635	10.85	87916	109889.398	103558.398	95287.953	73.672	68.57	83.875
2017/03/29	12.66	12.80	12.57	12.63	75786.00	96269464	3393	12.588	12.396	12.178	12.021	11.657	10.891	75786	99679.398	104198.398	94407.75	75.594	70.912	84.96
2017/03/30	12.57	12.60	12.08	12.23	113562.00	139952912	4943	12.536	12.403	12.197	12.022	11.675	10.93	113562	100465.602	107031.898	95443.203	64.415	68.746	55.753
2017/03/31	12.20	12.39	11.88	12.16	80528.00	97960752	3542	12.444	12.424	12.216	12.038	11.673	10.967	80528	92141.203	106852	96453.203	52.565	63.353	30.991
2017/04/05	11.99	12.56	11.99	12.55	85868.00	105826192	3337	12.444	12.484	12.241	12.069	11.678	11.008	85868	88732	108974.703	96510.797	59.319	62.008	53.941
2017/04/06	12.49	12.61	12.39	12.51	76287.00	95444552	2913	12.416	12.494	12.26	12.094	11.681	11.042	76287	86406.203	98147.797	96011.703	62.372	62.129	62.857
2017/04/07	12.58	12.72	12.46	12.55	59130.00	74335176	2479	12.4	12.494	12.281	12.117	11.686	11.077	59130	83075	91377.203	94977.648	65.857	63.372	70.827
2017/04/10	12.55	12.55	12.26	12.37	56090.00	69314464	2622	12.428	12.482	12.311	12.144	11.691	11.111	56090	71580.602	86023.102	92343	61.658	62.801	59.373
2017/04/11	12.33	12.58	12.09	12.47	88850.00	109350728	3804	12.49	12.467	12.336	12.172	11.7	11.145	88850	73245	82693.102	92297.75	62.482	62.694	62.058
2017/04/12	12.55	13.18	12.41	12.75	204747.00	262437856	8779	12.53	12.487	12.372	12.215	11.717	11.183	204747	97020.797	92876.398	98383.703	63.962	63.117	65.653
2017/04/13	12.56	12.71	12.40	12.54	101492.00	127492096	4746	12.536	12.476	12.399	12.249	11.729	11.219	101492	102061.797	94234	98896.203	59.565	61.933	54.828
2017/04/14	12.43	12.43	12.09	12.23	107798.00	131660552	4475	12.472	12.436	12.416	12.264	11.742	11.252	107798	111795.398	97435.203	100816.797	48.684	57.517	31.019
2017/04/17	12.18	12.27	11.83	11.96	90299.00	108292152	3377	12.39	12.409	12.406	12.268	11.756	11.279	90299	118637.203	95108.898	101070.398	35.666	50.233	6.532
2017/04/18	12.02	12.13	11.79	11.92	48363.00	57664596	2556	12.28	12.385	12.405	12.272	11.771	11.307	48363	110539.797	91892.398	99372.203	26.895	42.454	-4.223
2017/04/19	11.91	11.91	11.20	11.28	100615.00	114794944	4328	11.986	12.258	12.371	12.247	11.789	11.322	100615	89713.398	93367.102	101170.898	19.277	34.728	-11.626
2017/04/20	11.26	11.38	11.00	11.24	70970.00	79566384	2934	11.726	12.131	12.313	12.217	11.802	11.33	70970	83609	92835.398	95491.602	16.521	28.659	-7.755
2017/04/21	11.26	11.40	11.10	11.15	45589.00	51172408	2126	11.51	11.991	12.243	12.185	11.814	11.332	45589	71167.203	91481.297	91429.25	13.307	23.542	-7.161
2017/04/24	11.02	11.10	10.04	10.08	92811.00	97656648	4018	11.134	11.762	12.122	12.128	11.807	11.327	92811	71669.602	95153.398	90588.25	9.296	18.793	-9.698
2017/04/25	10.07	10.27	10.00	10.20	88639.00	90007952	3723	10.79	11.535	12.001	12.069	11.8	11.325	88639	79724.797	95132.297	88912.703	8.658	15.415	-4.857
2017/04/26	10.19	10.60	10.12	10.41	57226.00	59377292	2852	10.616	11.301	11.894	12.015	11.795	11.325	57226	71047	80380.203	86628.297	11.396	14.075	6.037
2017/04/27	10.37	10.79	10.09	10.70	65666.00	68404240	3239	10.508	11.117	11.797	11.971	11.795	11.327	65666	69986.203	76797.602	85515.797	17.876	15.342	22.944
2017/04/28	10.70	11.00	10.61	10.91	49996.00	53850448	2858	10.46	10.985	11.71	11.939	11.798	11.328	49996	70867.602	71017.398	84226.297	26.158	18.948	40.58
2017/05/02	10.99	10.99	10.65	10.75	38719.00	41600904	2266	10.594	10.864	11.637	11.892	11.794	11.328	38719	60049.199	65859.398	80484.148	30.528	22.808	45.969
2017/05/03	10.85	10.85	10.56	10.66	38111.00	40532564	1841	10.686	10.738	11.561	11.849	11.786	11.322	38111	49943.602	64834.199	78363.297	36.066	27.227	53.744
2017/05/04	10.61	10.68	10.45	10.52	46397.00	48925260	2154	10.708	10.662	11.46	11.801	11.775	11.318	46397	47777.801	59412.398	76389.75	36.425	30.293	48.689
2017/05/05	10.53	10.90	10.38	10.55	50034.00	53130640	2394	10.678	10.593	11.362	11.739	11.767	11.318	50034	44651.398	57318.801	75077.102	40.95	33.846	55.159
