'399006'	创业板指	日线
日期	开盘	最高	最低	收盘	成交量	成交额	MA1	MA2	MA3	MA4	MA5	MA6		MA1	MA2	MA3	DDX	DDX1	DDX2	DDX3		
2015/05/07	2824.82	2879.68	2801.47	2806.05	30603594.00	108524773376	2827.838	2781.312	2650.75	2569.217	2270.986	1924.672	30603594	31769158	33248476	34312028	0	0	0	0		1
2015/05/08	2838.97	2974.37	2838.97	2973.60	38363324.00	134263480320	2850.98	2808.053	2674.605	2588.837	2291.25	1936.828	38363324	32584656	33259948	34217308	0	0	0	0		1
2015/05/11	3015.43	3150.49	2991.33	3146.83	48013492.00	170680975360	2911.296	2849.261	2704.305	2617.338	2314.125	1950.873	48013492	36366464	34418300	34861016	0	0	0	0		1
2015/05/12	3176.54	3254.99	3133.96	3250.30	51249204.00	185001017344	3004.668	2899.541	2737.932	2648.221	2339.448	1965.661	51249204	40599544	36074776	35509052	0	0	0	0		1
2015/05/13	3185.34	3271.18	3123.92	3192.15	46156896.00	171825758208	3073.786	2949.959	2769.596	2678.277	2364.169	1980.238	46156896	42877304	37249464	35993024	0	0	0	0		1
2015/05/14	3174.45	3228.03	3137.28	3141.59	44148588.00	161797931008	3140.894	2984.366	2804.589	2705.157	2387.401	1994.408	44148588	45586300	38677728	36399384	0	0	0	0		1
2015/05/15	3109.11	3176.12	3059.86	3145.34	40803048.00	144247455744	3175.242	3013.111	2837.639	2729.838	2410.276	2008.355	40803048	46074244	39329452	36917008	0	0	0	0		1
2015/05/18	3178.37	3286.41	3178.37	3278.48	42156100.00	155269169152	3201.572	3056.434	2878.364	2756.61	2435.104	2023.327	42156100	44902768	40634616	37362244	0	0	0	0		1
2015/05/19	3310.09	3340.42	3206.78	3322.77	44285352.00	169730539520	3216.066	3110.367	2923.26	2783.697	2460.059	2038.47	44285352	43509996	42054772	37851004	0	0	0	0		1
2015/05/20	3339.17	3471.95	3339.17	3406.28	46165536.00	176706289664	3258.892	3166.339	2965.27	2812.017	2485.219	2054.401	46165536	43511724	43194512	38556416	0	0	0	0		1
2015/05/21	3421.61	3531.84	3421.45	3527.41	44954144.00	178876416000	3336.056	3238.475	3009.894	2846.658	2512.438	2071.256	44954144	43672836	44629568	38939024	0	0	0	0		1
2015/05/22	3594.59	3618.24	3438.57	3516.63	57570184.00	221047881728	3410.314	3292.778	3050.416	2880.663	2539.769	2087.996	57570184	47026264	46550256	39905100	0	0	0	0		1
2015/05/25	3415.67	3499.54	3370.84	3467.92	45619500.00	175439495168	3448.202	3324.887	3087.074	2911.166	2566.228	2104.046	45619500	47718944	46310856	40364580	0	0	0	0		1
2015/05/26	3471.80	3619.49	3471.80	3618.23	45465316.00	180747780096	3507.294	3361.68	3130.611	2945.848	2594.398	2121.246	45465316	47954936	45732468	40903620	0	0	0	0		1
2015/05/27	3638.21	3662.98	3546.58	3628.67	49660296.00	198252412928	3551.772	3405.332	3177.646	2981.508	2621.759	2138.457	49660296	48653888	46082808	41666136	0	0	0	0		1
2015/05/28	3618.34	3677.33	3432.98	3432.98	54111024.00	220540993536	3532.886	3434.471	3209.418	3014.55	2646.28	2153.974	54111024	50485264	47079048	42878388	0	0	0	0		1
2015/05/29	3444.06	3595.17	3328.46	3542.84	49995032.00	212901642240	3538.128	3474.221	3243.666	3049.833	2671.83	2170.562	49995032	48970232	47998248	43663848	0	0	0	0		1
2015/06/01	3580.08	3722.86	3580.08	3718.75	43302740.00	188538273792	3588.294	3518.248	3287.341	3091.659	2700.229	2188.507	43302740	48506880	48112912	44373764	0	0	0	0		1
2015/06/02	3757.10	3912.48	3756.09	3901.54	50081952.00	213001699328	3644.956	3576.125	3343.246	3140.882	2732.731	2207.649	50081952	49430208	48692572	45373672	0	0	0	0		1
2015/06/03	3949.28	4011.04	3838.22	3982.25	49970440.00	220939026432	3715.672	3633.722	3400.031	3188.087	2765.863	2227.319	49970440	49492236	49073064	46133788	0	0	0	0		1
2015/06/04	3991.80	4015.20	3695.83	3943.47	47259472.00	207038840832	3817.77	3675.328	3456.902	3231.705	2797.498	2246.999	47259472	48121928	49303596	46966584	0	0	0	0		1
2015/06/05	3994.44	4037.96	3841.42	3885.83	46810856.00	199116554240	3886.368	3712.248	3502.513	3271.026	2828.332	2266.321	46810856	47485092	48227664	47388960	0	0	0	0		1
2015/06/08	3862.80	3862.80	3643.04	3704.55	44704760.00	180590411776	3883.528	3735.911	3530.399	3303.353	2856.439	2284.654	44704760	47765496	48136188	47223520	0	0	0	0		1
2015/06/09	3664.37	3793.37	3633.72	3705.54	38942848.00	157346873344	3844.328	3744.642	3553.161	3335.288	2883.713	2302.427	38942848	45537676	47483944	46608204	0	0	0	0		1
2015/06/10	3695.06	3876.85	3676.76	3834.70	43364844.00	169019031552	3814.818	3765.245	3585.289	3373.512	2911.914	2321.153	43364844	44216556	46854396	46468600	0	0	0	0		1
2015/06/11	3843.98	3884.37	3815.06	3862.14	44129784.00	167538425856	3798.552	3808.161	3621.316	3408.999	2940.658	2339.807	44129784	43590620	45856272	46467660	0	0	0	0		1
2015/06/12	3889.16	3922.70	3850.59	3899.71	44912716.00	182173466624	3801.328	3843.848	3659.034	3443.727	2969.271	2358.492	44912716	43210992	45348040	46673144	0	0	0	0		1
2015/06/15	3919.36	3919.36	3688.89	3696.03	47406720.00	184816631808	3799.624	3841.576	3679.912	3472.086	2994.474	2375.546	47406720	43751384	45758440	46935676	0	0	0	0		1
2015/06/16	3636.79	3669.82	3475.35	3590.67	43314292.00	169391751168	3776.65	3810.489	3693.307	3498.994	3017.422	2391.767	43314292	44625672	45081672	46887124	0	0	0	0		1
2015/06/17	3586.37	3754.37	3511.11	3741.36	39791392.00	156131278848	3757.982	3786.4	3710.061	3528.82	3041.551	2409.328	39791392	43910980	44063768	46568416	0	0	0	0		1
2015/06/18	3734.91	3752.18	3497.73	3504.55	38221168.00	150724362240	3686.464	3742.508	3708.918	3552.104	3060.66	2425.226	38221168	42729256	43159936	46231768	0	0	0	0		1
2015/06/19	3408.53	3476.03	3304.65	3314.98	36852904.00	136356405248	3569.518	3685.423	3698.835	3563.483	3076.16	2440.201	36852904	41117296	42164144	45195904	0	0	0	0		1
2015/06/23	3314.89	3397.27	3154.60	3393.94	38158328.00	137315172352	3509.1	3654.362	3695.136	3571.72	3094.529	2456.013	38158328	39267616	41509500	44822844	0	0	0	0		1
2015/06/24	3425.57	3459.46	3304.67	3383.40	37628648.00	140110987264	3467.646	3622.148	3683.395	3576.157	3112.189	2471.543	37628648	38130488	41378080	44431012	0	0	0	0		1
2015/06/25	3403.63	3408.23	3172.37	3206.38	36857096.00	133833605120	3360.65	3559.316	3662.281	3576.631	3127.454	2485.517	36857096	37543628	40727304	43790852	0	0	0	0		1
2015/06/26	3078.40	3078.40	2915.94	2920.70	35432056.00	117324251136	3243.88	3465.172	3636.667	3569.268	3137.213	2497.055	35432056	36985808	39857532	42856904	0	0	0	0		1
2015/06/29	2943.50	2950.13	2663.44	2689.76	38531844.00	116379992064	3118.836	3344.177	3594.012	3554.082	3141.96	2506.975	38531844	37321596	39219444	42283744	0	0	0	0		1
2015/06/30	2566.02	2875.09	2485.46	2858.61	54686572.00	161327955968	3011.77	3260.435	3551.005	3540.086	3148.348	2518.629	54686572	40627244	39947432	42852936	0	0	0	0		1
2015/07/01	2842.17	3008.19	2743.61	2759.41	52601144.00	170035347456	2886.972	3177.309	3493.899	3521.308	3152.502	2529.36	52601144	43621744	40876116	42978896	0	0	0	0		1
2015/07/02	2756.25	2825.15	2591.05	2649.32	45280320.00	129754341376	2775.56	3068.105	3427.252	3496.076	3154.046	2539.231	45280320	45306388	41425008	42744388	0	0	0	0		1
2015/07/03	2559.03	2788.76	2458.29	2605.28	47079752.00	128325885952	2712.476	2978.178	3360.343	3465.338	3155.998	2548.11	47079752	47635928	42310868	42735404	0	0	0	0		1
2015/07/06	2795.67	2795.67	2417.56	2493.83	51605868.00	138021306368	2673.29	2896.063	3290.743	3431.245	3155.954	2556.197	51605868	50250732	43786164	42975152	0	0	0	0		1
2015/07/07	2398.10	2415.68	2350.97	2352.01	18897956.00	44729708544	2571.97	2791.87	3223.116	3394.048	3152.607	2562.948	18897956	43093008	41860124	41684812	0	0	0	0		1
2015/07/08	2304.76	2364.08	2304.76	2364.05	44477612.00	92954722304	2492.898	2689.935	3156.042	3352.242	3149.045	2569.704	44477612	41468300	42545024	41961552	0	0	0	0		1
2015/07/09	2338.11	2435.76	2338.11	2435.76	22948808.00	58334175232	2450.186	2612.873	3086.094	3312.478	3146.993	2576.785	22948808	37002000	41154192	40940748	0	0	0	0		1
2015/07/10	2487.39	2535.89	2478.86	2535.89	13426826.00	45642735616	2436.308	2574.392	3019.782	3282.575	3148.562	2584.574	13426826	30271414	38953672	39405600	0	0	0	0		1
2015/07/13	2612.77	2683.07	2592.20	2683.07	25235636.00	85667790848	2474.156	2573.723	2958.95	3253.916	3151.875	2593.699	25235636	24997368	37624048	38421748	0	0	0	0		1
2015/07/14	2725.04	2827.55	2715.98	2726.05	40597844.00	121521889280	2548.964	2560.467	2910.451	3220.826	3156.242	2603.197	40597844	29337346	36215176	38081304	0	0	0	0		1
2015/07/15	2750.66	2750.66	2583.46	2590.03	50649968.00	135461011456	2594.16	2543.529	2860.419	3177.109	3158.995	2611.118	50649968	30571816	36020060	38448088	0	0	0	0		1
2015/07/16	2526.65	2698.16	2439.24	2627.08	52481076.00	131877273600	2632.424	2541.305	2804.705	3131.937	3160.012	2619.426	52481076	36478272	36740136	39082572	0	0	0	0		1
2015/07/17	2651.44	2805.80	2646.50	2783.32	46866248.00	129074298880	2681.91	2559.109	2768.644	3093.265	3162.485	2628.447	46866248	43166156	36718784	39514824	0	0	0	0		1
2015/07/20	2820.72	2907.15	2777.91	2848.30	57264696.00	169239478272	2714.956	2594.556	2745.31	3058.681	3164.854	2637.828	57264696	49571968	37284668	40535416	0	0	0	0		1
2015/07/21	2802.02	2917.41	2779.53	2882.90	48846236.00	148535508992	2746.326	2647.645	2719.758	3031.292	3167.323	2647.318	48846236	51221644	40279496	41069812	0	0	0	0		1
2015/07/22	2882.06	2932.06	2828.45	2897.37	51433160.00	153295716352	2807.794	2700.977	2695.456	3004.353	3169.821	2657.319	51433160	51378284	40975048	41760036	0	0	0	0		1
2015/07/23	2896.25	2969.35	2864.43	2967.95	53211860.00	158102585344	2875.968	2754.196	2683.534	2975.462	3174.487	2667.553	53211860	51524440	44001356	42577776	0	0	0	0		1
2015/07/24	2976.94	3014.18	2879.26	2897.82	58741276.00	185896828928	2898.868	2790.389	2682.391	2943.318	3176.158	2677.171	58741276	53899444	48532800	43743236	0	0	0	0		1
2015/07/27	2822.37	2924.08	2683.05	2683.45	55582924.00	169828073472	2865.898	2790.427	2682.075	2902.776	3173.251	2685.105	55582924	53563092	51567528	44595788	0	0	0	0		1
2015/07/28	2546.41	2705.18	2492.19	2581.96	58035380.00	154735345664	2805.71	2776.018	2668.242	2865.64	3168.863	2692.36	58035380	55400920	53311284	44763228	0	0	0	0		1
2015/07/29	2617.94	2693.99	2483.92	2693.87	52023480.00	144345858048	2765.01	2786.402	2664.966	2835.747	3167.37	2700.804	52023480	55518984	53448632	44734348	0	0	0	0		1
2015/07/30	2671.46	2707.76	2556.09	2561.19	48185188.00	138077487104	2683.658	2779.813	2660.559	2796.408	3162.614	2708.007	48185188	54513648	53019044	44879588	0	0	0	0		1
2015/07/31	2507.27	2605.34	2499.25	2539.84	38567344.00	108512133120	2612.062	2755.465	2657.287	2764.251	3158.177	2714.582	38567344	50478864	52189156	44453968	0	0	0	0		1
2015/08/03	2475.33	2494.80	2371.48	2399.27	39835424.00	104532262912	2555.226	2710.562	2652.559	2733.727	3148.605	2719.927	39835424	47329364	50446228	43865448	0	0	0	0		1
2015/08/04	2396.41	2546.16	2380.28	2546.16	42143744.00	111226224640	2548.066	2676.888	2662.267	2705.468	3138.594	2726.36	42143744	44151036	49775976	45027736	0	0	0	0		1
2015/08/05	2542.27	2584.19	2480.45	2502.04	46817456.00	123946147840	2509.7	2637.355	2669.166	2676.089	3126.123	2732.785	46817456	43109832	49314408	45144728	0	0	0	0		1
2015/08/06	2441.96	2517.99	2430.53	2480.93	33923608.00	87783530496	2493.648	2588.653	2671.425	2651.907	3114.269	2739.219	33923608	40257516	47385584	45693468	0	0	0	0		1
2015/08/07	2509.96	2586.53	2505.27	2576.99	42575832.00	119864483840	2501.078	2556.57	2673.479	2640.45	3104.859	2746.13	42575832	41059212	45769040	47150920	0	0	0	0		1
2015/08/10	2606.74	2726.90	2593.41	2706.72	47852696.00	140830064640	2562.568	2558.897	2674.662	2641.016	3097.549	2753.912	47852696	42662668	44996016	48281772	0	0	0	0		1
2015/08/11	2705.04	2747.83	2675.15	2698.91	48057872.00	145506074624	2593.118	2570.592	2673.305	2635.692	3087.889	2761.497	48057872	43845492	43998264	48654772	0	0	0	0		1
2015/08/12	2658.84	2700.40	2622.19	2622.19	38304000.00	115133800448	2617.148	2563.424	2674.913	2631.118	3076.213	2768.136	38304000	42142800	42626316	48037476	0	0	0	0		1
2015/08/13	2608.74	2684.26	2578.91	2684.26	37616568.00	108745867264	2657.814	2575.731	2677.772	2632.283	3064.179	2774.699	37616568	42881392	41569456	47294248	0	0	0	0		1
2015/08/14	2713.78	2725.47	2664.42	2674.02	40688352.00	118322225152	2677.22	2589.149	2672.307	2634.574	3049.956	2781.197	40688352	42503896	41781556	46985356	0	0	0	0		1
2015/08/17	2665.37	2676.72	2613.78	2666.29	36547440.00	103165435904	2669.134	2615.851	2663.207	2640.323	3035.784	2787.776	36547440	40242848	41452756	45949492	0	0	0	0		1
2015/08/18	2674.42	2720.58	2488.61	2504.17	49129700.00	137144016896	2630.186	2611.652	2644.27	2645.395	3019.721	2792.975	49129700	40457212	42151352	45963664	0	0	0	0		1
2015/08/19	2427.94	2584.36	2359.17	2570.69	43737324.00	115189719040	2619.886	2618.517	2627.936	2652.283	3002.262	2798.33	43737324	41543876	41843340	45578872	0	0	0	0		1
2015/08/20	2556.77	2610.90	2508.35	2508.82	39721276.00	109633445888	2584.798	2621.306	2604.979	2654.718	2983.598	2802.678	39721276	41964820	42423104	44904344	0	0	0	0		1
2015/08/21	2452.61	2480.68	2340.92	2341.95	35141460.00	90647912448	2518.384	2597.802	2577.186	2648.254	2965.414	2805.847	35141460	40855440	41679668	43724352	0	0	0	0		1
2015/08/24	2222.54	2246.55	2152.61	2152.61	23049576.00	53003300864	2415.648	2542.391	2550.644	2630.572	2942.244	2807.037	23049576	38155868	39199356	42097688	0	0	0	0		1
2015/08/25	1996.04	2048.03	1987.12	1990.71	27176060.00	59139764224	2312.956	2471.571	2521.082	2606.06	2913.443	2806.836	27176060	33765140	37111176	40554720	0	0	0	0		1
2015/08/26	1975.92	2044.66	1875.03	1890.04	46445008.00	96904675328	2176.826	2398.356	2480.89	2582.727	2879.918	2806.325	46445008	34306676	37925276	40275796	0	0	0	0		1
2015/08/27	1924.78	1959.98	1843.19	1959.49	40510060.00	83891937280	2066.96	2325.879	2450.805	2560.474	2846.206	2806.034	40510060	34464432	38214624	39892040	0	0	0	0		1
2015/08/28	1990.35	2086.87	1960.39	2082.12	45280232.00	97909972992	2014.994	2266.689	2427.919	2537.101	2815.183	2806.341	45280232	36492188	38673812	40227684	0	0	0	0		1
2015/08/31	2056.29	2058.85	1987.58	1996.87	35634528.00	77209616384	1983.846	2199.747	2407.799	2508.72	2783.7	2806.016	35634528	39009176	38582524	40017640	0	0	0	0		1
2015/09/01	1959.46	1959.46	1877.36	1889.49	31889888.00	63735701504	1963.602	2138.279	2374.966	2475.606	2753.449	2804.944	31889888	39951944	36858540	39504948	0	0	0	0		1
2015/09/02	1787.71	1953.91	1779.18	1855.03	38372944.00	73660375040	1956.6	2066.713	2342.615	2440.862	2722.607	2803.16	38372944	38337532	36322104	39082720	0	0	0	0		1
2015/09/07	1882.86	1953.40	1878.26	1893.52	37806240.00	73524551680	1943.406	2005.183	2313.244	2405.047	2690.254	2801.084	37806240	37796768	36130600	39276852	0	0	0	0		1
2015/09/08	1875.67	2004.81	1859.21	2001.16	36849648.00	71807631360	1927.214	1971.104	2284.453	2375.159	2659.238	2799.948	36849648	36110648	36301420	38990544	0	0	0	0		1
2015/09/09	2023.31	2102.23	2017.10	2071.72	50760168.00	108850503680	1942.184	1963.015	2252.703	2354.768	2628.772	2799.021	50760168	39135776	39072476	39135916	0	0	0	0		1
2015/09/10	2030.03	2078.42	2024.89	2039.12	35482568.00	74837950464	1972.11	1967.856	2219.714	2336.673	2601.156	2797.815	35482568	39854312	39903128	38507152	0	0	0	0		1
2015/09/11	2039.01	2084.05	2029.81	2060.51	32555430.00	68596064256	2013.206	1984.903	2191.629	2315.561	2575.654	2796.538	32555430	38690812	38514172	38219724	0	0	0	0		1
2015/09/14	2068.20	2075.67	1905.20	1906.21	34890884.00	68215353344	2015.744	1979.575	2152.727	2293.728	2545.068	2793.309	34890884	38107740	37952252	38083440	0	0	0	0		1
2015/09/15	1843.23	1892.81	1794.29	1797.56	33039214.00	59455922176	1975.024	1951.119	2108.904	2268.986	2516.618	2788.639	33039214	37345652	36728152	37700984	0	0	0	0		1
2015/09/16	1813.73	1928.78	1808.75	1926.25	39024400.00	71222157312	1945.93	1944.057	2071.902	2253.218	2493.473	2784.816	39024400	34998500	37067140	37824832	0	0	0	0		1
2015/09/17	1943.29	2020.55	1922.80	1933.30	47985104.00	95394168832	1924.766	1948.438	2043.359	2232.79	2469.129	2781.829	47985104	37499008	38676660	37767600	0	0	0	0		1
2015/09/18	1948.12	1995.50	1922.14	1983.30	37674216.00	74822942720	1909.324	1961.265	2013.989	2215.498	2445.794	2778.991	37674216	38522764	38606788	37464444	0	0	0	0		1
2015/09/21	1950.33	2080.22	1945.35	2079.06	43477604.00	90425024512	1943.894	1979.819	1992.501	2202.103	2427.005	2777.229	43477604	40240108	39173924	37652260	0	0	0	0		1
2015/09/22	2082.34	2108.56	2042.13	2078.72	47584444.00	101473476608	2000.126	1987.575	1979.339	2185.494	2412.972	2775.092	47584444	43149152	40247404	38274412	0	0	0	0		1
2015/09/23	2039.49	2103.22	2036.06	2077.99	41306380.00	89360801792	2030.474	1988.202	1975.609	2164.536	2402.776	2772.368	41306380	43605548	39302024	39187252	0	0	0	0		1
2015/09/24	2090.56	2130.47	2084.31	2106.59	43139456.00	94766923776	2065.132	1994.949	1981.402	2144.792	2390.242	2769.295	43139456	42636420	40067712	39985420	0	0	0	0		1
2015/09/25	2091.85	2106.95	2002.45	2020.97	41100872.00	85890293760	2072.666	1990.995	1987.949	2124.751	2377.935	2765.219	41100872	43321752	40922256	39718216	0	0	0	0		1
2015/09/28	2024.89	2124.06	2007.92	2122.26	37858680.00	79921192960	2081.306	2012.6	1996.088	2106.018	2369.15	2761.598	37858680	42197968	41219036	39585644	0	0	0	0		1
2015/09/29	2089.54	2135.51	2075.97	2098.57	38424616.00	84097646592	2085.276	2042.701	1996.91	2086.836	2360.705	2758.352	38424616	40366000	41757576	39242864	0	0	0	0		1
2015/09/30	2111.99	2124.29	2049.43	2082.67	29708448.00	64153165824	2086.212	2058.343	2001.2	2067.382	2353.853	2754.903	29708448	38046416	40825984	38946560	0	0	0	0		1
2015/10/08	2153.12	2210.04	2138.54	2190.31	42031220.00	90206142464	2102.956	2084.044	2016.241	2056.92	2351.158	2751.882	42031220	37824768	40230592	39453628	0	0	0	0		1
2015/10/09	2190.84	2230.03	2184.55	2216.66	42927692.00	92205228032	2142.094	2107.38	2034.323	2045.119	2348.701	2748.873	42927692	38190132	40755940	39681364	0	0	0	0		1
2015/10/12	2233.61	2344.21	2232.27	2316.78	55775628.00	126441930752	2180.998	2131.152	2055.486	2038.718	2346.718	2746.856	55775628	41773520	41985744	40579832	0	0	0	0		1
2015/10/13	2297.93	2351.52	2290.64	2342.04	50249440.00	115045253120	2229.692	2157.484	2072.53	2038.721	2343.487	2746.025	50249440	44138484	42252244	41249824	0	0	0	0		1
2015/10/14	2330.08	2350.59	2295.60	2305.00	52435988.00	118325395456	2274.158	2180.185	2084.194	2043.801	2337.186	2744.531	52435988	48683992	43365204	41333616	0	0	0	0		1
2015/10/15	2300.62	2406.21	2296.80	2404.53	56549120.00	129799847936	2317.002	2209.979	2102.464	2057.595	2331.827	2744.035	56549120	51587572	44706172	42386940	0	0	0	0		1
2015/10/16	2424.62	2452.94	2401.09	2449.03	61932152.00	147293667328	2363.476	2252.785	2121.89	2076.228	2329.478	2744.236	61932152	55388464	46789300	43855776	0	0	0	0		1
2015/10/19	2465.11	2466.48	2398.34	2433.60	57914032.00	137927753728	2386.84	2283.919	2148.26	2092.031	2326.253	2743.132	57914032	55816148	48794832	45006936	0	0	0	0		1
2015/10/20	2430.18	2520.08	2427.78	2511.16	58460596.00	140692226048	2420.664	2325.178	2183.939	2106.333	2321.717	2742.101	58460596	57458376	50798432	46278004	0	0	0	0		1
2015/10/21	2504.78	2527.77	2335.66	2344.74	72233600.00	174856929280	2428.612	2351.385	2204.864	2117.928	2313.324	2739.089	72233600	61417900	55050948	47938464	0	0	0	0		1
2015/10/22	2355.16	2465.10	2355.16	2458.14	59640208.00	146753814528	2439.334	2378.168	2231.106	2136.883	2306.245	2736.784	59640208	62036116	56811844	48521220	0	0	0	0		1
2015/10/23	2488.31	2549.76	2461.49	2538.38	67588136.00	171353915392	2457.204	2410.34	2258.86	2159.662	2300.262	2735.041	67588136	63167316	59277888	50016916	0	0	0	0		1
2015/10/26	2570.13	2570.13	2481.59	2527.48	68447320.00	173929889792	2475.98	2431.41	2281.281	2180.794	2292.92	2733.704	68447320	65273972	60545060	51265400	0	0	0	0		1
2015/10/27	2497.16	2586.95	2423.60	2563.96	62288144.00	157457154048	2486.54	2453.602	2305.543	2199.554	2287.356	2731.757	62288144	66039480	61748928	52000588	0	0	0	0		1
2015/10/28	2551.70	2583.82	2473.47	2485.24	57717000.00	150886219776	2514.64	2471.626	2325.906	2213.338	2284.053	2728.652	57717000	63136160	62277032	52821116	0	0	0	0		1
2015/10/29	2504.85	2528.70	2436.78	2485.28	44057660.00	114641960960	2520.068	2479.701	2344.84	2228.21	2282.441	2725.652	44057660	60019652	61027884	52867028	0	0	0	0		1
2015/10/30	2475.23	2534.47	2439.16	2478.28	50077024.00	129735417856	2508.048	2482.626	2367.706	2242.135	2278.848	2723.109	50077024	56517428	59842372	53315836	0	0	0	0		1
2015/11/02	2416.10	2513.32	2408.78	2432.04	46816872.00	123247304704	2488.96	2482.47	2383.195	2259.663	2276.696	2719.655	46816872	52191340	58732656	53763744	0	0	0	0		1
2015/11/03	2444.05	2461.33	2407.55	2429.27	39935036.00	106823999488	2462.022	2474.281	2399.729	2280.72	2274.853	2716.515	39935036	47720720	56880100	53839264	0	0	0	0		1
2015/11/04	2451.23	2584.32	2451.23	2584.32	58452416.00	152635211776	2481.838	2498.239	2424.812	2302.656	2277.937	2713.271	58452416	47867800	55501980	55276464	0	0	0	0		1
2015/11/05	2587.82	2630.83	2542.85	2564.72	65112052.00	172894076928	2497.726	2508.897	2443.532	2323.703	2278.246	2708.42	65112052	52078680	56049168	56430504	0	0	0	0		1
2015/11/06	2571.66	2666.40	2571.66	2661.41	61741800.00	164006821888	2534.352	2521.2	2465.77	2346.307	2280.903	2703.513	61741800	54411636	55464532	57371212	0	0	0	0		1
2015/11/09	2653.31	2747.79	2612.26	2724.62	68677816.00	191238848512	2592.868	2540.914	2486.162	2367.825	2284.964	2699.617	68677816	58783824	55487584	58016320	0	0	0	0		1
2015/11/10	2710.90	2783.12	2700.29	2746.61	65216340.00	180185432064	2656.336	2559.179	2506.391	2390.088	2287.791	2696.325	65216340	63840084	55780400	58764664	0	0	0	0		1
2015/11/11	2738.58	2806.54	2730.52	2804.68	70870880.00	190166433792	2700.408	2591.123	2531.375	2414.311	2289.424	2693.486	70870880	66323776	57095788	59686412	0	0	0	0		1
2015/11/12	2818.57	2827.71	2743.26	2783.30	74163984.00	210165465088	2744.124	2620.925	2550.313	2436.868	2290.83	2689.36	74163984	68134160	60106424	60567152	0	0	0	0		1
2015/11/13	2751.39	2772.82	2681.61	2710.16	65461352.00	181274673152	2753.874	2644.113	2563.369	2459.841	2292.296	2684.255	65461352	68878072	61644856	60743612	0	0	0	0		1
2015/11/16	2656.57	2797.16	2654.64	2797.16	55154368.00	147033964544	2768.382	2680.625	2581.547	2482.338	2294.178	2679.179	55154368	66173384	62478604	60605632	0	0	0	0		1
2015/11/17	2834.98	2847.90	2711.58	2717.05	73555488.00	199687995392	2762.47	2709.403	2591.842	2502.954	2294.895	2672.426	73555488	67841216	65840648	61360376	0	0	0	0		1
2015/11/18	2727.61	2741.33	2655.06	2661.17	51626128.00	140451151872	2733.768	2717.088	2607.664	2522.237	2294.81	2665.297	51626128	63992264	65158020	60330000	0	0	0	0		1
2015/11/19	2678.36	2770.75	2676.76	2770.75	54825140.00	148732739584	2731.258	2737.691	2623.294	2541.585	2299.253	2659.487	54825140	60124496	64129328	60089248	0	0	0	0		1
2015/11/20	2783.04	2817.96	2757.84	2800.15	69030480.00	183901437952	2749.256	2751.565	2636.383	2561.035	2303.077	2652.67	69030480	60838320	64858196	60161364	0	0	0	0		1
2015/11/23	2797.12	2839.84	2759.31	2770.58	67520736.00	178263474176	2743.94	2756.161	2648.538	2576.162	2307.44	2645.519	67520736	63311596	64742488	60115036	0	0	0	0		1
2015/11/24	2767.72	2816.05	2739.52	2816.05	52702492.00	150152871936	2763.74	2763.105	2661.142	2591.962	2315.342	2640.378	52702492	59140996	63491104	59635752	0	0	0	0		1
2015/11/25	2813.51	2906.80	2806.82	2897.57	66418480.00	193136230400	2811.02	2772.394	2681.759	2611.714	2327.758	2635.001	66418480	62099464	63045864	60070828	0	0	0	0		1
2015/11/26	2911.85	2915.95	2831.38	2833.20	63202928.00	187302346752	2823.51	2777.384	2699.155	2626.003	2341.799	2627.621	63202928	63775024	61949760	61028092	0	0	0	0		1
2015/11/27	2819.36	2844.05	2629.13	2649.55	64579688.00	183247175680	2793.39	2771.323	2707.718	2632.687	2354.458	2617.188	64579688	62884864	61861592	61753224	0	0	0	0		1
2015/11/30	2658.97	2687.05	2507.38	2672.58	60052416.00	167359250432	2773.79	2758.865	2719.745	2640.653	2366.342	2606.274	60052416	61391200	62351396	62415000	0	0	0	0		1
2015/12/01	2669.30	2700.35	2621.17	2655.35	49682992.00	144658628608	2741.65	2752.695	2731.049	2645.46	2375.896	2595.54	49682992	60787300	59964148	62902400	0	0	0	0		1
2015/12/02	2653.24	2660.12	2525.34	2613.26	43453060.00	119641399296	2684.788	2747.904	2732.496	2654.41	2386.169	2584.935	43453060	56194216	59146840	62152432	0	0	0	0		1
2015/12/03	2622.49	2710.81	2622.49	2708.12	43270232.00	125313417216	2659.772	2741.641	2739.666	2662.743	2399.813	2576.631	43270232	52207676	57991352	61060340	0	0	0	0		1
2015/12/04	2702.56	2749.18	2679.35	2692.16	48329080.00	141740703744	2668.294	2730.842	2741.204	2667.869	2413.765	2568.187	48329080	48957556	55921212	60389704	0	0	0	0		1
2015/12/07	2699.34	2751.24	2687.02	2738.15	47454320.00	130145550336	2681.408	2727.599	2741.88	2674.891	2427.843	2559.049	47454320	46437936	53914568	59328528	0	0	0	0		1
2015/12/08	2723.62	2731.72	2678.66	2691.66	51536896.00	142198587392	2688.67	2715.16	2739.133	2679.148	2439.351	2549.294	51536896	46808716	53798008	58644556	0	0	0	0		1
2015/12/09	2677.59	2699.64	2650.45	2667.91	45218188.00	127953633280	2699.6	2692.194	2732.294	2685.237	2449.287	2539.03	45218188	47161744	51677980	57361924	0	0	0	0		1
2015/12/10	2665.28	2729.24	2663.37	2695.51	44264088.00	126883823616	2697.078	2678.425	2727.905	2692.245	2460.227	2530.692	44264088	47360516	49784096	55866928	0	0	0	0		1
2015/12/11	2686.31	2701.69	2666.89	2671.29	37125528.00	106300661760	2692.904	2680.599	2725.961	2698.678	2470.407	2523.03	37125528	45119804	47038680	54450136	0	0	0	0		1
2015/12/14	2642.82	2709.27	2622.47	2709.27	36203572.00	102182617088	2687.128	2684.268	2721.566	2707.919	2483.791	2514.43	36203572	42869656	44653796	53502596	0	0	0	0		1
2015/12/15	2718.25	2764.80	2718.25	2745.70	38759384.00	110853029888	2697.936	2693.303	2722.999	2718.467	2499.594	2508.106	38759384	40314152	43561436	51762792	0	0	0	0		1
2015/12/16	2760.26	2789.28	2749.80	2763.11	41793160.00	120658198528	2716.976	2708.288	2728.096	2724.427	2513.541	2503.507	41793160	39629148	43395444	51271144	0	0	0	0		1
2015/12/17	2784.97	2835.70	2784.97	2835.70	55219140.00	158786043904	2745.014	2721.046	2731.344	2733.459	2528.581	2498.855	55219140	41820156	44590336	51290844	0	0	0	0		1
2015/12/18	2836.92	2850.69	2801.64	2830.26	51447380.00	150100541440	2776.808	2734.856	2732.849	2739.088	2542.697	2494.245	51447380	44684528	44902164	50411688	0	0	0	0		1
2015/12/21	2825.32	2836.61	2800.35	2829.92	42648420.00	122337058816	2800.938	2744.033	2735.816	2742.598	2555.211	2491.108	42648420	45973496	44421576	49168072	0	0	0	0		1
2015/12/22	2836.96	2849.36	2811.61	2839.85	41580712.00	114451144704	2819.768	2758.852	2737.006	2745.706	2567.897	2490.435	41580712	46537764	43425956	48611984	0	0	0	0		1
2015/12/23	2845.43	2848.83	2779.93	2783.94	46679620.00	133253079040	2823.934	2770.455	2731.324	2745.014	2579.663	2491.219	46679620	47515056	43572100	47625040	0	0	0	0		1
2015/12/24	2775.98	2801.57	2735.97	2795.78	37179052.00	107701985280	2815.95	2780.482	2729.454	2745.43	2591.149	2490.696	37179052	43907036	42863596	46323848	0	0	0	0		1
2015/12/25	2807.51	2820.53	2777.46	2794.73	35511228.00	105453674496	2808.844	2792.826	2736.712	2748.249	2604.045	2490.99	35511228	40719808	42702168	44870424	0	0	0	0		1
2015/12/28	2809.52	2823.75	2735.49	2735.49	45076568.00	128112943104	2789.958	2795.448	2739.858	2746.194	2614.266	2491.708	45076568	41205436	43589468	44121632	0	0	0	0		1
2015/12/29	2732.55	2749.82	2710.20	2749.82	35829364.00	101371658240	2771.952	2795.86	2744.582	2747.286	2625.12	2492.913	35829364	40055168	43296464	43428948	0	0	0	0		1
2015/12/30	2758.25	2781.84	2749.29	2779.51	40757692.00	114950168576	2771.066	2797.5	2752.894	2751.231	2636.734	2495.293	40757692	38870780	43192916	43294180	0	0	0	0		1
2015/12/31	2780.54	2785.66	2713.69	2714.05	39561308.00	111887785984	2754.72	2785.335	2753.19	2749.341	2645.463	2498.31	39561308	39347232	41627136	43108736	0	0	0	0		1
2016/01/04	2706.28	2710.30	2490.47	2491.24	33478924.00	88306573312	2694.022	2751.433	2743.145	2739.044	2650.039	2499.37	33478924	38940772	39830288	42366228	0	0	0	0		1
2016/01/05	2353.23	2481.20	2333.61	2416.73	49010300.00	122570514432	2630.27	2710.114	2727.073	2727.249	2651.705	2499.212	49010300	39727516	40466476	42444028	0	0	0	0		1
2016/01/06	2433.36	2472.19	2388.69	2468.37	39804048.00	104803934208	2573.98	2672.966	2715.909	2715.659	2653.811	2498.649	39804048	40522456	40288812	41857384	0	0	0	0		1
2016/01/07	2415.33	2415.33	2254.50	2256.52	10666577.00	26100854784	2469.382	2620.224	2695.34	2694.291	2653.003	2495.094	10666577	34504232	36687508	40129804	0	0	0	0		1
2016/01/08	2297.59	2318.12	2142.33	2248.99	44776460.00	108801032192	2376.37	2565.545	2673.013	2674.817	2650.41	2491.119	44776460	35547260	37447248	40155420	0	0	0	0		1
2016/01/11	2188.19	2230.42	2105.77	2106.36	39231228.00	92052717568	2299.394	2496.708	2644.767	2656.711	2644.699	2487.088	39231228	36697724	37819248	40260708	0	0	0	0		1
2016/01/12	2117.25	2179.09	2087.27	2147.53	37443204.00	87467515904	2245.554	2437.912	2616.68	2639.209	2639.931	2483.092	37443204	34384304	37055912	40322688	0	0	0	0		1
2016/01/13	2160.32	2174.23	2059.78	2059.78	34346864.00	80888184832	2163.836	2368.908	2582.384	2619.357	2632.408	2477.063	34346864	33292866	36907660	40102064	0	0	0	0		1
2016/01/14	1991.23	2179.38	1989.87	2175.01	40865368.00	91805425664	2147.534	2308.458	2552.979	2604.749	2629.58	2471.452	40865368	39332624	36918428	40055672	0	0	0	0		1
2016/01/15	2160.17	2184.56	2096.19	2112.90	41445824.00	94756167680	2120.316	2248.343	2516.839	2584.908	2623.825	2465.035	41445824	38666496	37106880	39367008	0	0	0	0		1
2016/01/18	2074.86	2206.84	2074.86	2174.93	39874752.00	91208597504	2134.03	2216.712	2484.073	2567.667	2617.768	2459.015	39874752	38795204	37746464	38788376	0	0	0	0		1
2016/01/19	2170.09	2244.79	2148.72	2241.70	45197928.00	104522940416	2152.864	2199.209	2454.662	2551.119	2613.005	2452.963	45197928	40346148	37365224	38915852	0	0	0	0		1
2016/01/20	2222.60	2249.36	2190.51	2204.65	41821528.00	98105860096	2181.838	2172.837	2422.902	2534.885	2607.017	2447.186	41821528	41841080	37566972	38927892	0	0	0	0		1
2016/01/21	2173.32	2241.47	2112.40	2112.40	41166480.00	96569769984	2169.316	2158.425	2389.324	2516.368	2600.802	2442.427	41166480	41901304	40616964	38652236	0	0	0	0		1
2016/01/22	2140.28	2161.24	2078.12	2149.59	35037328.00	79385665536	2176.654	2148.485	2357.015	2498.171	2595.208	2438.824	35037328	40619604	39643052	38545148	0	0	0	0		1
2016/01/25	2165.73	2185.21	2136.88	2158.82	30623684.00	71962787840	2173.432	2153.731	2325.219	2481.088	2589.883	2434.366	30623684	38769388	38782296	38300772	0	0	0	0		1
2016/01/26	2132.22	2135.57	1990.51	1994.05	36762608.00	81772249088	2123.902	2138.383	2288.147	2457.248	2582.583	2429.64	36762608	37082324	38714236	37885072	0	0	0	0		1
2016/01/27	1997.32	2012.30	1888.25	1997.47	39761384.00	82136006656	2082.466	2132.152	2250.53	2432.307	2575.387	2425.12	39761384	36670296	39255688	38081676	0	0	0	0		1
2016/01/28	1969.31	1990.92	1900.88	1906.46	30546404.00	63263305728	2041.278	2105.297	2206.877	2403.752	2564.089	2421.013	30546404	34546280	38223792	37571112	0	0	0	0		1
2016/01/29	1908.26	2011.06	1907.29	1994.07	34466856.00	70828048384	2010.174	2093.414	2170.878	2375.697	2554.578	2416.412	34466856	34432188	37525896	37316388	0	0	0	0		1
2016/02/01	1989.21	2011.68	1956.92	1992.70	29892132.00	62990098432	1976.95	2075.191	2145.951	2347.779	2543.433	2412.168	29892132	34285876	36527632	37137048	0	0	0	0		1
2016/02/02	1996.59	2089.21	1996.59	2075.29	34710248.00	75053875200	1993.198	2058.55	2128.879	2322.624	2532.611	2408.788	34710248	33875404	35478864	36422044	0	0	0	0		1
2016/02/03	2049.32	2105.38	2034.60	2090.51	31768832.00	68663410688	2011.806	2047.136	2109.987	2297.646	2521.676	2404.733	31768832	32276894	34473596	36020284	0	0	0	0		1
2016/02/04	2095.62	2142.87	2095.62	2126.64	35059440.00	78395990016	2055.842	2048.56	2103.492	2275.736	2510.375	2399.899	35059440	33179502	33862892	37239928	0	0	0	0		1
2016/02/05	2127.35	2141.56	2096.99	2096.99	25785868.00	58247507968	2076.426	2043.3	2095.893	2252.443	2498.937	2394.884	25785868	31443304	32937746	36290400	0	0	0	0		1
2016/02/15	2029.56	2130.36	2029.56	2116.84	24986598.00	54905180160	2101.254	2039.102	2096.417	2229.847	2489.048	2390.672	24986598	30462198	32374036	35578168	0	0	0	0		1
2016/02/16	2128.06	2208.57	2128.06	2201.93	36587328.00	84154343424	2126.582	2059.89	2099.136	2212.062	2479.128	2386.653	36587328	30837614	32356508	35535372	0	0	0	0		1
2016/02/17	2197.93	2219.78	2171.00	2215.34	41643400.00	96020799488	2151.548	2081.677	2106.915	2194.246	2470.766	2382.831	41643400	32812526	32544710	35900200	0	0	0	0		1
2016/02/18	2230.80	2239.91	2188.19	2190.91	40537756.00	96123584512	2164.402	2110.122	2107.709	2174.626	2462.928	2378.869	40537756	33908192	33543846	35883820	0	0	0	0		1
2016/02/19	2186.02	2230.22	2182.96	2211.01	36792704.00	88677392384	2187.206	2131.816	2112.615	2157.858	2453.599	2376.426	36792704	36109556	33776432	35651164	0	0	0	0		1
2016/02/22	2235.17	2245.56	2216.16	2245.56	41953416.00	99016785920	2212.95	2157.102	2116.146	2149.668	2444.356	2373.717	41953416	39502920	34982560	35755096	0	0	0	0		1
2016/02/23	2245.75	2249.69	2189.53	2218.12	39969756.00	96000933888	2216.188	2171.385	2114.968	2143.048	2435.148	2371.294	39969756	40179408	35508508	35493688	0	0	0	0		1
2016/02/24	2212.59	2230.01	2154.27	2203.74	40601728.00	97205272576	2213.868	2182.708	2114.922	2134.227	2424.943	2370.142	40601728	39971072	36391800	35432696	0	0	0	0		1
2016/02/25	2198.93	2198.93	2030.42	2037.14	44873664.00	100580753408	2183.114	2173.758	2111.159	2126.914	2410.603	2369.18	44873664	40838252	37373220	35618056	0	0	0	0		1
2016/02/26	2045.51	2057.80	1980.17	2014.92	35814104.00	78888099840	2143.896	2165.551	2104.426	2119.112	2396.965	2369.382	35814104	40642532	38376044	35656896	0	0	0	0		1
2016/02/29	2000.57	2000.57	1866.25	1880.15	33848300.00	66577993728	2070.814	2141.882	2090.492	2111.572	2384.141	2369.299	33848300	39021512	39262216	35818128	0	0	0	0		1
2016/03/01	1881.32	1952.43	1841.22	1934.92	36084524.00	74426007552	2014.174	2115.181	2087.535	2104.485	2371.847	2369.095	36084524	38244464	39211936	35784224	0	0	0	0		1
2016/03/02	1930.84	2022.86	1925.02	2017.60	42454356.00	87510163456	1976.946	2095.407	2088.542	2103.079	2361.218	2368.557	42454356	38614988	39293032	35918872	0	0	0	0		1
2016/03/03	2014.18	2063.53	2006.71	2007.08	42006968.00	89644498944	1970.934	2077.024	2093.573	2097.481	2351.115	2368.642	42006968	38041652	39439952	36491900	0	0	0	0		1
2016/03/04	1994.06	2003.69	1895.40	1907.04	39762792.00	80145121280	1949.358	2046.627	2089.221	2090.619	2337.763	2368.788	39762792	38831388	39736960	36756696	0	0	0	0		1
2016/03/07	1935.09	1995.94	1935.09	1953.33	31730234.00	65548865536	1963.994	2017.404	2087.253	2083.232	2325.45	2369.607	31730234	38407776	38714644	36848600	0	0	0	0		1
2016/03/08	1944.65	2002.19	1865.65	2002.19	41226252.00	81062526976	1977.448	1995.811	2083.598	2075.249	2313.184	2370.513	41226252	39436120	38840292	37174400	0	0	0	0		1
2016/03/09	1962.28	2015.71	1947.05	1970.81	34193080.00	67879120896	1968.09	1972.518	2077.613	2067.454	2301.169	2370.26	34193080	37783864	38199428	37295612	0	0	0	0		1
2016/03/10	1968.77	1991.36	1935.12	1936.97	28365880.00	58393944064	1954.068	1962.501	2068.129	2061.606	2288.987	2369.137	28365880	35055648	36548648	36960936	0	0	0	0		1
2016/03/11	1911.33	1948.60	1903.92	1934.87	23173404.00	47910830080	1959.634	1954.496	2060.023	2054.449	2276.31	2368.269	23173404	31737770	35284580	36830312	0	0	0	0		1
2016/03/14	1962.11	2048.50	1962.11	2023.13	40997664.00	86634766336	1973.594	1968.794	2055.338	2049.926	2265.507	2367.957	40997664	33591256	35999516	37630864	0	0	0	0		1
2016/03/15	2016.81	2034.70	1995.46	1996.92	34452744.00	72362459136	1972.54	1974.994	2045.088	2050.022	2253.635	2368.713	34452744	32236554	35836336	37524136	0	0	0	0		1
2016/03/16	2029.92	2039.49	1961.42	1977.54	33507356.00	69662015488	1973.886	1970.988	2033.198	2049.357	2240.832	2370.213	33507356	32099410	34941636	37117336	0	0	0	0		1
2016/03/17	1986.14	2089.14	1986.14	2087.29	52208032.00	112176939008	2003.95	1979.009	2028.016	2055.385	2229.568	2371.555	52208032	36867840	35961744	37700848	0	0	0	0		1
2016/03/18	2102.19	2194.36	2102.08	2177.87	63938096.00	143482765312	2052.55	2006.092	2026.359	2061.512	2218.604	2373.593	63938096	45020780	38379276	39058116	0	0	0	0		1
2016/03/21	2214.91	2234.35	2191.66	2227.03	63845764.00	148205158400	2093.33	2033.462	2025.433	2069.323	2208.551	2375.624	63845764	49590400	41590828	40152736	0	0	0	0		1
2016/03/22	2201.19	2248.19	2189.94	2221.70	52501084.00	120596226048	2138.286	2055.413	2025.612	2074.203	2198.414	2376.813	52501084	53200068	42718312	40779300	0	0	0	0		1
2016/03/23	2214.87	2259.11	2205.07	2259.11	49852200.00	120640897024	2194.6	2084.243	2028.38	2079.823	2188.735	2378.316	49852200	56469036	44284224	41241824	0	0	0	0		1
2016/03/24	2234.22	2277.92	2217.84	2219.77	54767836.00	137460187136	2221.096	2112.523	2037.512	2082.927	2179.332	2379.497	54767836	56980996	46924416	41736532	0	0	0	0		1
2016/03/25	2209.26	2232.07	2183.60	2216.09	41598980.00	100729643008	2228.74	2140.645	2047.571	2086.897	2169.67	2380.41	41598980	52513172	48766976	42025776	0	0	0	0		1
2016/03/28	2233.13	2259.13	2192.35	2199.69	45630748.00	107843108864	2223.272	2158.301	2063.548	2089.659	2159.753	2381.899	45630748	48870168	49230284	42614900	0	0	0	0		1
2016/03/29	2190.88	2194.89	2130.85	2152.55	39628256.00	95076884480	2209.442	2173.864	2074.429	2088.013	2150.037	2382.152	39628256	46295604	49747836	42792088	0	0	0	0		1
2016/03/30	2172.74	2248.78	2172.74	2248.78	46542616.00	114883215360	2207.376	2200.988	2085.988	2089.128	2141.687	2383.403	46542616	45633688	51051360	42996500	0	0	0	0		1
2016/03/31	2256.43	2271.96	2232.30	2238.29	50514152.00	129875197952	2211.08	2216.088	2097.549	2090.707	2132.666	2384.7	50514152	44782952	50881972	43421860	0	0	0	0		1
2016/04/01	2223.38	2227.00	2171.34	2205.37	40715936.00	102483918848	2208.936	2218.838	2112.465	2090.519	2124.188	2384.826	40715936	44606340	48559756	43469516	0	0	0	0		1
2016/04/05	2207.46	2285.20	2205.44	2279.52	49811536.00	122369605632	2224.902	2224.087	2128.774	2091.651	2120.66	2385.35	49811536	45442500	47156336	44373580	0	0	0	0		1
2016/04/06	2274.77	2305.41	2271.50	2297.04	53433256.00	130880094208	2253.8	2231.621	2143.517	2094.282	2118.665	2385.185	53433256	48203500	47249552	44983932	0	0	0	0		1
2016/04/07	2310.92	2316.63	2248.68	2248.68	53930100.00	132792262656	2253.78	2230.578	2157.411	2095.78	2115.003	2384.407	53930100	49680996	47657340	45970784	0	0	0	0		1
2016/04/08	2230.95	2239.80	2194.23	2229.93	45924688.00	112813670400	2252.108	2231.594	2172.059	2102.206	2114.56	2383.781	45924688	48763104	46773028	46848724	0	0	0	0		1
2016/04/11	2255.07	2301.41	2255.07	2283.14	50116208.00	124475777024	2267.662	2238.299	2189.472	2111.147	2115.129	2382.77	50116208	50643156	47624748	48195864	0	0	0	0		1
2016/04/12	2283.21	2289.55	2236.44	2264.02	45314660.00	113106223104	2264.562	2244.732	2201.517	2123.942	2117.757	2381.228	45314660	49743784	47593140	48411712	0	0	0	0		1
2016/04/13	2278.52	2330.05	2278.52	2294.02	57522856.00	139156324352	2263.958	2258.879	2216.372	2135.912	2120.198	2380.065	57522856	50561704	49382600	49565216	0	0	0	0		1
2016/04/14	2310.60	2325.38	2289.57	2324.39	46139448.00	112999546880	2279.1	2266.44	2233.714	2146.139	2124.609	2378.509	46139448	49003572	49342284	50196824	0	0	0	0		1
2016/04/15	2328.31	2328.31	2297.68	2309.68	40308908.00	100894416896	2295.05	2273.579	2244.833	2156.225	2126.853	2378.216	40308908	47880416	48321760	49601868	0	0	0	0		1
2016/04/18	2288.42	2288.42	2249.34	2265.59	38252496.00	93760634880	2291.54	2279.601	2249.219	2168.177	2129.398	2376.612	38252496	45507672	48075416	48317588	0	0	0	0		1
2016/04/19	2278.31	2289.05	2253.59	2272.52	35911568.00	89440706560	2293.24	2278.901	2251.494	2178.817	2131.024	2374.396	35911568	43627056	46685420	46920876	0	0	0	0		1
2016/04/20	2279.76	2284.10	2119.42	2145.24	56160932.00	132675510272	2263.484	2263.721	2247.671	2183.585	2129.417	2371.211	56160932	43354672	46958188	47103868	0	0	0	0		1
2016/04/21	2135.93	2160.26	2106.97	2110.16	36026892.00	84193722368	2220.638	2249.869	2240.223	2188.23	2127.842	2367.429	36026892	41332160	45167864	46412604	0	0	0	0		1
2016/04/22	2093.78	2136.92	2090.95	2136.92	29586774.00	69405384704	2186.086	2240.568	2236.081	2194.895	2128.251	2364.527	29586774	39187732	43534076	45153552	0	0	0	0		1
2016/04/25	2128.66	2130.06	2083.64	2126.83	26959280.00	63861825536	2158.334	2224.937	2231.618	2201.294	2127.871	2361.54	26959280	36929088	41218380	44421564	0	0	0	0		1
2016/04/26	2123.87	2155.70	2119.38	2155.70	27579366.00	63580983296	2134.97	2214.105	2229.418	2205.713	2127.819	2358.851	27579366	35262648	39444852	43518996	0	0	0	0		1
2016/04/27	2162.76	2176.33	2142.46	2146.61	32179112.00	73175056384	2135.244	2199.364	2229.122	2210.702	2130.362	2356.473	32179112	30466284	36910476	43146540	0	0	0	0		1
2016/04/28	2149.10	2158.49	2108.27	2155.23	31257270.00	72814411776	2144.258	2182.448	2224.444	2216.625	2132.991	2354.189	31257270	29512360	35422260	42382272	0	0	0	0		1
2016/04/29	2141.58	2162.19	2138.74	2138.74	25362368.00	64368291840	2144.622	2165.354	2219.467	2218.34	2136.863	2350.476	25362368	28667480	33927604	41124684	0	0	0	0		1
2016/05/03	2138.96	2217.23	2126.87	2217.23	40518568.00	95647473664	2162.702	2160.518	2220.06	2219.652	2140.582	2347.58	40518568	31379336	34154212	41114816	0	0	0	0		1
2016/05/04	2210.13	2233.59	2206.26	2211.02	41117968.00	95900475392	2173.766	2154.368	2216.635	2219.119	2144.221	2343.827	41117968	34087056	34674852	40680136	0	0	0	0		1
2016/05/05	2208.40	2226.55	2198.76	2224.09	34603688.00	84074799104	2189.262	2162.253	2212.987	2219.198	2146.701	2339.656	34603688	34571972	32519128	39738656	0	0	0	0		1
2016/05/06	2226.44	2235.96	2129.19	2129.19	49401484.00	115405430784	2184.054	2164.156	2207.012	2214.868	2147.345	2334.511	49401484	38200816	33856588	39512228	0	0	0	0		1
2016/05/09	2107.33	2107.33	2045.12	2053.60	37401164.00	81898266624	2167.026	2155.824	2198.196	2209.329	2146.128	2328.252	37401164	40608576	34638028	39086052	0	0	0	0		1
2016/05/10	2051.38	2067.62	2044.28	2054.22	25343896.00	57233993728	2134.424	2148.563	2186.75	2203.933	2145.415	2322.176	25343896	37573640	34476488	37847436	0	0	0	0		1
2016/05/11	2067.69	2073.83	2032.30	2034.93	28980496.00	63500173312	2099.206	2136.486	2175.295	2198.441	2144.05	2316.549	28980496	35146144	34616600	37030728	0	0	0	0		1
2016/05/12	2006.26	2039.32	1975.07	2034.57	28433750.00	59790639104	2061.302	2125.282	2162.323	2194.508	2141.261	2310.194	28433750	33912160	34242064	35576272	0	0	0	0		1
2016/05/13	2030.94	2058.66	2013.86	2025.22	26223880.00	56643817472	2040.508	2112.281	2147.365	2187.056	2138.092	2304.429	26223880	29276638	33738728	34580492	0	0	0	0		1
2016/05/16	2017.84	2057.86	2008.54	2057.86	28343346.00	61746839552	2041.36	2104.193	2134.773	2181.042	2135.875	2299.401	28343346	27465074	34036824	33982216	0	0	0	0		1
2016/05/17	2059.52	2107.73	2036.88	2081.44	38088172.00	83762577408	2046.804	2090.614	2125.566	2176.911	2133.715	2293.657	38088172	30013928	33793784	33974000	0	0	0	0		1
2016/05/18	2062.81	2062.81	2000.53	2020.48	35523824.00	72015208448	2043.914	2071.56	2112.964	2168.276	2129.964	2287.16	35523824	31322594	33234370	33954612	0	0	0	0		1
2016/05/19	2023.96	2076.48	2023.96	2037.40	33919736.00	74046660608	2044.48	2052.891	2107.572	2159.622	2126.952	2281.05	33919736	32419792	33165974	32842552	0	0	0	0		1
2016/05/20	2018.38	2065.30	2013.53	2065.30	31659474.00	70408175616	2052.496	2046.502	2105.329	2153.509	2124.644	2274.794	31659474	33506910	31391774	32624180	0	0	0	0		1
2016/05/23	2073.00	2107.05	2073.00	2098.23	38387504.00	86250987520	2060.57	2050.965	2103.395	2149.119	2125.663	2268.133	38387504	35515744	31490408	33064218	0	0	0	0		1
2016/05/24	2094.21	2094.21	2061.52	2075.51	34139736.00	76185976832	2059.384	2053.094	2100.829	2142.198	2126.672	2261.819	34139736	34726056	32369992	33423240	0	0	0	0		1
2016/05/25	2091.97	2111.26	2062.64	2067.25	36260688.00	82368004096	2068.738	2056.326	2096.406	2135.639	2129.791	2256.966	36260688	34873428	33098012	33857308	0	0	0	0		1
2016/05/26	2060.43	2086.49	2019.30	2086.01	37261300.00	82107473920	2078.46	2061.47	2093.376	2128.705	2132.309	2252.078	37261300	35541740	33980768	34111416	0	0	0	0		1
2016/05/27	2076.30	2090.17	2065.37	2069.89	34131536.00	77629964288	2079.378	2065.937	2089.109	2120.222	2133.18	2247.199	34131536	36036152	34771532	34255128	0	0	0	0		1
2016/05/30	2054.62	2083.83	2033.67	2058.52	33054054.00	69387354112	2071.436	2066.003	2085.098	2111.85	2134.038	2242.576	33054054	34969464	35242604	34639712	0	0	0	0		1
2016/05/31	2061.84	2160.53	2060.14	2159.80	56992436.00	120200265728	2088.294	2073.839	2082.227	2108.324	2138.25	2238.007	56992436	39540004	37133028	35463408	0	0	0	0		1
2016/06/01	2164.73	2188.88	2163.05	2168.82	58794176.00	129591189504	2108.608	2088.673	2080.116	2104.867	2141.842	2233.646	58794176	44046700	39460064	36347216	0	0	0	0		1
2016/06/02	2163.59	2188.56	2160.25	2188.56	54154712.00	118358605824	2129.118	2103.789	2078.34	2106.311	2144.948	2229.066	54154712	47425384	41483560	37324768	0	0	0	0		1
2016/06/03	2176.36	2236.58	2175.82	2204.97	64614588.00	150518644736	2156.134	2117.756	2082.129	2109.471	2148.851	2225.01	64614588	53521992	44779072	38085424	0	0	0	0		1
2016/06/06	2212.46	2219.28	2181.99	2199.30	49092384.00	114324365312	2184.29	2127.863	2089.414	2111.551	2153.223	2221.105	49092384	56729660	45849560	38669984	0	0	0	0		1
2016/06/07	2202.04	2204.18	2181.30	2196.73	45258224.00	109011877888	2191.676	2139.985	2096.54	2113.881	2157.587	2216.948	45258224	54382816	46961408	39665700	0	0	0	0		1
2016/06/08	2191.27	2201.53	2166.97	2186.54	47491816.00	112163807232	2195.22	2151.914	2104.12	2114.909	2160.311	2212.909	47491816	52122344	48084524	40591268	0	0	0	0		1
2016/06/13	2150.39	2165.28	2054.71	2054.71	53756488.00	122513432576	2168.45	2148.784	2105.127	2111.845	2161.274	2207.454	53756488	52042700	49734040	41857404	0	0	0	0		1
2016/06/14	2045.21	2070.15	2032.44	2058.31	38905976.00	87452549120	2139.118	2147.626	2106.781	2108.615	2162.62	2201.726	38905976	46900976	50211484	42491508	0	0	0	0		1
2016/06/15	2033.60	2143.45	2031.67	2128.80	50827620.00	113545617408	2125.018	2154.654	2110.329	2108.283	2163.312	2196.44	50827620	47248024	51988840	43615724	0	0	0	0		1
2016/06/16	2124.16	2137.18	2097.35	2101.42	49736192.00	113033936896	2105.956	2148.816	2111.327	2104.423	2162.038	2190.321	49736192	48143620	51263216	44198124	0	0	0	0		1
2016/06/17	2109.57	2154.52	2105.24	2122.89	50886964.00	118262923264	2093.226	2144.223	2116.448	2101.485	2160.302	2184.426	50886964	48822648	50472496	44966280	0	0	0	0		1
2016/06/20	2117.99	2127.68	2088.29	2119.63	44233148.00	106588389376	2106.21	2137.33	2120.56	2098.003	2158.601	2178.507	44233148	46917980	49480340	45481952	0	0	0	0		1
2016/06/21	2135.46	2153.23	2083.69	2092.00	52619368.00	123646984192	2112.948	2126.033	2121.895	2096.764	2155.816	2172.275	52619368	49660660	48280816	46529944	0	0	0	0		1
2016/06/22	2085.98	2144.82	2085.65	2144.82	48500540.00	111990210560	2116.152	2120.585	2124.224	2099.804	2154.566	2166.949	48500540	49195244	48221632	47035596	0	0	0	0		1
2016/06/23	2144.58	2153.58	2115.84	2137.49	53512180.00	119668817920	2123.366	2114.661	2127.323	2102.58	2153.257	2161.463	53512180	49950440	49047028	48004220	0	0	0	0		1
2016/06/24	2131.15	2157.94	2060.20	2127.36	64400552.00	138999955456	2124.26	2108.743	2130.329	2105.661	2152.051	2155.902	64400552	52653156	50737904	49411212	0	0	0	0		1
2016/06/27	2111.10	2194.13	2110.60	2191.81	61802508.00	138599792640	2138.696	2122.453	2135.618	2110.902	2152.705	2151.371	61802508	56167028	51542504	50638272	0	0	0	0		1
2016/06/28	2181.41	2221.46	2173.53	2216.71	69894240.00	158151000064	2163.638	2138.293	2142.959	2117.285	2152.171	2146.929	69894240	59622004	54641332	52426408	0	0	0	0		1
2016/06/29	2228.51	2238.35	2203.49	2209.79	59866688.00	139526717440	2176.632	2146.392	2150.523	2122.35	2151.696	2142.181	59866688	61895232	55545240	53767040	0	0	0	0		1
2016/06/30	2213.60	2233.28	2206.80	2227.79	57068920.00	136500232192	2194.692	2159.029	2153.923	2127.228	2152.07	2138.129	57068920	62606580	56278512	53770864	0	0	0	0		1
2016/07/01	2231.18	2241.63	2203.93	2211.18	47684376.00	115024224256	2211.456	2167.858	2156.041	2133.585	2150.93	2135.795	47684376	59263348	55958252	53215376	0	0	0	0		1
2016/07/04	2195.62	2254.15	2193.84	2248.71	52081616.00	123025440768	2222.836	2180.766	2159.048	2140.628	2150.125	2134.395	52081616	57319168	56743100	53111720	0	0	0	0		1
2016/07/05	2253.69	2259.29	2229.00	2246.02	53546312.00	131520012288	2228.698	2196.168	2161.101	2146.652	2150.081	2132.542	53546312	54049584	56835792	52558304	0	0	0	0		1
2016/07/06	2239.76	2246.73	2229.27	2241.56	46098732.00	113881489408	2235.052	2205.842	2163.213	2151.43	2150.274	2132.417	46098732	51295992	56595612	52408624	0	0	0	0		1
2016/07/07	2240.90	2247.58	2212.41	2233.92	55049920.00	128715816960	2236.278	2215.485	2165.073	2156.71	2149.454	2132.292	55049920	50892192	56749388	52898208	0	0	0	0		1
2016/07/08	2231.97	2257.32	2220.21	2239.00	47569780.00	111859736576	2241.842	2226.649	2167.696	2162.435	2149.037	2133.397	47569780	50869272	55066308	52902104	0	0	0	0		1
2016/07/11	2242.26	2252.66	2216.57	2218.59	53188672.00	125927178240	2235.818	2229.327	2175.89	2166.855	2147.78	2133.989	53188672	51090684	54204924	52873716	0	0	0	0		1
2016/07/12	2218.02	2247.35	2182.03	2247.35	55163400.00	124488941568	2236.084	2232.391	2185.342	2172.77	2146.496	2135.552	55163400	51414100	52731840	53686588	0	0	0	0		1
2016/07/13	2258.26	2299.86	2250.64	2285.37	58098824.00	129661206528	2244.846	2239.949	2193.17	2180.332	2146.091	2136.472	58098824	53814120	52555056	54050148	0	0	0	0		1
2016/07/14	2282.16	2295.59	2273.42	2293.08	50294624.00	112541483008	2256.678	2246.478	2202.753	2184.774	2146.549	2137.973	50294624	52863060	51877624	54078068	0	0	0	0		1
2016/07/15	2289.10	2293.09	2260.16	2263.78	47067548.00	106680123392	2261.634	2251.738	2209.798	2187.94	2146.403	2138.714	47067548	52762612	51815944	53887096	0	0	0	0		1
2016/07/18	2257.42	2268.79	2234.21	2249.87	41749944.00	94095548416	2267.89	2251.854	2216.31	2189.983	2148.147	2138.782	41749944	50474868	50782776	53762936	0	0	0	0		1
2016/07/19	2249.74	2273.72	2237.00	2273.72	41359712.00	93873659904	2273.164	2254.624	2225.396	2192.275	2150.873	2139.358	41359712	47714132	49564116	53199956	0	0	0	0		1
2016/07/20	2272.64	2288.65	2268.53	2268.54	43689616.00	101818621952	2269.798	2257.322	2231.582	2194.583	2153.067	2140.659	43689616	44832288	49323204	52959408	0	0	0	0		1
2016/07/21	2266.08	2289.67	2259.20	2265.13	45103624.00	104339013632	2264.208	2260.443	2237.964	2196.863	2155.372	2141.622	45103624	43794088	48328576	52538980	0	0	0	0		1
2016/07/22	2262.10	2269.55	2248.30	2250.00	40420396.00	95097389056	2261.452	2261.543	2244.096	2198.978	2156.944	2142.381	40420396	42464660	47613636	51339972	0	0	0	0		1
2016/07/25	2245.86	2264.44	2235.45	2245.89	37437208.00	87825743872	2260.656	2264.273	2246.8	2205.351	2158.598	2144.48	37437208	41602112	46038488	50121708	0	0	0	0		1
2016/07/26	2245.94	2279.55	2245.94	2279.55	36165504.00	80885653504	2261.822	2267.493	2249.942	2212.726	2160.67	2146.831	36165504	40563268	44138700	48435272	0	0	0	0		1
2016/07/27	2282.07	2284.28	2138.78	2155.39	63315116.00	136786501632	2239.192	2254.495	2247.222	2213.612	2160.948	2148.905	63315116	44488368	44660328	48607692	0	0	0	0		1
2016/07/28	2150.32	2166.60	2109.87	2139.74	43038520.00	93423067136	2214.114	2239.161	2242.82	2214.889	2159.656	2150.119	43038520	44075348	43934720	47906172	0	0	0	0		1
2016/07/29	2144.27	2147.19	2109.13	2122.41	31654140.00	70697525248	2188.596	2225.024	2238.381	2214.873	2158.179	2151.2	31654140	42322096	42393376	47104660	0	0	0	0		1
2016/08/01	2113.67	2118.09	2066.18	2099.18	32837240.00	70365782016	2159.254	2209.955	2230.905	2214.192	2156.097	2151.399	32837240	41402104	41502108	46142440	0	0	0	0		1
2016/08/02	2096.55	2114.95	2094.12	2113.21	25102200.00	54824456192	2125.986	2193.904	2224.264	2214.899	2155.831	2151.588	25102200	39189444	39876356	44720236	0	0	0	0		1
2016/08/03	2110.23	2117.62	2096.73	2108.31	26589352.00	60208091136	2116.57	2177.881	2217.602	2213.682	2156.743	2151.436	26589352	31844290	38166328	43744768	0	0	0	0		1
2016/08/04	2107.62	2133.18	2102.27	2129.65	31872354.00	70346735616	2114.552	2164.333	2212.388	2213.42	2158	2151.708	31872354	29611058	36843204	42585888	0	0	0	0		1
2016/08/05	2128.74	2129.33	2107.44	2109.05	28354310.00	62410473472	2111.88	2150.238	2205.891	2212.81	2159.236	2151.643	28354310	28951092	35636596	41625116	0	0	0	0		1
2016/08/08	2102.24	2130.59	2083.98	2130.59	26546576.00	59332218880	2118.162	2138.708	2201.49	2210.769	2160.836	2151.048	26546576	27692958	34547532	40293012	0	0	0	0		1
2016/08/09	2128.64	2154.51	2128.22	2154.51	33634360.00	75119394816	2126.422	2126.204	2196.848	2208.696	2162.991	2150.541	33634360	29399390	34294416	39216560	0	0	0	0		1
2016/08/10	2155.39	2164.63	2136.83	2137.00	32552436.00	74725761024	2132.16	2124.365	2189.43	2206.27	2164.31	2150.092	32552436	30592008	31218148	37939240	0	0	0	0		1
2016/08/11	2134.60	2139.20	2103.40	2103.40	29775196.00	68817092608	2126.91	2120.731	2179.946	2202.123	2164.676	2149.195	29775196	30172576	29891816	36913268	0	0	0	0		1
2016/08/12	2098.77	2123.86	2097.91	2123.84	25919436.00	59659243520	2129.868	2120.874	2172.949	2199.212	2166.398	2148.181	25919436	29685600	29318346	35855864	0	0	0	0		1
2016/08/15	2126.79	2200.92	2112.25	2193.21	47469912.00	107664695296	2142.392	2130.277	2170.116	2197.362	2168.995	2147.973	47469912	33870268	30781614	36141860	0	0	0	0		1
2016/08/16	2195.02	2211.01	2192.97	2201.10	41894228.00	99220193280	2151.71	2139.066	2166.485	2195.865	2171.259	2147.951	41894228	35522240	32460816	36168588	0	0	0	0		1
2016/08/17	2200.24	2218.29	2195.37	2208.20	38309640.00	94247927808	2165.95	2149.055	2163.468	2194.753	2173.091	2149.377	38309640	36673684	33632844	35899588	0	0	0	0		1
2016/08/18	2204.95	2213.30	2191.93	2201.59	37873956.00	92612780032	2185.588	2156.249	2160.291	2193.675	2175.193	2150.933	37873956	38293436	34233004	35538104	0	0	0	0		1
2016/08/19	2200.68	2211.06	2194.11	2204.56	34079968.00	81998036992	2201.732	2165.8	2158.019	2192.527	2177.481	2153.636	34079968	39925540	34805572	35221084	0	0	0	0		1
2016/08/22	2205.57	2213.41	2167.40	2167.40	37116420.00	88505696256	2196.57	2169.481	2154.094	2190.821	2178.838	2155.573	37116420	37854844	35862556	35205044	0	0	0	0		1
2016/08/23	2168.34	2186.74	2160.30	2174.16	30192240.00	71274061824	2191.182	2171.446	2148.825	2188.381	2180.575	2156.878	30192240	35514444	35518344	34906380	0	0	0	0		1
2016/08/24	2178.53	2204.80	2176.35	2192.17	34558488.00	80246218752	2187.976	2176.963	2150.664	2185.274	2182.803	2158.42	34558488	34764216	35718948	33468548	0	0	0	0		1
2016/08/25	2179.01	2183.73	2152.11	2180.66	38573296.00	92006703104	2183.79	2184.689	2152.71	2181.527	2183.151	2160.7	38573296	34904084	36598760	33245288	0	0	0	0		1
2016/08/26	2186.00	2211.63	2182.11	2189.75	39402496.00	92417859584	2180.828	2191.28	2156.077	2179.059	2183.5	2162.671	39402496	35968588	37947064	33632704	0	0	0	0		1
2016/08/29	2187.72	2209.25	2183.81	2193.20	37814784.00	84334108672	2185.988	2191.279	2160.778	2177.17	2183.577	2164.262	37814784	36108260	36981552	33881584	0	0	0	0		1
2016/08/30	2197.49	2210.40	2193.07	2195.53	36388416.00	78025965568	2190.262	2190.722	2164.894	2174.564	2183.419	2166.135	36388416	37347496	36430972	34445892	0	0	0	0		1
2016/08/31	2194.61	2198.25	2175.84	2191.76	34232360.00	79190302720	2190.18	2189.078	2169.066	2172.005	2183.294	2168.258	34232360	37282272	36023244	34828044	0	0	0	0		1
2016/09/01	2192.94	2201.28	2181.33	2181.33	35320384.00	80316989440	2190.314	2187.052	2171.65	2169.211	2183.037	2170.312	35320384	36631688	35767884	35000444	0	0	0	0		1
2016/09/02	2176.39	2187.69	2160.11	2170.86	34463468.00	78164246528	2186.536	2183.682	2174.741	2166.573	2182.776	2171.543	34463468	35643884	35806236	35305904	0	0	0	0		1
2016/09/05	2178.63	2199.65	2178.09	2182.69	31350628.00	72522014720	2184.434	2185.211	2177.346	2164.467	2184.909	2173.091	31350628	34351052	35229656	35546104	0	0	0	0		1
2016/09/06	2183.23	2225.26	2161.93	2222.84	46134656.00	100947640320	2189.896	2190.079	2180.762	2162.576	2187.651	2175.135	46134656	36300300	36823896	36171120	0	0	0	0		1
2016/09/07	2223.02	2232.12	2208.83	2212.05	48768064.00	103235960832	2193.954	2192.067	2184.515	2164.465	2189.039	2176.175	48768064	39207440	38244856	36981900	0	0	0	0		1
2016/09/08	2211.39	2223.47	2207.11	2223.47	38590932.00	80711213056	2202.382	2196.348	2190.519	2167.256	2191.073	2176.555	38590932	39861548	38246620	37422688	0	0	0	0		1
2016/09/09	2223.58	2228.54	2202.97	2202.97	38968752.00	83363176448	2208.804	2197.67	2194.475	2169.941	2192.407	2176.355	38968752	40762608	38203244	38075156	0	0	0	0		1
2016/09/12	2163.45	2179.98	2145.03	2145.56	41905376.00	85731819520	2201.378	2192.906	2192.093	2171.487	2192.84	2175.72	41905376	42873556	38612304	37796928	0	0	0	0		1
2016/09/13	2157.95	2165.58	2139.34	2145.87	30860316.00	66241785856	2185.984	2187.94	2189.331	2172.576	2193.737	2174.777	30860316	39818688	38059492	37245232	0	0	0	0		1
2016/09/14	2137.40	2156.98	2131.71	2144.56	29032312.00	60399624192	2172.486	2183.22	2186.149	2173.784	2193.733	2174.15	29032312	35871536	37539488	36781364	0	0	0	0		1
2016/09/19	2149.37	2174.40	2149.37	2165.21	26844050.00	57115934720	2160.834	2181.608	2184.33	2174.97	2194.195	2173.726	26844050	33522162	36691856	36229872	0	0	0	0		1
2016/09/20	2164.42	2167.64	2153.94	2158.43	28844356.00	58750578688	2151.926	2180.365	2182.023	2176.616	2194.713	2173.382	28844356	31497282	36129944	35968088	0	0	0	0		1
2016/09/21	2158.06	2170.09	2157.38	2162.13	27049596.00	57269329920	2155.24	2178.309	2181.76	2177.667	2194.218	2173.462	27049596	28526126	35699840	35464748	0	0	0	0		1
2016/09/22	2174.30	2178.53	2166.61	2168.42	28362324.00	61945057280	2159.75	2172.867	2181.473	2178.131	2193.413	2172.792	28362324	28026528	33922608	35373252	0	0	0	0		1
2016/09/23	2171.63	2173.49	2156.04	2156.51	30098248.00	63659933696	2162.14	2167.313	2179.69	2178.781	2192.525	2172.111	30098248	28239714	32055626	35150240	0	0	0	0		1
2016/09/26	2154.40	2161.76	2122.90	2122.90	32401348.00	68205944832	2153.678	2157.256	2176.802	2179.431	2190.777	2171.423	32401348	29351174	31436668	34841644	0	0	0	0		1
2016/09/27	2118.95	2140.80	2112.70	2140.80	28166716.00	59577679872	2150.152	2151.039	2174.354	2179.996	2189.604	2170.267	28166716	29215646	30356464	34279856	0	0	0	0		1
2016/09/28	2143.72	2143.72	2132.55	2139.63	24175726.00	51069165568	2145.652	2150.446	2171.676	2178.21	2187.786	2168.956	24175726	28640872	28583500	33597900	0	0	0	0		1
2016/09/29	2141.34	2155.42	2140.98	2146.18	25538392.00	53909913600	2141.204	2150.477	2169.208	2176.38	2186.122	2168.101	25538392	28076086	28051306	33055400	0	0	0	0		1
2016/09/30	2144.47	2154.40	2143.34	2149.90	23142884.00	48014446592	2139.882	2151.011	2167.115	2174.436	2184.594	2167.435	23142884	26685014	27462364	32500926	0	0	0	0		1
2016/10/10	2165.85	2208.47	2163.41	2208.47	36210604.00	79254609920	2156.996	2155.337	2168.472	2174.666	2184.17	2166.812	36210604	27446864	28399020	32545438	0	0	0	0		1
2016/10/11	2207.43	2210.86	2201.31	2210.86	33618196.00	74087587840	2171.008	2160.58	2170.472	2174.876	2183.701	2166.369	33618196	28537160	28876404	32503174	0	0	0	0		1
2016/10/12	2202.36	2216.52	2198.89	2209.69	32205924.00	68693590016	2185.02	2165.336	2171.823	2176.285	2183.553	2165.667	32205924	30143200	29392036	32545938	0	0	0	0		1
2016/10/13	2211.76	2216.09	2200.52	2208.57	32880024.00	70015844352	2197.498	2169.351	2171.109	2177.432	2182.907	2164.701	32880024	31611526	29843806	31883208	0	0	0	0		1
2016/10/14	2203.87	2203.87	2178.91	2194.23	32467018.00	71744110592	2206.364	2173.123	2170.218	2177.501	2181.388	2163.739	32467018	33476354	30080684	31068154	0	0	0	0		1
2016/10/17	2199.18	2200.47	2160.01	2167.86	34755160.00	75275321344	2198.242	2177.619	2167.438	2177.074	2179.301	2162.925	34755160	33185264	30316064	30876366	0	0	0	0		1
2016/10/18	2164.60	2198.14	2164.60	2198.14	33830748.00	75480899584	2195.698	2183.353	2167.196	2177.354	2178.207	2162.305	33830748	33227774	30882468	30619466	0	0	0	0		1
2016/10/19	2200.53	2201.16	2180.47	2184.91	35703036.00	79193333760	2190.742	2187.881	2169.164	2177.078	2177.124	2162.635	35703036	33927196	32035198	30309348	0	0	0	0		1
2016/10/20	2187.41	2199.06	2184.35	2193.26	39193184.00	84494016512	2187.68	2192.589	2171.533	2177.002	2175.783	2163.328	39193184	35189828	33400678	30725992	0	0	0	0		1
2016/10/21	2196.84	2202.49	2167.83	2181.00	41616516.00	86896533504	2185.034	2195.699	2173.355	2176.643	2174.324	2163.695	41616516	37019728	35248040	31355202	0	0	0	0		1
2016/10/24	2184.11	2204.36	2176.92	2200.80	37525696.00	83347079168	2191.622	2194.932	2175.135	2177.292	2173.252	2164.312	37525696	37573836	35379552	31889284	0	0	0	0		1
2016/10/25	2202.79	2207.81	2196.57	2200.21	34010904.00	80367828992	2192.036	2193.867	2177.223	2178.271	2172.422	2164.683	34010904	37609868	35418820	32147612	0	0	0	0		1
2016/10/26	2203.48	2204.84	2179.76	2184.49	39927388.00	88142594048	2191.952	2191.347	2178.342	2178.331	2171.399	2164.999	39927388	38454736	36190968	32791502	0	0	0	0		1
2016/10/27	2182.91	2184.32	2171.24	2182.48	32058256.00	73099206656	2189.796	2188.738	2179.044	2176.985	2169.781	2165.226	32058256	37027752	36108792	32976298	0	0	0	0		1
2016/10/28	2182.56	2192.90	2165.03	2165.43	37520832.00	84037992448	2186.682	2185.858	2179.49	2175.431	2169.948	2165.448	37520832	36208616	36614172	33347428	0	0	0	0		1
2016/10/31	2158.57	2162.67	2145.57	2159.76	31724370.00	71498686464	2178.474	2185.048	2181.333	2173.308	2170.282	2164.969	31724370	35048352	36311092	33313578	0	0	0	0		1
2016/11/01	2160.39	2177.83	2159.71	2176.45	34872400.00	81948442624	2173.722	2182.879	2183.116	2172.424	2171.182	2164.681	34872400	35220648	36415260	33648864	0	0	0	0		1
2016/11/02	2170.81	2171.66	2145.07	2146.40	38992664.00	88504270848	2166.104	2179.028	2183.455	2172.452	2171.969	2164.033	38992664	35033704	36744220	34389708	0	0	0	0		1
2016/11/03	2137.13	2167.93	2135.28	2153.18	43866868.00	99368714240	2160.244	2175.02	2183.804	2172.695	2172.636	2164.233	43866868	37395428	37211588	35306132	0	0	0	0		1
2016/11/04	2151.92	2168.34	2142.41	2145.23	40275072.00	89121759232	2156.204	2171.443	2183.571	2172.718	2173.251	2164.997	40275072	37946276	37077444	36162744	0	0	0	0		1
2016/11/07	2141.30	2145.82	2126.95	2130.30	35113624.00	79743434752	2150.312	2164.393	2179.663	2171.554	2173.262	2165.631	35113624	38624124	36836236	36107896	0	0	0	0		1
2016/11/08	2138.45	2154.57	2136.25	2150.30	33764856.00	76689612800	2145.082	2159.402	2176.635	2171.283	2173.949	2166.593	33764856	38402616	36811632	36115228	0	0	0	0		1
2016/11/09	2150.62	2154.85	2098.56	2123.84	41862024.00	93897957376	2140.57	2153.337	2172.342	2170.007	2173.837	2167.336	41862024	38976488	37005096	36598032	0	0	0	0		1
2016/11/10	2143.56	2149.09	2138.94	2143.32	37575300.00	90342498304	2138.598	2149.421	2169.08	2169.17	2173.65	2168.321	37575300	37718176	37556800	36832796	0	0	0	0		1
2016/11/11	2143.58	2147.11	2125.49	2147.11	44124776.00	102156664832	2138.974	2147.589	2166.723	2168.857	2173.819	2169.064	44124776	38488116	38217196	37415684	0	0	0	0		1
2016/11/14	2146.83	2175.25	2146.83	2161.69	46558864.00	109741744128	2145.252	2147.782	2166.415	2170.15	2174.79	2169.733	46558864	40777164	39700644	38005868	0	0	0	0		1
2016/11/15	2161.57	2179.30	2152.38	2179.30	43229680.00	99672965120	2151.052	2148.067	2165.473	2171.433	2175.715	2171.056	43229680	42670128	40536372	38475816	0	0	0	0		1
2016/11/16	2187.50	2208.98	2182.12	2182.47	51659092.00	113829429248	2162.778	2151.674	2165.351	2172.861	2175.536	2172.265	51659092	44629544	41803016	39273620	0	0	0	0		1
2016/11/17	2176.12	2176.12	2157.54	2163.04	36753520.00	81920589824	2166.722	2152.66	2163.84	2173.423	2174.901	2173.08	36753520	44465188	41091680	39151636	0	0	0	0		1
2016/11/18	2164.71	2170.79	2155.23	2157.96	32671432.00	78249877504	2168.892	2153.933	2162.688	2173.692	2174.064	2173.578	32671432	42174516	40331316	38704380	0	0	0	0		1
2016/11/21	2156.46	2162.37	2147.05	2152.60	34743224.00	86720847872	2167.074	2156.163	2160.278	2171.829	2173.248	2174.22	34743224	39811388	40294276	38565256	0	0	0	0		1
2016/11/22	2156.52	2177.65	2146.62	2177.65	41202112.00	107157053440	2166.744	2158.898	2159.15	2170.722	2172.799	2175.14	41202112	39405876	41038004	38924816	0	0	0	0		1
2016/11/23	2182.10	2191.26	2163.00	2165.71	49392912.00	118245466112	2163.392	2163.085	2158.211	2169.256	2172.771	2175.804	49392912	38952640	41791092	39398092	0	0	0	0		1
2016/11/24	2159.61	2172.18	2142.95	2146.63	39967956.00	94879694848	2160.11	2163.416	2156.418	2167.192	2172.312	2176.444	39967956	39595528	42030356	39793580	0	0	0	0		1
2016/11/25	2145.97	2167.53	2123.74	2167.53	41598644.00	99075047424	2162.024	2165.458	2156.523	2166.302	2171.901	2177.352	41598644	41380968	41777744	39997468	0	0	0	0		1
2016/11/28	2172.97	2175.51	2159.73	2166.05	35057824.00	86536216576	2164.714	2165.894	2156.838	2166.241	2171.658	2177.404	35057824	41443888	40627640	40164144	0	0	0	0		1
2016/11/29	2161.78	2178.19	2153.72	2160.35	40323864.00	90413555712	2161.254	2163.999	2156.033	2164.982	2171.168	2177.334	40323864	41268240	40337056	40436716	0	0	0	0		1
2016/11/30	2157.54	2201.56	2155.24	2183.05	41888076.00	96636837888	2164.722	2164.057	2157.865	2164.92	2170.999	2177.288	41888076	39767272	39359956	40581488	0	0	0	0		1
2016/12/01	2181.73	2188.09	2175.50	2181.93	34102656.00	83035422720	2171.782	2165.946	2159.303	2164.542	2170.772	2177.096	34102656	38594212	39094872	40093276	0	0	0	0		1
2016/12/02	2180.39	2186.69	2143.21	2143.45	38481896.00	91440881664	2166.966	2164.495	2159.214	2163.29	2169.967	2176.63	38481896	37970864	39675916	40003616	0	0	0	0		1
2016/12/05	2129.25	2162.30	2124.75	2143.88	30341460.00	71489011712	2162.532	2163.623	2159.893	2161.393	2169.343	2176.19	30341460	37027592	39235740	39765008	0	0	0	0		1
2016/12/06	2149.75	2156.69	2121.25	2122.26	28738656.00	68273397760	2154.914	2158.084	2158.491	2158.795	2168.533	2175.654	28738656	34710548	37989396	39513700	0	0	0	0		1
2016/12/07	2123.55	2134.99	2116.54	2134.99	26993264.00	64602402816	2145.302	2155.012	2159.049	2157.145	2167.738	2176.323	26993264	31731586	35749428	38770260	0	0	0	0		1
2016/12/08	2135.79	2136.26	2114.04	2114.71	29346544.00	69894676480	2131.858	2151.82	2157.618	2154.886	2165.936	2176.793	29346544	30780364	34687288	38358824	0	0	0	0		1
2016/12/09	2114.45	2118.63	2097.09	2099.89	29318900.00	72802418688	2123.146	2145.056	2155.257	2152.701	2164.066	2176.552	29318900	28947764	33459314	37618528	0	0	0	0		1
2016/12/12	2095.58	2096.40	1981.17	1984.39	45320516.00	98589941760	2091.248	2126.89	2146.392	2146.855	2160.082	2175.577	45320516	31943576	34485584	37556612	0	0	0	0		1
2016/12/13	1982.08	1995.35	1961.91	1985.04	30454872.00	65404301312	2063.804	2109.359	2136.679	2140.475	2156.449	2174.428	30454872	32286820	33498684	36917872	0	0	0	0		1
2016/12/14	1982.98	1988.46	1958.04	1963.08	26826274.00	59922038784	2029.422	2087.362	2125.709	2134.364	2153.408	2173.124	26826274	32253422	31992504	35676232	0	0	0	0		1
2016/12/15	1957.71	1991.32	1956.55	1975.85	26921236.00	59878690816	2001.65	2066.754	2116.35	2128.453	2150.574	2172.156	26921236	31768360	31274362	35184616	0	0	0	0		1
2016/12/16	1977.86	2005.28	1972.22	1998.11	26396376.00	58833055744	1981.294	2052.22	2108.357	2123.549	2148.134	2170.933	26396376	31183854	30065810	34870864	0	0	0	0		1
2016/12/19	1995.00	1995.00	1976.77	1980.41	23412762.00	51680845824	1980.498	2035.873	2099.748	2118.553	2145.053	2169.624	23412762	26802304	29372940	34304340	0	0	0	0		1
2016/12/20	1981.69	1989.99	1974.93	1982.30	22915612.00	50798395392	1979.95	2021.877	2089.98	2112.953	2142.118	2168.416	22915612	25294452	28790636	33390016	0	0	0	0		1
2016/12/21	1987.76	1996.10	1985.05	1991.70	24556540.00	54142332928	1985.674	2007.548	2081.28	2108.548	2139.278	2166.748	24556540	24840506	28546964	32148196	0	0	0	0		1
2016/12/22	1993.04	1993.04	1978.74	1986.27	22576232.00	49651372032	1987.758	1994.704	2073.262	2103.313	2136.242	2164.827	22576232	23971504	27869932	31278610	0	0	0	0		1
2016/12/23	1987.73	1992.21	1964.23	1964.54	24758644.00	54365945856	1981.044	1981.169	2063.113	2097.228	2133.042	2162.784	24758644	23643958	27413906	30436610	0	0	0	0		1
2016/12/26	1959.19	1974.01	1933.52	1974.01	25822442.00	55096393728	1979.764	1980.131	2053.51	2090.972	2130.561	2160.669	25822442	24125894	25464100	29974842	0	0	0	0		1
2016/12/27	1972.51	1977.31	1968.57	1968.62	24282864.00	51573645312	1977.028	1978.489	2043.924	2083.949	2127.691	2158.647	24282864	24399344	24846898	29172792	0	0	0	0		1
2016/12/28	1968.15	1971.51	1954.96	1957.15	24099892.00	48942374912	1970.118	1977.896	2032.629	2076.438	2124.65	2156.218	24099892	24308014	24574260	28283382	0	0	0	0		1
2016/12/29	1956.72	1971.94	1955.62	1959.24	24144412.00	50721804288	1964.712	1976.235	2021.495	2069.645	2121.534	2153.828	24144412	24621650	24296578	27785470	0	0	0	0		1
2016/12/30	1961.22	1964.70	1952.68	1962.06	23751792.00	49725046784	1964.216	1972.63	2012.425	2063.115	2118.403	2151.499	23751792	24420280	24032120	27048964	0	0	0	0		1
2017/01/03	1965.04	1971.91	1959.14	1963.26	23801780.00	49977696256	1962.066	1970.915	2003.394	2056.804	2114.316	2149.243	23801780	24016148	24071020	26721980	0	0	0	0		1
2017/01/04	1963.02	1992.76	1959.57	1991.57	30298554.00	64299376640	1966.656	1971.842	1996.859	2050.601	2110.662	2147.181	30298554	25219286	24809316	26799976	0	0	0	0		1
2017/01/05	1990.70	1993.71	1983.84	1983.97	26841628.00	59511615488	1972.02	1971.069	1989.308	2044.543	2106.9	2145.226	26841628	25767634	25037824	26792394	0	0	0	0		1
2017/01/06	1980.84	1982.40	1963.32	1965.03	29057446.00	61752524800	1973.178	1968.945	1981.824	2038.49	2102.841	2142.874	29057446	26750240	25685946	26777938	0	0	0	0		1
2017/01/09	1962.20	1968.87	1951.49	1961.62	25094728.00	52501442560	1973.09	1968.653	1974.911	2031.626	2098.964	2140.176	25094728	27018828	25719554	26566730	0	0	0	0		1
2017/01/10	1960.10	1967.47	1951.18	1951.68	22764272.00	47925862400	1970.774	1966.42	1973.276	2024.48	2095.361	2137.331	22764272	26811326	25413736	25438918	0	0	0	0		1
2017/01/11	1947.42	1959.30	1932.46	1937.55	26448796.00	55762255872	1959.97	1963.313	1970.901	2017.054	2091.018	2134.612	26448796	26041374	25630330	25238614	0	0	0	0		1
2017/01/12	1935.52	1946.59	1929.05	1930.14	23379380.00	50207727616	1949.204	1960.612	1969.254	2008.623	2086.771	2131.948	23379380	25348924	25558278	25066270	0	0	0	0		1
2017/01/13	1930.11	1934.48	1899.11	1899.94	26489808.00	57399287808	1936.186	1954.682	1965.458	1999.224	2081.883	2128.833	26489808	24835396	25792818	25044698	0	0	0	0		1
2017/01/16	1897.45	1897.82	1783.74	1830.85	36824728.00	72670650368	1910.032	1941.561	1957.095	1988.804	2076.047	2125.186	36824728	27181396	27100112	25566116	0	0	0	0		1
2017/01/17	1824.10	1875.80	1805.39	1867.87	31653448.00	65227325440	1893.27	1932.022	1951.469	1979.603	2070.498	2121.875	31653448	28959232	27885278	25978150	0	0	0	0		1
2017/01/18	1860.24	1862.83	1845.57	1845.79	22720548.00	47087009792	1874.918	1917.444	1944.643	1970.388	2064.591	2118.507	22720548	28213582	27127478	25968396	0	0	0	0		1
2017/01/19	1842.66	1853.11	1833.50	1844.14	20696526.00	42999939072	1857.718	1903.461	1937.265	1960.693	2058.919	2115.159	20696526	27677012	26512968	25775396	0	0	0	0		1
2017/01/20	1844.37	1892.36	1842.62	1880.75	27940760.00	58111139840	1853.88	1895.033	1931.989	1952.894	2053.89	2111.835	27940760	27967202	26401300	26043622	0	0	0	0		1
2017/01/23	1879.97	1897.10	1879.71	1887.32	24566192.00	50458865664	1865.174	1887.603	1928.128	1945.808	2049.255	2109.601	24566192	25515494	26348446	26034000	0	0	0	0		1
2017/01/24	1885.24	1885.95	1859.71	1861.22	22732104.00	46141222912	1863.844	1878.557	1922.489	1941.703	2044.279	2107.281	22732104	23731226	26345228	25879482	0	0	0	0		1
2017/01/25	1857.32	1874.63	1856.22	1870.70	20653604.00	43885047808	1868.826	1871.872	1917.593	1937.891	2039.183	2105.183	20653604	23317838	25765710	25698020	0	0	0	0		1
2017/01/26	1872.14	1887.67	1872.14	1886.23	19862188.00	40551186432	1877.244	1867.481	1914.047	1935.33	2034.847	2103.408	19862188	23150970	25413990	25486134	0	0	0	0		1
2017/02/03	1886.97	1888.81	1872.70	1876.76	18991136.00	38310170624	1876.446	1865.163	1909.922	1932.027	2030.24	2101.438	18991136	21361044	24664124	25228470	0	0	0	0		1
2017/02/06	1877.14	1903.33	1874.71	1900.45	24797524.00	50807132160	1879.072	1872.123	1906.842	1928.771	2026.16	2099.706	24797524	21407312	23461404	25280758	0	0	0	0		1
2017/02/07	1897.87	1900.35	1881.73	1889.13	25506648.00	51671420928	1884.654	1874.249	1903.135	1925.729	2022.141	2097.701	25506648	21962220	22846724	25366000	0	0	0	0		1
2017/02/08	1887.34	1903.63	1881.14	1903.63	29127888.00	58632495104	1891.24	1880.033	1898.739	1923.106	2018.03	2095.99	29127888	23657076	23487456	25307468	0	0	0	0		1
2017/02/09	1903.67	1916.41	1901.88	1914.08	32106526.00	66598838272	1896.81	1887.027	1895.244	1920.519	2014.534	2094.185	32106526	26105944	24628456	25570712	0	0	0	0		1
2017/02/10	1913.23	1915.43	1900.71	1904.68	29874916.00	60928335872	1902.394	1889.42	1892.226	1917.799	2010.556	2092.103	29874916	28282700	24821872	25611586	0	0	0	0		1
2017/02/13	1902.46	1919.20	1894.15	1913.68	29419548.00	61229531136	1905.04	1892.056	1889.829	1916.104	2006.666	2090.242	29419548	29207106	25307208	25827828	0	0	0	0		1
2017/02/14	1914.14	1918.79	1906.41	1909.40	26741132.00	58086248448	1909.094	1896.874	1887.715	1913.95	2002.461	2088.626	26741132	29454002	25708112	26026670	0	0	0	0		1
2017/02/15	1911.04	1920.29	1890.09	1892.36	31909490.00	70039576576	1906.84	1899.04	1885.456	1911.408	1997.679	2086.697	31909490	30010322	26833700	26299704	0	0	0	0		1
2017/02/16	1891.87	1900.97	1886.41	1897.63	27688690.00	56169402368	1903.55	1900.18	1883.83	1909.424	1992.931	2084.233	27688690	29126756	27616350	26515170	0	0	0	0		1
2017/02/17	1896.70	1904.87	1881.00	1882.87	30519690.00	61989797888	1899.188	1900.791	1882.977	1906.879	1988.262	2081.582	30519690	29255710	28769206	26716664	0	0	0	0		1
2017/02/20	1884.99	1894.96	1876.67	1894.96	29283960.00	59714408448	1895.444	1900.242	1886.182	1904.642	1983.879	2078.971	29283960	29228592	29217848	26339626	0	0	0	0		1
2017/02/21	1896.86	1924.03	1895.43	1921.08	35734896.00	71445340160	1897.78	1903.437	1888.843	1903.236	1980.02	2076.634	35734896	31027346	30240674	26543698	0	0	0	0		1
2017/02/22	1921.55	1925.30	1909.12	1919.97	31624710.00	64797151232	1903.302	1905.071	1892.552	1900.849	1975.725	2074.262	31624710	30970390	30490356	26988906	0	0	0	0		1
2017/02/23	1919.24	1925.95	1906.81	1925.95	32704508.00	67213860864	1908.966	1906.258	1896.642	1898.915	1971.729	2072.25	32704508	31973552	30550154	27589306	0	0	0	0		1
2017/02/24	1925.10	1939.39	1921.30	1938.44	34053568.00	72649351168	1920.08	1909.634	1899.527	1898.029	1968.259	2070.286	34053568	32680328	30968020	27894946	0	0	0	0		1
2017/02/27	1937.56	1943.98	1923.53	1926.77	34433576.00	73146777600	1926.442	1910.943	1901.5	1896.867	1964.247	2068.074	34433576	33710252	31469422	28388316	0	0	0	0		1
2017/02/28	1926.14	1931.82	1918.32	1927.16	31317814.00	65279500288	1927.658	1912.719	1904.797	1896.05	1960.265	2065.961	31317814	32826836	31927090	28817600	0	0	0	0		1
2017/03/01	1925.70	1938.68	1923.75	1931.97	34223064.00	73798230016	1930.058	1916.68	1907.86	1895.864	1956.459	2063.813	34223064	33346506	32158448	29496074	0	0	0	0		1
2017/03/02	1936.08	1937.90	1919.74	1920.40	31413656.00	70396633088	1928.948	1918.957	1909.568	1895.539	1952.081	2061.54	31413656	33088336	32530944	30073648	0	0	0	0		1
2017/03/03	1916.20	1932.21	1908.32	1928.29	31517880.00	73076350976	1926.918	1923.499	1912.145	1896.484	1947.854	2059.313	31517880	32581198	32630764	30699984	0	0	0	0		1
2017/03/06	1931.62	1962.77	1931.62	1962.77	39855964.00	91192492032	1934.118	1930.28	1915.261	1900.882	1944.843	2057.405	39855964	33665676	33687964	31452906	0	0	0	0		1
2017/03/07	1967.18	1977.85	1957.29	1977.85	38814716.00	89511739392	1944.256	1935.957	1919.697	1904.548	1942.075	2055.709	38814716	35165056	33995944	32118310	0	0	0	0		1
2017/03/08	1976.85	1976.85	1960.07	1964.63	33620520.00	77768810496	1950.788	1940.423	1922.747	1908.509	1939.448	2053.99	33620520	35044548	34195528	32342942	0	0	0	0		1
2017/03/09	1962.64	1962.64	1948.79	1953.94	33261476.00	77444120576	1957.496	1943.222	1924.74	1912.169	1936.431	2052.084	33261476	35414112	34251224	32400688	0	0	0	0		1
2017/03/10	1952.50	1957.71	1945.57	1950.01	29642546.00	74276528128	1961.84	1944.379	1927.006	1914.478	1933.686	2049.811	29642546	35039044	33810120	32389070	0	0	0	0		1
2017/03/13	1948.52	1972.08	1939.03	1970.88	34137264.00	81686159360	1963.462	1948.79	1929.866	1917.263	1931.536	2047.801	34137264	33895304	33780488	32624956	0	0	0	0		1
2017/03/14	1967.47	1970.48	1952.10	1958.02	35582312.00	88532762624	1959.496	1951.876	1932.297	1920.49	1931.096	2045.589	35582312	33248824	34206940	33067016	0	0	0	0		1
2017/03/15	1951.71	1964.43	1943.61	1957.82	33550572.00	83914727424	1958.134	1954.461	1935.57	1923.394	1930.642	2043.546	33550572	33234834	34139692	33149070	0	0	0	0		1
2017/03/16	1959.05	1968.43	1959.05	1966.73	36240700.00	91374166016	1960.692	1959.094	1939.026	1926.077	1930.703	2042.056	36240700	33830680	34622396	33576668	0	0	0	0		1
2017/03/17	1968.15	1981.69	1949.35	1949.66	43486176.00	107534680064	1960.622	1961.231	1942.365	1928.507	1930.267	2040.421	43486176	36599404	35819224	34224992	0	0	0	0		1
2017/03/20	1948.60	1953.82	1939.65	1953.82	35099192.00	85238169600	1957.21	1960.336	1945.308	1930.286	1929.529	2038.831	35099192	36791792	35343548	34515756	0	0	0	0		1
2017/03/21	1953.56	1961.65	1948.89	1961.06	31857190.00	81684971520	1957.818	1958.657	1947.307	1932.684	1929.206	2037.13	31857190	36046768	34647796	34321872	0	0	0	0		1
2017/03/22	1952.80	1959.71	1939.29	1948.58	35523344.00	88667840512	1955.97	1957.052	1948.738	1934.182	1928.644	2035.381	35523344	36441320	34838076	34516800	0	0	0	0		1
2017/03/23	1951.87	1960.34	1930.44	1948.37	38097144.00	98808569856	1952.298	1956.495	1949.859	1935.325	1927.922	2033.6	38097144	36812608	35321644	34786432	0	0	0	0		1
2017/03/24	1948.27	1966.42	1946.12	1965.14	33568584.00	81243160576	1955.394	1958.008	1951.193	1937.34	1927.57	2031.906	33568584	34829092	35714248	34762184	0	0	0	0		1
2017/03/27	1964.62	1967.11	1947.53	1947.53	32664224.00	78273847296	1954.136	1955.673	1952.231	1938.469	1927.286	2030.164	32664224	34342096	35566944	34673716	0	0	0	0		1
2017/03/29	1945.14	1948.72	1926.60	1929.20	33074116.00	80132595712	1947.764	1952.791	1952.333	1939.129	1926.54	2028.55	33074116	34585484	35316124	34761532	0	0	0	0		1
2017/03/30	1924.51	1926.53	1893.30	1893.70	37535544.00	86765223936	1936.788	1946.379	1950.42	1939.173	1925.291	2026.491	37535544	34987924	35714620	34927156	0	0	0	0		1
2017/03/31	1895.81	1908.53	1895.81	1907.34	28325784.00	68317577216	1928.582	1940.44	1949.767	1939.497	1924.461	2024.555	28325784	33033650	34923128	34772764	0	0	0	0		1
2017/04/05	1914.91	1943.43	1914.91	1943.16	34404956.00	77563625472	1924.186	1939.79	1950.51	1941.507	1924.193	2022.863	34404956	33200924	34015008	34917116	0	0	0	0		1
2017/04/06	1947.09	1951.23	1939.37	1944.23	32938064.00	75014823936	1923.526	1938.831	1949.583	1943.149	1923.896	2021.149	32938064	33255692	33798896	34571220	0	0	0	0		1
2017/04/07	1942.11	1953.57	1939.32	1946.05	35617464.00	77555154944	1926.896	1937.33	1947.994	1943.981	1923.609	2018.963	35617464	33764364	34174924	34411360	0	0	0	0		1
2017/04/10	1940.30	1940.30	1911.11	1912.45	44655020.00	95786409984	1930.646	1933.717	1945.385	1943.731	1922.29	2016.476	44655020	35188256	35088088	34963084	0	0	0	0		1
2017/04/11	1907.10	1920.78	1887.89	1917.63	44673040.00	91645853696	1932.704	1930.643	1943.569	1943.453	1921.184	2014.042	44673040	38457708	35745680	35533660	0	0	0	0		1
2017/04/12	1913.78	1915.02	1896.85	1897.51	34557716.00	69998166016	1923.574	1923.88	1940.944	1942.089	1920.059	2011.45	34557716	38488260	35844592	35779420	0	0	0	0		1
2017/04/13	1896.49	1920.23	1896.49	1910.48	29854160.00	59032625152	1916.824	1920.175	1937.924	1941.546	1919.207	2009.085	29854160	37871480	35563588	35565264	0	0	0	0		1
2017/04/14	1910.99	1910.99	1887.35	1887.46	32508900.00	62593859584	1905.106	1916.001	1934.396	1940.223	1918.136	2006.749	32508900	37249768	35507064	35411596	0	0	0	0		1
2017/04/17	1880.77	1886.61	1862.36	1868.28	34278108.00	66301149184	1896.272	1913.459	1929.919	1938.1	1916.982	2004	34278108	35174384	35181320	35447972	0	0	0	0		1
2017/04/18	1867.58	1878.10	1847.20	1848.20	32714524.00	61818798080	1882.386	1907.545	1923.992	1935.693	1915.616	2001.194	32714524	32782682	35620196	35271664	0	0	0	0		1
2017/04/19	1841.60	1845.64	1812.39	1845.38	36153456.00	66658967552	1871.96	1897.767	1918.778	1932.929	1914.707	1998.295	36153456	33101830	35795044	34905028	0	0	0	0		1
2017/04/20	1843.97	1856.73	1836.44	1850.39	31129514.00	59897749504	1859.942	1888.383	1913.607	1929.183	1915.032	1995.54	31129514	33356900	35614192	34706544	0	0	0	0		1
2017/04/21	1849.28	1863.58	1836.52	1839.01	26452930.00	49677758464	1850.252	1877.679	1907.505	1924.555	1914.552	1992.525	26452930	32145706	34697736	34436328	0	0	0	0		1
2017/04/24	1832.82	1832.82	1796.36	1809.91	29459280.00	53551865856	1838.578	1867.425	1900.571	1919.398	1913.953	1989.272	29459280	31181940	33178162	34133128	0	0	0	0		1
2017/04/25	1809.56	1829.26	1807.67	1818.87	28768572.00	54314205184	1832.712	1857.549	1894.096	1914.896	1913.532	1986.225	28768572	30392750	31587716	33666696	0	0	0	0		1
2017/04/26	1812.86	1822.12	1811.04	1820.48	29522820.00	57534787584	1827.732	1849.846	1886.863	1910.578	1912.528	1983.209	29522820	29066624	31084226	33464410	0	0	0	0		1
2017/04/27	1815.11	1847.93	1794.40	1842.92	43238960.00	81342111744	1826.238	1843.09	1881.632	1906.313	1911.788	1980.521	43238960	31488512	32422706	33993148	0	0	0	0		1
2017/04/28	1838.74	1856.40	1834.43	1850.73	33686664.00	63150473216	1828.582	1839.417	1877.709	1902.736	1911.613	1977.946	33686664	32935260	32540482	34023772	0	0	0	0		1
2017/05/02	1849.22	1855.34	1843.83	1850.85	30401176.00	57626058752	1836.77	1837.674	1875.567	1899.171	1911.282	1975.233	30401176	33123638	32152790	33667056	0	0	0	0		1
2017/05/03	1848.71	1854.68	1832.56	1840.45	34236676.00	64994029568	1841.086	1836.899	1872.222	1894.961	1910.519	1972.683	34236676	34217260	32305004	33962600	0	0	0	0		1
2017/05/04	1838.71	1858.56	1828.63	1838.10	37835332.00	69897199616	1844.61	1836.171	1866.969	1891.243	1909.875	1970.057	37835332	35879760	32473192	34134120	0	0	0	0		1
2017/05/05	1832.68	1839.65	1818.19	1818.19	33874804.00	62216380416	1839.664	1832.951	1860.667	1886.722	1908.504	1967.332	33874804	34006932	32747722	34180956	0	0	0	0		1
2017/05/08	1814.10	1825.76	1788.71	1788.71	33282208.00	59759517696	1827.26	1827.921	1852.8	1880.977	1906.83	1964.485	33282208	33926040	33430650	34064192	0	0	0	0		1
2017/05/09	1780.52	1803.21	1770.59	1802.49	31945522.00	56282685440	1817.588	1827.179	1847.302	1876.107	1905.145	1961.587	31945522	34234908	33679272	33428718	0	0	0	0		1
2017/05/10	1801.78	1815.83	1771.32	1771.32	34492896.00	62511120384	1803.762	1822.424	1839.986	1870.205	1902.765	1958.649	34492896	34286152	34251704	32919710	0	0	0	0		1
2017/05/11	1761.47	1772.47	1727.58	1772.41	37314968.00	65550729216	1790.624	1817.617	1833.731	1863.781	1900.561	1955.558	37314968	34182080	35030920	33057574	0	0	0	0		1
2017/05/12	1768.30	1774.90	1750.40	1774.63	30941100.00	57215152128	1781.912	1810.788	1826.939	1858.018	1898.243	1952.454	30941100	33595340	33801136	33111920	0	0	0	0		1
2017/05/15	1778.18	1788.56	1776.01	1778.64	29051364.00	54257520640	1779.898	1803.579	1821.498	1852.999	1896.064	1949.262	29051364	32749170	33337604	32939044	0	0	0	0		1
2017/05/16	1774.39	1814.94	1764.29	1814.94	42500340.00	79321088000	1782.388	1799.988	1818.831	1850.374	1894.773	1946.226	42500340	34860132	34547520	33350156	0	0	0	0		1
2017/05/17	1812.71	1833.87	1810.21	1822.64	45265396.00	84344143872	1792.652	1798.207	1817.553	1847.55	1893.524	1943.228	45265396	37014632	35650392	33977700	0	0	0	0		1
2017/05/18	1807.18	1827.78	1803.86	1813.51	39567140.00	73613271040	1800.872	1795.748	1815.959	1843.229	1892.368	1940.315	39567140	37465068	35823572	34148384	0	0	0	0		1
2017/05/19	1812.73	1815.81	1793.04	1801.08	33845632.00	59963916288	1806.162	1794.037	1813.494	1838.457	1890.803	1937.341	33845632	38045976	35820656	34284188	0	0	0	0		1
2017/05/22	1798.56	1814.41	1779.47	1788.08	35193740.00	62546706432	1808.05	1793.974	1810.948	1833.191	1888.586	1934.303	35193740	39274448	36011808	34721228	0	0	0	0		1
2017/05/23	1784.53	1790.11	1757.37	1758.23	36268884.00	61455204352	1796.708	1789.548	1808.364	1828.051	1885.891	1930.808	36268884	38028160	36444144	35061708	0	0	0	0		1
2017/05/24	1749.16	1776.44	1730.36	1776.28	33117970.00	54905643008	1787.436	1790.044	1806.234	1823.339	1883.396	1927.563	33117970	35598672	36306652	35279180	0	0	0	0		1
2017/05/25	1770.65	1785.67	1745.23	1777.69	37690088.00	63087910912	1780.272	1790.572	1804.094	1819.345	1880.717	1924.488	37690088	35223264	36344164	35687544	0	0	0	0		1
2017/05/26	1769.12	1772.93	1754.77	1759.63	36145348.00	59709853696	1771.982	1789.072	1799.93	1814.317	1877.931	1921.089	36145348	35683208	36864592	35332864	0	0	0	0		1
2017/05/31	1777.65	1783.15	1762.08	1763.73	34190640.00	59776593920	1767.112	1787.581	1795.58	1810.192	1875.208	1917.736	34190640	35482584	37378516	35358060	0	0	0	0		1
2017/06/01	1757.80	1757.89	1728.49	1728.49	33856824.00	55146471424	1761.164	1778.936	1789.462	1805.533	1871.816	1914.137	33856824	35000176	36514168	35530844	0	0	0	0		1
