'600000'	浦发银行	日线
日期	开盘	最高	最低	收盘	成交量	成交额	成交笔数	MA1	MA2	MA3	MA4	MA5	MA6		MA1	MA2	MA3	K	D	J
2014/12/29	15.40	15.88	14.71	14.95	6252161.00	9556435968	0	14.308	14.16	13.613	12.795	11.422	10.461	6252161	4814159	5334792.5	5757979	67.081	66.435	68.373
2014/12/30	14.95	15.50	14.83	15.36	4436556.00	6774519296	0	14.558	14.367	13.738	12.958	11.515	10.513	4436556	4818312.5	5339760	5685121.5	71.31	68.06	77.809
2014/12/31	15.45	15.79	15.11	15.69	4688323.00	7271524864	0	15.004	14.525	13.893	13.132	11.613	10.568	4688323	4920818	4938889	5554257	78.409	71.51	92.207
2015/01/05	15.88	16.25	15.56	16.07	5135687.00	8182820864	0	15.368	14.743	14.033	13.316	11.716	10.628	5135687	5036511.5	4952829.5	5451020.5	83.565	75.528	99.639
2015/01/06	16.00	16.68	15.82	16.13	5116845.00	8311085056	0	15.64	14.947	14.163	13.494	11.821	10.688	5116845	5125914.5	5028270	5277039	83.603	78.22	94.37
2015/01/07	15.90	16.17	15.53	15.81	3857168.00	6114241024	0	15.812	15.06	14.263	13.659	11.922	10.745	3857168	4646916	4730537.5	5117936	80.463	78.968	83.455
2015/01/08	15.87	15.88	15.20	15.25	3306272.00	5101310464	0	15.79	15.174	14.393	13.798	12.015	10.797	3306272	4420859	4619585.5	4848652.5	71.843	76.593	62.344
2015/01/09	15.20	16.25	15.11	15.43	4919999.00	7692348416	0	15.738	15.371	14.507	13.935	12.109	10.851	4919999	4467194	4694006	4784516.5	64.495	72.56	48.365
2015/01/12	15.50	15.71	14.95	15.22	3677873.00	5625726976	0	15.568	15.468	14.615	14.059	12.198	10.903	3677873	4175631.5	4606071.5	4747124.5	51.626	65.582	23.714
2015/01/13	15.13	15.41	15.10	15.18	1784050.00	2712026624	0	15.378	15.509	14.725	14.152	12.286	10.954	1784050	3509072.5	4317493.5	4681047.5	40.724	57.296	7.579
2015/01/14	15.31	15.79	15.31	15.49	3090189.00	4812472320	0	15.314	15.563	14.861	14.263	12.38	11.008	3090189	3355676.5	4001296.25	4668044.5	37.554	50.715	11.231
2015/01/15	15.49	16.15	15.39	16.12	3298268.00	5216166912	0	15.488	15.639	15.003	14.371	12.485	11.068	3298268	3354075.75	3887467.5	4613614	47.579	49.67	43.398
2015/01/16	16.24	16.75	16.16	16.47	4802459.00	7938758144	0	15.696	15.717	15.121	14.501	12.597	11.129	4802459	3330567.75	3898881	4418885	59.868	53.069	73.464
2015/01/19	15.38	15.73	14.82	14.82	6235209.00	9496942592	0	15.616	15.592	15.167	14.553	12.681	11.177	6235209	3842035	4008833.25	4480831.5	39.912	48.683	22.368
2015/01/20	14.88	15.17	14.58	15.00	4792157.00	7142638592	0	15.58	15.479	15.213	14.602	12.77	11.225	4792157	4443656.5	3976364.5	4502317	33.059	43.475	12.228
2015/01/21	15.10	15.87	14.81	15.74	4875404.00	7489943552	0	15.63	15.472	15.266	14.666	12.874	11.278	4875404	4800699.5	4078188	4404362.5	39.858	42.27	35.036
2015/01/22	15.73	15.76	15.35	15.63	2947383.00	4592023040	0	15.532	15.51	15.342	14.765	12.975	11.326	2947383	4730522.5	4042299	4330942.5	42.701	42.414	43.277
2015/01/23	15.74	16.04	15.54	15.63	3200430.00	5044685824	0	15.364	15.53	15.45	14.848	13.074	11.375	3200430	4410116.5	3870342.25	4282174	44.597	43.141	47.507
2015/01/26	15.56	15.59	15.13	15.43	2685669.00	4122351616	0	15.486	15.551	15.509	14.927	13.167	11.423	2685669	3700208.5	3771121.75	4188596.75	42.788	43.023	42.317
2015/01/27	15.44	15.44	14.75	15.01	3519140.00	5286301696	0	15.488	15.534	15.521	14.995	13.248	11.466	3519140	3445605.25	3944630.75	4131062	35.13	40.392	24.607
2015/01/28	14.82	15.11	14.66	14.81	2422031.00	3592645120	0	15.302	15.466	15.514	15.063	13.325	11.508	2422031	2954930.5	3877815	3939555.5	26.953	35.913	9.035
2015/01/29	14.58	14.68	14.32	14.42	2669681.00	3864614144	0	15.06	15.296	15.467	15.101	13.398	11.546	2669681	2899390.25	3814956.25	3851211.75	19.907	30.577	-1.434
2015/01/30	14.58	14.69	14.36	14.47	2078653.00	3021747712	0	14.828	15.096	15.406	15.113	13.472	11.584	2078653	2675034.75	3542575.75	3720728.25	16.178	25.778	-3.021
2015/02/02	14.06	14.26	13.99	14.04	2116177.00	2989272576	0	14.55	15.018	15.305	15.118	13.539	11.62	2116177	2561136.5	3130672.5	3569752.75	11.599	21.051	-7.307
2015/02/03	14.21	14.46	14.02	14.45	1962636.00	2792706816	0	14.438	14.963	15.221	15.13	13.61	11.661	1962636	2249835.5	2847720.5	3412042.5	15.212	19.105	7.426
2015/02/04	14.50	14.59	14.12	14.18	1678962.00	2421384704	0	14.312	14.807	15.139	15.113	13.671	11.699	1678962	2101221.75	2528076.25	3303132	13.231	17.147	5.399
2015/02/05	14.75	14.80	14.17	14.18	3943327.00	5742890496	0	14.264	14.662	15.086	15.115	13.725	11.737	3943327	2355951	2627670.5	3334984.75	12.779	15.691	6.955
2015/02/06	14.09	14.32	13.95	14.09	1865475.00	2637144064	0	14.188	14.508	15.019	15.136	13.776	11.774	1865475	2313315.5	2494175	3182258.75	11.651	14.344	6.265
2015/02/09	14.06	14.27	13.85	14.16	2245855.00	3155932160	0	14.212	14.381	14.966	15.133	13.83	11.812	2245855	2339251	2450193.75	3110657.75	15.969	14.886	18.134
2015/02/10	14.15	14.48	14.08	14.43	1836935.00	2629916416	0	14.208	14.323	14.929	15.122	13.888	11.852	1836935	2314110.75	2281973.25	3113302	30.997	20.256	52.478
2015/02/11	14.43	14.54	14.31	14.42	1241271.00	1789572992	0	14.256	14.284	14.875	15.104	13.95	11.892	1241271	2226572.5	2163897.25	3020856	40.664	27.059	67.876
2015/02/12	14.42	14.43	14.11	14.35	1489542.00	2121808256	0	14.29	14.277	14.786	15.071	14.014	11.93	1489542	1735815.625	2045883.25	2930419.75	44.653	32.924	68.113
2015/02/13	14.50	14.67	14.35	14.43	2083668.00	3023274240	0	14.358	14.273	14.684	15.029	14.08	11.969	2083668	1779454.25	2046384.75	2794480.25	50.12	38.656	73.048
2015/02/16	14.43	14.46	14.26	14.40	1392200.00	1995677440	0	14.406	14.309	14.663	14.973	14.144	12.009	1392200	1608723.25	1973987.125	2552329.75	52.711	43.341	71.452
2015/02/17	14.42	14.58	14.41	14.47	1206653.00	1747213056	0	14.414	14.311	14.637	14.918	14.206	12.05	1206653	1482666.75	1898388.75	2373054.5	56.895	47.859	74.968
2015/02/25	14.48	14.50	14.18	14.28	1409326.00	2025174400	0	14.386	14.321	14.564	14.867	14.263	12.09	1409326	1516277.75	1871425.25	2199750.75	55.41	50.376	65.478
2015/02/26	14.25	14.68	14.11	14.62	2150140.00	3104052224	0	14.44	14.365	14.514	14.846	14.322	12.133	2150140	1648397.375	1692106.5	2159888.5	67.864	56.205	91.18
2015/02/27	14.60	14.80	14.48	14.53	1956069.00	2861206528	0	14.46	14.409	14.458	14.816	14.375	12.175	1956069	1622877.625	1701165.875	2097670.5	66.076	59.495	79.236
2015/03/02	14.58	14.58	14.36	14.48	2187633.00	3159377664	0	14.476	14.441	14.411	14.791	14.425	12.217	2187633	1781964.25	1695343.75	2072768.75	61.925	60.305	65.164
2015/03/03	14.44	14.44	13.98	14.00	2663724.00	3766071296	0	14.382	14.398	14.361	14.752	14.452	12.256	2663724	2073378.375	1778022.625	2029997.875	42.096	54.236	17.818
2015/03/04	14.05	14.07	13.85	13.91	1565960.00	2183814656	0	14.308	14.347	14.316	14.699	14.481	12.293	1565960	2104705.25	1810491.5	1987194.375	30.169	46.214	-1.919
2015/03/05	13.84	13.84	13.51	13.58	2265046.00	3090569728	0	14.1	14.27	14.274	14.614	14.493	12.327	2265046	2127686.5	1888041.875	1966962.625	21.922	38.116	-10.467
2015/03/06	13.58	13.78	13.54	13.63	1280364.00	1750570368	0	13.92	14.19	14.231	14.52	14.51	12.361	1280364	1992545.375	1807711.5	1927048.125	17.715	31.316	-9.486
2015/03/09	13.81	14.70	13.61	14.51	4348015.00	6170955264	0	13.926	14.201	14.255	14.509	14.531	12.401	4348015	2424621.75	2103293	2038640	37.65	33.427	46.095
2015/03/10	14.32	14.37	14.07	14.10	2548448.00	3623305472	0	13.946	14.164	14.238	14.479	14.54	12.438	2548448	2401566.5	2237472.5	2067930.625	40.345	35.733	49.57
2015/03/11	14.17	14.56	14.17	14.25	2150697.00	3087509504	0	14.014	14.161	14.241	14.43	14.548	12.475	2150697	2518514	2311609.5	2091517.375	46.018	39.162	59.732
2015/03/12	14.65	15.56	14.58	15.12	6327819.00	9512030208	0	14.322	14.211	14.288	14.413	14.589	12.52	6327819	3331068.5	2729377.5	2210742	56.858	45.06	80.453
2015/03/13	15.19	15.80	15.08	15.29	4401784.00	6789040640	0	14.654	14.287	14.348	14.401	14.625	12.568	4401784	3955352.5	2973949	2337557.5	63.815	51.312	88.821
2015/03/16	15.56	15.61	15.20	15.47	3161167.00	4867224576	0	14.846	14.386	14.413	14.403	14.665	12.617	3161167	3717983	3071302.5	2383323	71.073	57.899	97.421
2015/03/17	15.60	15.68	15.36	15.54	3096776.00	4797833216	0	15.134	14.54	14.469	14.42	14.708	12.666	3096776	3827648.5	3114607.5	2446315	76.931	64.243	102.307
2015/03/18	15.57	15.88	15.43	15.88	3546551.00	5558613504	0	15.46	14.737	14.542	14.456	14.76	12.719	3546551	4106819.5	3312666.75	2561579	84.621	71.035	111.791
2015/03/19	15.88	15.89	15.58	15.64	3167709.00	4978776064	0	15.564	14.943	14.606	14.497	14.799	12.769	3167709	3474797.5	3402933	2645487.5	86.092	76.054	106.168
2015/03/20	15.62	16.09	15.37	15.75	4565312.00	7180731392	0	15.656	15.155	14.672	14.539	14.826	12.82	4565312	3507503	3731427.75	2769569.75	85.117	79.075	97.202
2015/03/23	15.82	16.04	15.77	15.91	3575927.00	5692416000	0	15.744	15.295	14.748	14.602	14.86	12.872	3575927	3590455	3654219	2878756	86.953	81.701	97.457
2015/03/24	15.89	16.00	15.60	15.69	3246575.00	5114146816	0	15.774	15.454	14.809	14.643	14.886	12.92	3246575	3620414.75	3724031.75	2980752	82.472	81.958	83.5
2015/03/25	15.60	15.72	15.15	15.24	3317303.00	5108990976	0	15.646	15.553	14.857	14.678	14.896	12.967	3317303	3574565.25	3840692.25	3076151	60.262	74.726	31.334
2015/03/26	15.15	15.58	15.04	15.36	2823407.00	4326755840	0	15.59	15.577	14.894	14.718	14.917	13.015	2823407	3505704.75	3490251	3109814.25	50.333	66.595	17.81
2015/03/27	15.32	15.55	15.17	15.36	2181750.00	3350088448	0	15.512	15.584	14.936	14.76	14.948	13.062	2181750	3028992.5	3268247.75	3121098.25	43.714	58.968	13.206
2015/03/30	15.55	16.20	15.44	16.02	4874427.00	7735007744	0	15.534	15.639	15.012	14.822	14.978	13.114	4874427	3288692.5	3439573.75	3255438	57.304	58.413	55.084
2015/03/31	16.48	16.58	15.74	15.79	4940493.00	7990395392	0	15.554	15.664	15.102	14.867	14.995	13.165	4940493	3627476	3623945.5	3369276.5	54.436	57.088	49.133
2015/04/01	15.79	16.14	15.75	15.95	3058784.00	4868332032	0	15.696	15.671	15.204	14.918	15.011	13.216	3058784	3575772.25	3575168.75	3443917.75	55.988	56.721	54.521
2015/04/02	16.30	16.38	15.87	16.18	4100877.00	6611462144	0	15.86	15.725	15.334	14.979	15.025	13.27	4100877	3831266.25	3668485.5	3535709.25	62.001	58.481	69.04
2015/04/03	16.00	16.29	15.93	16.20	3203615.00	5171218944	0	16.028	15.77	15.462	15.038	15.033	13.323	3203615	4035639.25	3532315.75	3631871.75	66.442	61.135	77.057
2015/04/07	16.50	16.87	16.45	16.71	5022602.00	8372655104	0	16.166	15.85	15.573	15.115	15.044	13.38	5022602	4065274.25	3676983.25	3665601.25	74.714	65.661	92.819
2015/04/08	16.73	17.04	16.45	17.02	5148164.00	8633478144	0	16.412	15.983	15.719	15.2	15.059	13.44	5148164	4106808.5	3867142.25	3795587	82.809	71.377	105.673
2015/04/09	17.05	17.48	16.80	16.87	4973355.00	8497436160	0	16.596	16.146	15.849	15.287	15.077	13.5	4973355	4489722.5	4032747.5	3936719.75	79.737	74.164	90.884
2015/04/10	16.86	17.57	16.76	17.53	4515434.00	7772119552	0	16.866	16.363	15.97	15.384	15.115	13.565	4515434	4572634	4201950	3846100.5	85.865	78.064	101.468
2015/04/13	17.99	18.48	17.62	18.03	5814066.00	10470524928	0	17.232	16.63	16.107	15.5	15.158	13.633	5814066	5094724	4565181.5	3916714.75	85.103	80.41	94.487
2015/04/14	18.03	18.04	17.56	17.89	3728371.00	6640484864	0	17.468	16.817	16.228	15.614	15.203	13.7	3728371	4835878	4450576	3945075	82.864	81.228	86.137
2015/04/15	17.80	18.45	17.71	17.96	4496439.00	8170773504	0	17.656	17.034	16.349	15.746	15.249	13.768	4496439	4705533	4406170.5	4015058	81.935	81.464	82.878
2015/04/16	17.97	18.67	17.85	18.65	4159846.00	7577393152	0	18.012	17.304	16.487	15.904	15.302	13.84	4159846	4542831	4516277	4045722.75	87.713	83.547	96.046
2015/04/17	18.95	19.05	18.47	18.60	4901593.00	9167363072	0	18.226	17.546	16.635	16.071	15.343	13.914	4901593	4620063	4596348.5	4132417	86.04	84.378	89.363
2015/04/20	18.72	18.72	17.60	17.90	5724358.00	10446728192	0	18.2	17.716	16.743	16.214	15.367	13.982	5724358	4602121.5	4848423	4190369.25	75.95	81.569	64.712
2015/04/21	17.75	18.19	17.75	18.16	3681947.00	6615540736	0	18.254	17.861	16.855	16.335	15.422	14.052	3681947	4592836.5	4714357.5	4195670.5	71.012	78.05	56.935
2015/04/22	18.30	18.55	18.08	18.50	4207667.00	7712130560	0	18.362	18.009	16.996	16.482	15.481	14.125	4207667	4535082	4620307.5	4243725	72.669	76.256	65.494
2015/04/23	18.50	18.64	18.11	18.22	3635936.00	6675542016	0	18.276	18.144	17.145	16.614	15.522	14.198	3635936	4430300	4486565.5	4259656.5	63.211	71.907	45.817
2015/04/24	17.80	18.03	17.46	17.68	4229271.00	7509013504	0	18.092	18.159	17.261	16.7	15.556	14.266	4229271	4295836	4457949.5	4329950	46.753	63.523	13.213
2015/04/27	17.72	18.25	17.72	18.17	3845414.00	6942247936	0	18.146	18.173	17.402	16.796	15.599	14.336	3845414	3920047	4261084	4413133	46.053	57.699	22.761
2015/04/28	18.24	19.00	18.00	18.30	6000540.00	11100684288	0	18.174	18.214	17.515	16.89	15.646	14.407	6000540	4383765.5	4488301	4469438.5	48.312	54.57	35.796
2015/04/29	18.27	18.66	18.06	18.53	3583937.00	6591915008	0	18.18	18.271	17.653	16.99	15.705	14.476	3583937	4259019.5	4397051	4401611	54.64	54.594	54.733
2015/04/30	18.28	18.46	18.05	18.07	4127605.00	7523663360	0	18.15	18.213	17.758	17.063	15.759	14.542	4127605	4357353.5	4393827	4455052	49.63	52.939	43.012
2015/05/04	18.00	18.00	17.60	17.81	2580646.00	4597699072	0	18.176	18.134	17.84	17.135	15.816	14.607	2580646	4027628.5	4161732	4379040.5	40.663	48.847	24.294
2015/05/05	17.73	17.75	16.85	17.08	3753864.00	6483575808	0	17.958	18.052	17.884	17.179	15.859	14.666	3753864	4009318.5	3964682.75	4406553	30.674	42.789	6.444
2015/05/06	17.08	17.51	16.97	17.06	3036079.00	5225100288	0	17.71	17.942	17.902	17.218	15.91	14.724	3036079	3416426.25	3900096	4307226.5	23.705	36.428	-1.74
2015/05/07	17.03	17.28	16.98	17.07	2143907.00	3674226176	0	17.418	17.799	17.904	17.264	15.953	14.782	2143907	3128420.25	3693720	4157013.75	19.214	30.69	-3.737
2015/05/08	17.19	17.30	16.82	17.11	1845600.00	3151167744	0	17.226	17.688	17.916	17.326	16.002	14.837	1845600	2672019.25	3514686.25	4000626	17.244	26.208	-0.685
2015/05/11	16.98	17.31	16.79	17.27	2771534.00	4711900672	0	17.118	17.647	17.903	17.39	16.054	14.889	2771534	2710196.75	3368912.5	3913431	18.736	23.717	8.773
2015/05/12	17.25	17.40	17.04	17.24	2191763.00	3768388864	0	17.15	17.554	17.864	17.452	16.106	14.941	2191763	2397776.5	3203547.5	3732315.75	20.512	22.649	16.238
2015/05/13	17.33	17.39	16.90	17.07	2452445.00	4198950144	0	17.152	17.431	17.823	17.487	16.155	14.992	2452445	2281049.75	2848738	3668519.5	19.263	21.52	14.749
2015/05/14	17.10	17.25	16.94	16.99	1923619.00	3283133184	0	17.136	17.277	17.774	17.527	16.197	15.043	1923619	2236992.25	2682706.25	3539878.5	18.352	20.464	14.127
2015/05/15	16.91	17.07	16.59	16.78	2095973.00	3526291456	0	17.07	17.148	17.681	17.555	16.237	15.093	2095973	2287066.75	2479543	3436685	17.694	19.541	14.001
2015/05/18	16.62	16.76	16.34	16.38	1875552.00	3106379520	0	16.892	17.005	17.569	17.562	16.271	15.142	1875552	2107870.5	2409033.5	3285382.75	12.936	17.339	4.129
2015/05/19	16.37	17.09	16.35	17.04	2422513.00	4080429312	0	16.852	17.001	17.527	17.59	16.314	15.197	2422513	2154020.5	2275898.5	3120290.5	30.636	21.772	48.366
2015/05/20	17.04	17.49	16.97	17.15	2656757.00	4567803904	0	16.868	17.01	17.476	17.604	16.36	15.252	2656757	2194882.75	2237966.25	3069031	43.903	29.149	73.411
2015/05/21	17.25	17.40	17.10	17.32	1664035.00	2873100288	0	16.934	17.035	17.417	17.614	16.407	15.307	1664035	2142966	2189979	2941849.5	57.674	38.657	95.708
2015/05/22	17.46	17.79	17.34	17.76	2480875.00	4379120128	0	17.13	17.1	17.394	17.644	16.465	15.364	2480875	2219946.5	2253506.5	2884096.5	71.093	49.469	114.341
2015/05/25	17.85	18.18	17.84	18.14	2738748.00	4942206976	0	17.482	17.187	17.417	17.664	16.524	15.423	2738748	2392585.5	2250228	2809570.25	80.004	59.647	120.717
2015/05/26	18.22	18.45	17.91	18.39	3016653.00	5504873472	0	17.752	17.302	17.428	17.676	16.588	15.482	3016653	2511413.5	2332717	2768132.25	85.722	68.339	120.487
2015/05/27	18.44	18.65	18.05	18.07	2969423.00	5444651008	0	17.936	17.402	17.417	17.682	16.648	15.537	2969423	2573946.75	2384414.75	2616576.5	82.112	72.93	100.475
2015/05/28	18.10	18.14	17.01	17.04	3340322.00	5908534784	0	17.88	17.407	17.342	17.652	16.699	15.575	3340322	2909204.25	2526085	2604395.75	64.842	70.234	54.059
2015/05/29	17.08	17.35	16.71	17.04	2560873.00	4370819072	0	17.736	17.433	17.291	17.598	16.751	15.616	2560873	2925203.75	2572575	2526059	53.228	64.565	30.554
2015/06/01	17.04	18.08	16.86	17.93	2863793.00	5015007232	0	17.694	17.588	17.296	17.576	16.823	15.658	2863793	2950212.75	2671399.25	2540216.5	56.448	61.859	45.624
2015/06/02	17.93	17.97	17.50	17.84	2249355.00	4001574400	0	17.584	17.668	17.334	17.574	16.894	15.702	2249355	2796753.25	2654083.5	2464991	57.048	60.255	50.632
2015/06/03	17.89	18.05	17.54	17.90	2441397.00	4338757632	0	17.55	17.743	17.376	17.565	16.95	15.741	2441397	2691148	2632547.5	2435256.75	58.478	59.663	56.109
2015/06/04	18.00	18.80	17.58	18.63	4718649.00	8635099136	0	17.868	17.874	17.455	17.569	17.026	15.783	4718649	2966813.5	2938008.75	2563994	69.608	62.978	82.867
2015/06/05	19.00	19.17	18.02	18.43	3624202.00	6742854144	0	18.146	17.941	17.521	17.576	17.095	15.822	3624202	3179479.25	3052341.5	2652924	69.711	65.222	78.689
2015/06/17	18.49	18.98	17.95	18.20	5131187.00	9419106304	0	18.2	17.947	17.567	17.594	17.147	15.868	5131187	3632958	3291585.5	2770906.75	66.664	65.703	68.586
2015/06/18	18.09	18.25	17.64	17.72	2782967.00	4980064768	0	18.176	17.88	17.591	17.579	17.187	15.906	2782967	3739680.5	3268216.75	2800467	58.128	63.178	48.029
2015/06/19	17.58	17.95	16.84	17.07	2780902.00	4894778368	0	18.01	17.78	17.591	17.538	17.214	15.939	2780902	3807581.5	3249364.75	2816889.75	43.63	56.662	17.566
2015/06/23	16.45	17.09	16.24	17.02	2977489.00	4966949376	0	17.688	17.778	17.593	17.487	17.239	15.973	2977489	3459349.5	3213081.5	2869583.25	37.961	50.428	13.025
2015/06/24	17.03	17.30	16.58	17.25	2578253.00	4364353024	0	17.452	17.799	17.616	17.46	17.261	16.01	2578253	3250159.5	3214819.5	2893697.25	36.797	45.885	18.623
2015/06/25	17.60	17.74	16.65	16.71	2716490.00	4704733184	0	17.154	17.677	17.632	17.423	17.279	16.039	2716490	2767220.25	3200089	2935744.25	29.879	40.549	8.537
2015/06/26	16.43	17.08	15.33	15.85	3617767.00	5893832704	0	16.78	17.478	17.573	17.382	17.281	16.053	3617767	2934180.25	3336930.25	2995506.75	24.433	35.177	2.944
2015/06/29	16.30	16.53	14.81	15.91	4206757.00	6723070976	0	16.548	17.279	17.511	17.344	17.281	16.07	4206757	3219351.25	3513466.25	3073006.75	24.698	31.684	10.727
2015/06/30	15.93	16.98	15.91	16.96	3754113.00	6204981760	0	16.536	17.112	17.493	17.34	17.302	16.094	3754113	3374676	3417012.75	3177510.75	33.652	32.34	36.275
2015/07/01	16.81	16.93	16.20	16.32	2505560.00	4180149248	0	16.35	16.901	17.421	17.314	17.32	16.108	2505560	3360137.5	3305148.5	3178745	37.066	33.916	43.368
2015/07/02	16.50	16.83	15.81	16.37	3222649.00	5297602560	0	16.282	16.718	17.333	17.284	17.337	16.127	3222649	3461369.25	3114294.75	3202940	41.271	36.367	51.079
2015/07/03	16.39	16.64	15.10	15.87	3127011.00	5041249792	0	16.286	16.533	17.206	17.238	17.345	16.147	3127011	3363218	3148699	3208458	39.573	37.436	43.848
2015/07/06	17.40	17.46	16.63	17.22	6594219.00	11195523072	0	16.548	16.548	17.164	17.243	17.365	16.171	6594219	3840710.5	3530030.75	3389697.75	53.8	42.891	75.618
2015/07/07	16.94	17.82	16.46	17.57	7137635.00	12379047936	0	16.67	16.603	17.191	17.263	17.395	16.195	7137635	4517415	3946045.5	3579563.5	66.431	50.738	97.819
2015/07/08	16.20	17.50	15.81	15.95	8379504.00	13833635840	0	16.596	16.473	17.136	17.235	17.395	16.203	8379504	5692203.5	4526170.5	3870495	56.912	52.796	65.145
2015/07/09	15.95	17.40	15.38	16.95	5452373.00	8927542272	0	16.712	16.497	17.087	17.254	17.408	16.216	5452373	6138148.5	4799759	3999924	61.64	55.744	73.433
2015/07/10	16.76	18.15	16.65	17.28	6477686.00	11376343040	0	16.994	16.64	17.059	17.262	17.426	16.23	6477686	6808283.5	5085750.5	4211340.5	64.919	58.802	77.152
2015/07/13	16.99	17.48	16.81	17.04	3725947.00	6364720128	0	16.958	16.753	17.016	17.258	17.431	16.238	3725947	6234629	5037669.5	4275568	64.481	60.695	72.053
2015/07/14	16.78	16.98	16.36	16.75	3057258.00	5111292928	0	16.794	16.732	16.922	17.239	17.427	16.243	3057258	5418553.5	4967984	4192498.5	61.02	60.804	61.454
2015/07/15	16.70	17.13	16.51	17.07	3482536.00	5845359104	0	17.018	16.807	16.854	17.216	17.43	16.253	3482536	4439160	5065682	4185415.25	62.21	61.272	64.086
2015/07/16	17.07	17.12	16.71	16.96	1814026.00	3069471232	0	17.02	16.866	16.792	17.177	17.421	16.268	1814026	3711490.5	4924819.5	4019557	60.487	61.011	59.439
2015/07/17	17.03	17.19	16.88	17.02	1959276.00	3336786176	0	16.968	16.981	16.757	17.131	17.404	16.281	1959276	2807808.5	4808046	3978372.5	60.06	60.694	58.792
2015/07/20	17.00	17.03	16.65	16.68	1729182.00	2908824576	0	16.896	16.927	16.737	17.085	17.384	16.293	1729182	2408455.5	4321542.5	3925786.5	55.684	59.024	49.004
2015/07/21	16.58	16.72	16.30	16.38	1562683.00	2572676352	0	16.822	16.808	16.705	17.063	17.357	16.303	1562683	2109540.5	3764047	3855046.25	49.156	55.734	35.999
2015/07/22	16.33	16.38	16.15	16.16	1203527.00	1956978816	0	16.64	16.829	16.651	17.034	17.316	16.309	1203527	1653738.75	3046449.5	3786310	32.937	48.135	2.541
2015/07/23	16.24	16.51	16.18	16.43	1145255.00	1878869120	0	16.534	16.777	16.637	16.984	17.28	16.311	1145255	1519984.625	2615737.5	3707748.25	28.976	41.749	3.43
2015/07/24	16.43	16.49	16.13	16.14	1236092.00	2016987520	0	16.358	16.663	16.652	16.927	17.25	16.309	1236092	1375347.75	2091578.25	3588664.5	19.632	34.377	-9.858
2015/07/27	16.00	16.10	14.84	14.91	2250916.00	3515372544	0	16.004	16.45	16.601	16.827	17.196	16.309	2250916	1479694.625	1944075.125	3490872.5	14.081	27.611	-12.98
2015/07/28	14.68	15.40	14.62	15.24	2460951.00	3717225984	0	15.776	16.299	16.515	16.714	17.142	16.311	2460951	1659348.25	1884444.375	3426214.25	17.429	24.217	3.852
2015/07/29	15.22	15.30	15.12	15.29	1358587.00	2063868160	0	15.602	16.121	16.464	16.61	17.093	16.308	1358587	1690360.25	1672049.5	3368865.75	20.309	22.914	15.099
2015/07/30	15.29	15.36	14.88	14.90	1189217.00	1807407744	0	15.296	15.915	16.39	16.5	17.047	16.301	1189217	1699152.625	1609568.625	3267194	17.412	21.08	10.076
2015/07/31	14.97	15.16	14.65	15.07	2349413.00	3516273920	0	15.082	15.72	16.351	16.411	16.995	16.297	2349413	1921816.75	1648582.25	3228314.25	18.751	20.304	15.645
2015/08/03	14.99	15.60	14.86	15.55	2123671.00	3246435584	0	15.21	15.607	16.267	16.361	16.949	16.298	2123671	1896367.75	1688031.25	3004786.75	28.903	23.17	40.368
2015/08/04	15.48	15.67	15.38	15.62	851544.00	1320993024	0	15.286	15.531	16.17	16.314	16.901	16.303	851544	1574486.375	1616917.25	2690482.25	36.905	27.748	55.219
2015/08/05	15.60	15.64	15.27	15.31	581859.00	899150912	0	15.29	15.446	16.138	16.249	16.855	16.307	581859	1419140.75	1554750.5	2300600	36.903	30.8	49.109
2015/08/06	15.16	15.57	15.14	15.38	653780.00	1007550208	0	15.386	15.341	16.059	16.205	16.814	16.315	653780	1312053.375	1505603	2060670.25	41.719	34.44	56.278
2015/08/07	15.58	15.64	15.39	15.47	653023.00	1014250624	0	15.466	15.274	15.969	16.192	16.787	16.323	653023	972775.375	1447296.125	1769437.125	54.797	41.225	81.94
2015/08/10	15.45	15.86	15.35	15.78	1169382.00	1823777024	0	15.512	15.361	15.905	16.188	16.766	16.338	1169382	781917.625	1339142.75	1641608.875	67.661	50.037	102.908
2015/08/11	15.70	15.75	15.51	15.57	1051041.00	1642256896	0	15.502	15.394	15.846	16.142	16.741	16.347	1051041	821817	1198151.75	1541298	70.451	56.842	97.671
2015/08/12	15.40	15.60	15.38	15.39	791844.00	1225370368	0	15.518	15.404	15.762	16.111	16.712	16.357	791844	863814	1141477.375	1406763.5	67.353	60.346	81.369
2015/08/13	15.47	15.56	15.29	15.45	740342.00	1141661440	0	15.532	15.459	15.687	16.08	16.682	16.368	740342	881126.375	1096589.875	1353079.25	64.569	61.753	70.2
2015/08/14	15.47	15.54	15.37	15.49	663560.00	1025758720	0	15.536	15.501	15.611	16.067	16.653	16.379	663560	883233.813	928004.625	1288293.5	59.25	60.919	55.911
2015/08/17	15.41	15.41	15.22	15.32	1208921.00	1851641856	0	15.444	15.478	15.542	16.004	16.624	16.389	1208921	891141.625	836529.625	1262280.375	47.833	56.557	30.385
2015/08/18	15.35	15.52	14.83	14.87	1984452.00	3032249600	0	15.304	15.403	15.467	15.914	16.588	16.393	1984452	1077823.75	949820.375	1283368.875	33.183	48.766	2.018
2015/08/19	14.87	15.17	14.50	15.00	1990621.00	2952584704	0	15.226	15.372	15.409	15.882	16.559	16.398	1990621	1317579.25	1090696.625	1322723.5	34.377	43.969	15.192
2015/08/20	14.94	14.99	14.66	14.68	881248.00	1309322496	0	15.072	15.302	15.321	15.807	16.53	16.4	881248	1345760.375	1113443.375	1309523.25	27.33	38.423	5.144
2015/08/21	14.61	14.74	14.20	14.22	1237928.00	1794884608	0	14.818	15.177	15.226	15.705	16.483	16.399	1237928	1460634	1171933.875	1309615	18.65	31.832	-7.714
2015/08/24	13.93	13.95	12.80	12.87	3348594.00	4407389696	0	14.328	14.886	15.123	15.566	16.412	16.386	3348594	1888568.625	1389855.125	1364498.875	13.267	25.644	-11.487
2015/08/25	12.54	13.08	11.91	12.39	2894707.00	3659079680	0	13.832	14.568	14.981	15.42	16.33	16.369	2894707	2070619.625	1574221.75	1386186.75	13.228	21.505	-3.326
2015/08/26	12.65	13.35	12.40	13.02	2352146.00	3028238592	0	13.436	14.331	14.868	15.285	16.251	16.358	2352146	2142924.5	1730251.875	1435864.625	19.012	20.674	15.687
2015/08/27	13.16	14.09	12.98	13.98	2120088.00	2835655168	0	13.296	14.184	14.821	15.186	16.181	16.353	2120088	2390692.5	1868226.5	1482408.25	31.788	24.379	46.607
2015/08/28	14.10	14.32	13.85	14.24	2089510.00	2942159360	0	13.3	14.059	14.78	15.093	16.112	16.35	2089510	2561009	2010821.5	1469413	42.706	30.488	67.143
2015/08/31	14.20	14.98	13.96	14.96	2026285.00	2902670592	0	13.718	14.023	14.75	15.036	16.06	16.354	2026285	2296547.25	2092557.875	1464543.75	59.657	40.211	98.549
2015/09/01	14.66	15.34	14.41	15.33	3049047.00	4572547072	0	14.306	14.069	14.736	15.001	16.032	16.365	3049047	2327415.25	2199017.5	1574418.875	73.007	51.143	116.736
2015/09/02	14.90	15.37	14.72	14.89	2550453.00	3831534848	0	14.68	14.058	14.715	14.959	15.996	16.374	2550453	2367076.5	2255000.5	1672848.625	77.381	59.889	112.364
2015/09/07	14.73	15.01	14.16	14.50	2879486.00	4206785536	0	14.784	14.04	14.671	14.894	15.939	16.381	2879486	2518956.25	2454824.5	1784133.875	76.539	65.439	98.739
2015/09/08	14.52	15.16	14.22	15.06	3308142.00	4893450752	0	14.948	14.124	14.651	14.858	15.893	16.393	3308142	2762682.5	2661845.75	1916889.875	81.373	70.75	102.618
2015/09/09	14.91	15.27	14.91	15.16	2419175.00	3653652224	0	14.988	14.353	14.62	14.867	15.847	16.399	2419175	2841260.5	2568904	1979379.5	85.225	75.575	104.525
2015/09/10	15.06	15.27	14.96	15.25	2057490.00	3113081088	0	14.972	14.639	14.604	14.867	15.791	16.408	2057490	2642949.25	2485182.25	2029702	88.476	79.876	105.678
2015/09/11	15.35	15.66	15.30	15.56	2887086.00	4469128192	0	15.106	14.893	14.612	14.876	15.743	16.419	2887086	2710275.75	2538676.25	2134464	90.476	83.409	104.61
2015/09/14	15.50	15.95	14.93	15.93	1839366.00	2836987904	0	15.392	15.088	14.636	14.91	15.705	16.426	1839366	2502251.75	2510604	2189415.25	93.316	86.711	106.524
2015/09/15	15.53	15.55	15.24	15.46	1076025.00	1658227584	0	15.472	15.21	14.635	14.923	15.667	16.427	1076025	2055828.375	2409255.5	2210038.5	86.419	86.614	86.029
2015/09/16	15.31	15.80	15.03	15.43	741290.00	1135218688	0	15.526	15.257	14.64	14.919	15.64	16.427	741290	1720251.375	2280756	2186657	81.263	84.83	74.128
2015/09/17	15.34	15.46	15.10	15.11	508487.00	778452736	0	15.498	15.235	14.652	14.902	15.608	16.423	508487	1410450.75	2026700	2112858.75	71.866	80.509	54.58
2015/09/18	15.16	15.29	15.02	15.03	408992.00	619915776	0	15.392	15.249	14.653	14.893	15.571	16.416	408992	914832	1812553.875	2033777.25	63.518	74.845	40.863
2015/09/21	14.96	15.08	14.84	14.97	404883.00	604841984	0	15.2	15.296	14.668	14.879	15.542	16.411	404883	627935.375	1565093.625	2009959	46.249	65.313	8.121
2015/09/22	14.97	15.23	14.97	15.05	386738.00	584644928	0	15.118	15.295	14.71	14.865	15.529	16.405	386738	490078	1272953.25	1967399.5	37.139	55.922	-0.426
2015/09/23	14.91	15.00	14.68	14.95	545806.00	810914240	0	15.022	15.274	14.814	14.838	15.513	16.397	545806	450981.188	1085616.25	1827260.125	31.846	47.896	-0.255
2015/09/24	14.95	15.30	14.87	15.27	788626.00	1192962816	0	15.054	15.276	14.958	14.828	15.485	16.393	788626	507009	958729.875	1721956	36.716	44.17	21.809
2015/09/25	15.15	15.62	15.15	15.59	1360709.00	2096781824	0	15.166	15.279	15.086	14.834	15.472	16.396	1360709	697352.375	806092.188	1672384.25	51.561	46.633	61.416
2015/09/28	15.55	15.96	15.42	15.92	914258.00	1436492544	0	15.356	15.278	15.183	14.85	15.465	16.401	914258	799227.375	713581.375	1612092.75	66.666	53.311	93.375
2015/09/29	15.79	15.99	15.67	15.97	1141903.00	1807681536	0	15.54	15.329	15.269	14.866	15.467	16.406	1141903	950260.375	720169.188	1564712.375	77.268	61.297	109.211
2015/09/30	15.95	16.65	15.90	16.63	2110381.00	3452096768	0	15.876	15.449	15.353	14.91	15.457	16.411	2110381	1263175.375	857078.313	1568917.125	84.507	69.033	115.454
2015/10/08	16.80	16.80	15.83	15.87	1400571.00	2277284608	0	15.996	15.525	15.38	14.943	15.429	16.412	1400571	1385564.375	946286.688	1486493.375	75.049	71.038	83.069
2015/10/09	15.97	16.15	15.85	15.90	415258.00	663144768	0	16.058	15.612	15.431	14.973	15.428	16.411	415258	1196474.25	946913.313	1379733.625	69.215	70.431	66.783
2015/10/12	15.90	16.25	15.73	16.06	936333.00	1497165824	0	16.086	15.721	15.509	15.019	15.413	16.41	936333	1200889.25	1000058.313	1282576	67.841	69.568	64.389
2015/10/13	15.98	16.11	15.85	15.97	546988.00	873290880	0	16.086	15.813	15.554	15.077	15.391	16.408	546988	1081906.25	1016083.313	1144518.25	64.226	67.787	57.104
2015/10/14	15.81	16.09	15.81	15.90	442978.00	706211840	0	15.94	15.908	15.591	15.178	15.372	16.402	442978	748425.625	1005800.5	1045708.375	57.969	64.514	44.878
2015/10/26	16.03	16.57	16.03	16.28	1010411.00	1648964992	0	16.022	16.009	15.642	15.308	15.364	16.396	1010411	670393.625	1027979	993354.438	59.419	62.816	52.625
2015/10/27	16.23	16.45	16.15	16.32	749340.00	1223267200	0	16.106	16.082	15.681	15.418	15.352	16.391	749340	737210	966842.125	886467.125	58.787	61.473	53.414
2015/10/28	16.26	16.54	16.09	16.31	742263.00	1217460736	0	16.156	16.121	15.7	15.496	15.341	16.381	742263	698396	949642.625	831612	57.26	60.068	51.642
2015/10/29	16.30	16.63	16.23	16.59	757606.00	1251114496	0	16.28	16.183	15.756	15.574	15.334	16.369	757606	740519.625	911212.875	815691.063	64.964	61.7	71.492
2015/10/30	16.50	16.68	16.38	16.39	454654.00	750144896	0	16.378	16.159	15.804	15.622	15.329	16.356	454654	742854.813	745640.188	801359.25	66.467	63.289	72.824
2015/11/02	16.30	16.52	16.22	16.41	381228.00	625014464	0	16.404	16.213	15.869	15.658	15.329	16.343	381228	617018.188	643705.875	794996.313	68.171	64.917	74.68
2015/11/03	16.40	16.77	16.37	16.46	604851.00	1005503936	0	16.432	16.269	15.941	15.71	15.334	16.325	604851	588120.375	662665.188	804789.25	68.017	65.95	72.151
2015/11/04	16.43	16.92	16.43	16.84	650540.00	1086409856	0	16.538	16.347	16.034	15.788	15.341	16.31	650540	569775.813	634085.875	817072.125	76.276	69.392	90.043
2015/11/05	16.85	18.07	16.75	17.71	2317997.00	4077390336	0	16.762	16.521	16.167	15.876	15.367	16.309	2317997	881854	811186.813	913635.063	78.301	72.362	90.181
2015/11/06	17.52	18.18	17.51	17.88	1275942.00	2277276160	0	17.06	16.719	16.313	15.967	15.417	16.306	1275942	1046111.625	894483.188	950141.875	80.75	75.158	91.933
2015/11/09	17.92	19.19	17.88	18.15	1578201.00	2925510400	0	17.408	16.906	16.458	16.064	15.465	16.304	1578201	1285506.25	951262.188	989620.625	75.984	75.433	77.085
2015/11/10	18.00	18.69	17.82	18.37	1404271.00	2575229696	0	17.79	17.111	16.597	16.157	15.517	16.305	1404271	1445390.25	1016755.313	991798.688	74.786	75.217	73.923
2015/11/11	18.41	18.49	17.50	17.73	921302.00	1643831040	0	17.968	17.253	16.687	16.217	15.564	16.305	921302	1499542.625	1034659.188	992150.875	66.805	72.413	55.587
2015/11/12	17.80	17.83	17.15	17.36	777902.00	1353612928	0	17.898	17.33	16.757	16.281	15.602	16.299	777902	1191523.625	1036688.813	973950.875	57.331	67.386	37.222
2015/11/13	17.20	17.60	17.15	17.58	734332.00	1283306240	0	17.838	17.449	16.804	16.352	15.636	16.292	734332	1083201.625	1064656.625	905148.375	52.523	62.432	32.707
2015/11/16	17.34	17.58	17.20	17.42	451447.00	785563840	0	17.692	17.55	16.882	16.429	15.666	16.283	451447	857850.813	1071678.5	857692.188	46.972	57.278	26.359
2015/11/17	17.46	17.81	17.42	17.44	635393.00	1119712512	0	17.506	17.648	16.958	16.51	15.701	16.278	635393	704075.188	1074732.75	868698.938	40.741	51.766	18.691
2015/11/18	17.47	17.68	17.24	17.39	575846.00	1003785472	0	17.438	17.703	17.025	16.59	15.735	16.274	575846	634984	1067263.25	850674.625	31.082	44.871	3.504
2015/11/19	17.30	17.99	17.30	17.90	1025434.00	1821483136	0	17.546	17.722	17.122	16.685	15.775	16.281	1025434	684490.375	938007	874596.875	32.976	40.906	17.116
2015/11/20	17.81	18.63	17.78	18.47	1482062.00	2733449216	0	17.724	17.781	17.25	16.803	15.82	16.293	1482062	834036.375	958619	926551.125	50.556	44.123	63.421
2015/11/23	18.51	19.13	18.44	19.06	1712038.00	3235638784	0	18.052	17.872	17.389	16.929	15.878	16.31	1712038	1086154.625	972002.688	961632.438	65.859	51.368	94.84
2015/11/24	18.90	19.12	18.59	19.05	1293891.00	2437634560	0	18.374	17.94	17.525	17.044	15.939	16.326	1293891	1217854.25	960964.688	988860	75.892	59.543	108.591
2015/11/25	18.90	19.68	18.44	19.67	3265248.00	6295983616	0	18.83	18.134	17.694	17.169	16.01	16.346	3265248	1755734.625	1195359.25	1115009.25	83.796	67.627	116.135
2015/11/26	19.50	19.70	19.20	19.37	2149442.00	4187889920	0	19.124	18.335	17.833	17.283	16.074	16.364	2149442	1980536.25	1332513.25	1184601	84.798	73.351	107.691
2015/11/27	19.16	19.42	18.40	18.53	1056087.00	1999981184	0	19.136	18.43	17.939	17.346	16.128	16.376	1056087	1895341.25	1364688.75	1214672.75	74.011	73.571	74.892
2015/11/30	18.44	18.81	17.60	18.65	976338.00	1779188224	0	19.054	18.553	18.052	17.439	16.191	16.39	976338	1748201.25	1417177.875	1244428.25	68.447	71.863	61.614
2015/12/01	18.35	19.00	18.08	18.66	634306.00	1179526400	0	18.976	18.675	18.161	17.531	16.252	16.405	634306	1616284.25	1417069.25	1245901	64.52	69.415	54.729
2015/12/02	18.51	20.00	18.48	19.85	1536081.00	2972238848	0	19.012	18.921	18.312	17.657	16.338	16.434	1536081	1270450.75	1513092.75	1290178	74.263	71.031	80.727
2015/12/03	19.70	19.77	19.22	19.25	1103463.00	2147607040	0	18.988	19.056	18.389	17.766	16.422	16.453	1103463	1061255	1520895.625	1229451.25	72.426	71.496	74.285
2015/12/04	19.27	19.27	18.69	18.71	702758.00	1331588224	0	19.024	19.08	18.431	17.86	16.519	16.466	702758	990589.188	1442965.25	1200792.125	63.7	68.897	53.306
2015/12/07	18.71	19.50	18.71	19.45	833468.00	1592198400	0	19.184	19.119	18.496	17.966	16.637	16.483	833468	962015.188	1355108.25	1163555.5	68.161	68.652	67.18
2015/12/08	19.28	20.12	18.81	20.10	2398849.00	4764109312	0	19.472	19.224	18.582	18.092	16.755	16.503	2398849	1314923.75	1465604	1213284.375	78.51	71.938	91.653
2015/12/09	19.58	19.58	19.11	19.23	920495.00	1776578432	0	19.348	19.18	18.657	18.189	16.842	16.512	920495	1191806.625	1231128.75	1213244	73.901	72.592	76.518
2015/12/10	19.34	19.88	19.11	19.27	570913.00	1108934656	0	19.352	19.17	18.753	18.278	16.926	16.519	570913	1085296.625	1073275.75	1202894.5	71.357	72.18	69.71
2015/12/11	19.01	19.22	18.43	18.60	870668.00	1630390272	0	19.33	19.177	18.803	18.352	16.987	16.524	870668	1118878.625	1054733.875	1209711.375	56.068	66.81	34.585
2015/12/14	18.31	18.63	18.03	18.45	707370.00	1290712960	0	19.13	19.157	18.855	18.42	17.039	16.535	707370	1093659	1027837.125	1222507.5	44.077	59.232	13.767
2015/12/15	18.44	18.82	18.17	18.31	516858.00	950672896	0	18.772	19.122	18.899	18.482	17.096	16.546	516858	717260.813	1016092.313	1216580.75	33.851	50.772	0.008
2015/12/16	18.36	18.45	18.11	18.18	387006.00	705621184	0	18.562	18.955	18.938	18.526	17.157	16.548	387006	610563	901184.813	1207138.75	24.959	42.168	-9.457
2015/12/17	18.26	18.61	18.20	18.49	533041.00	983362560	0	18.406	18.879	18.968	18.552	17.214	16.553	533041	602988.625	844142.625	1182519.125	23.976	36.104	-0.279
2015/12/18	18.49	19.80	18.43	18.81	922119.00	1753311872	0	18.448	18.889	18.985	18.583	17.275	16.561	922119	613278.813	866078.688	1154522	28.424	33.544	18.185
2015/12/21	18.79	19.40	18.54	19.14	824901.00	1567681280	0	18.586	18.858	18.989	18.616	17.34	16.565	824901	636785	865222	1110165.125	38.949	35.346	46.157
2015/12/22	19.01	19.29	18.77	18.90	531227.00	1006796480	0	18.704	18.738	18.981	18.634	17.396	16.569	531227	639658.813	678459.813	1072031.875	41.642	37.445	50.037
2015/12/23	18.91	19.13	18.61	18.88	661282.00	1249610496	0	18.844	18.703	18.941	18.672	17.445	16.575	661282	694514	652538.5	941833.625	43.769	39.553	52.201
2015/12/24	18.85	19.14	18.67	19.04	571716.00	1083459072	0	18.954	18.68	18.925	18.728	17.504	16.586	571716	702249	652618.813	862947.313	48.2	42.435	59.73
2015/12/25	19.02	19.48	18.93	19.32	554279.00	1069153856	0	19.056	18.752	18.965	18.786	17.569	16.605	554279	628681	620979.875	837856.875	55.999	46.956	74.085
2015/12/28	19.37	19.43	18.62	18.70	499807.00	945164672	0	18.968	18.777	18.967	18.829	17.629	16.619	499807	563662.188	600223.625	814030.375	48.97	47.628	51.654
2015/12/29	18.63	18.92	18.39	18.74	472885.00	883333888	0	18.936	18.82	18.971	18.872	17.691	16.631	472885	551993.813	595826.313	805959.313	43.897	46.384	38.922
2015/12/30	18.71	18.78	18.31	18.57	356874.00	660326976	0	18.874	18.859	18.907	18.912	17.751	16.647	356874	491112.188	592813.125	746998.938	35.081	42.616	20.01
2015/12/31	18.52	18.52	18.26	18.27	279361.00	513758880	0	18.72	18.837	18.858	18.924	17.805	16.667	279361	432641.188	567445.125	705793.875	23.661	36.298	-1.614
2016/01/04	18.28	18.28	17.55	17.80	422406.00	754425792	0	18.416	18.736	18.813	18.902	17.852	16.683	422406	406266.594	517473.813	691776.25	20.091	30.896	-1.517
2016/01/05	17.51	18.06	17.40	17.96	580548.00	1034181504	0	18.268	18.618	18.738	18.865	17.897	16.691	580548	422414.813	493038.5	679130.25	22.369	28.053	10.999
2016/01/06	17.90	18.14	17.69	18.10	467727.00	838667392	0	18.14	18.538	18.638	18.833	17.939	16.706	467727	421383.188	486688.5	582574.125	26.13	27.412	23.567
2016/01/07	17.80	17.90	17.40	17.51	113505.00	199502704	0	17.928	18.401	18.552	18.761	17.965	16.715	113505	372709.406	431910.813	542224.625	19.183	24.669	8.211
2016/01/08	17.74	17.88	16.91	17.49	719183.00	1262105088	0	17.772	18.246	18.463	18.699	17.991	16.729	719183	460673.813	446657.5	549638.125	20.461	23.266	14.849
2016/01/11	17.21	17.45	16.96	17.05	901771.00	1550155904	0	17.622	18.019	18.385	18.649	17.998	16.727	901771	556546.813	481406.688	551193.313	15.962	20.832	6.223
2016/01/12	17.17	17.52	17.08	17.45	553745.00	964061504	0	17.52	17.894	18.336	18.609	18.024	16.726	553745	551186.188	486800.5	543512.063	20.267	20.643	19.514
2016/01/13	17.57	17.90	17.35	17.39	478693.00	843717376	0	17.378	17.759	18.289	18.567	18.049	16.738	478693	553379.375	487381.313	541603.813	23.449	21.579	27.19
2016/01/14	17.00	17.99	16.89	17.92	548388.00	966117888	0	17.46	17.694	18.277	18.503	18.08	16.746	548388	640356	506532.688	549672.875	40.333	27.83	65.339
2016/01/15	17.80	18.15	17.52	17.58	467231.00	836146432	0	17.478	17.625	18.231	18.447	18.107	16.749	467231	589965.625	525319.688	546382.375	45.143	33.601	68.226
2016/01/18	17.43	17.99	17.32	17.68	327290.00	583291520	0	17.604	17.613	18.174	18.413	18.136	16.754	327290	475069.406	515808.094	516640.938	50.995	39.399	74.186
2016/01/19	17.78	17.88	17.50	17.77	298072.00	527753184	0	17.668	17.594	18.106	18.357	18.161	16.763	298072	423934.813	487560.5	490299.5	57.277	45.358	81.114
2016/01/20	17.61	17.70	17.08	17.25	359686.00	623546944	0	17.64	17.509	18.024	18.262	18.177	16.764	359686	400133.406	476756.406	481722.438	47.708	46.142	50.842
2016/01/21	17.22	17.46	16.50	16.58	341971.00	582845440	0	17.372	17.416	17.909	18.173	18.181	16.761	341971	358850	499603	465756.906	33.422	41.902	16.462
2016/01/22	16.84	17.11	16.49	17.02	420073.00	708179264	0	17.26	17.369	17.808	18.098	18.188	16.761	420073	349418.406	469692	458174.75	32.924	38.909	20.953
2016/01/25	17.00	17.17	16.72	17.03	235590.00	400445056	0	17.13	17.367	17.693	18.046	18.199	16.764	235590	331078.406	403073.906	442240.313	32.793	36.87	24.637
2016/01/26	16.96	17.14	16.40	16.66	382798.00	643611776	0	16.908	17.288	17.591	17.986	18.203	16.766	382798	348023.594	385979.188	436389.844	26.814	33.518	13.406
2016/01/27	16.75	16.98	16.51	16.68	442913.00	742640768	0	16.794	17.217	17.488	17.932	18.207	16.771	442913	364669	382401.188	434891.25	23.209	30.082	9.464
2016/01/28	16.76	16.82	15.88	16.58	389022.00	643984192	0	16.794	17.083	17.389	17.879	18.202	16.772	389022	374079.188	366464.594	436498.656	26.531	28.898	21.797
2016/01/29	16.52	17.05	16.41	16.90	474290.00	799493376	0	16.77	17.015	17.32	17.826	18.189	16.778	474290	384922.594	367170.5	446245.094	34.688	30.828	42.407
2016/02/01	16.99	17.00	16.41	16.50	291396.00	485275136	0	16.664	16.897	17.255	17.749	18.166	16.791	291396	396083.813	363581.094	439694.594	34.48	32.046	39.35
2016/02/02	16.50	16.94	16.46	16.76	253810.00	425396896	0	16.684	16.796	17.195	17.669	18.143	16.804	253810	370286.188	359154.906	423357.688	41.552	35.214	54.228
2016/02/03	16.60	16.66	16.45	16.61	277792.00	459255616	0	16.67	16.732	17.121	17.593	18.114	16.815	277792	337262	350965.5	413860.938	46.565	38.998	61.698
2016/02/04	16.84	17.32	16.63	17.30	471629.00	799283776	0	16.814	16.804	17.11	17.54	18.106	16.835	471629	353783.406	363931.313	431767.156	63.913	47.303	97.134
2016/02/05	17.24	18.39	17.15	18.38	784135.00	1401156096	0	17.11	16.94	17.154	17.518	18.123	16.863	784135	415752.406	400337.5	435014.75	75.809	56.805	113.818
2016/02/15	17.98	18.48	17.80	18.45	672963.00	1221398272	0	17.5	17.082	17.225	17.489	18.138	16.887	672963	492065.813	444074.813	423574.344	83.488	65.7	119.066
2016/03/11	17.51	17.53	16.61	16.97	982403.00	1657158656	0	17.542	17.113	17.201	17.432	18.13	16.898	982403	637784.375	504035.313	445007.25	69.633	67.011	74.878
2016/03/14	16.88	17.47	16.82	16.86	569222.00	973317376	0	17.592	17.131	17.174	17.369	18.121	16.911	569222	696070.375	516666.188	449533.688	53.669	62.563	35.879
2016/03/15	16.95	17.19	16.81	17.02	375409.00	638223040	0	17.536	17.175	17.129	17.317	18.115	16.925	375409	676826.375	515304.906	440884.75	45.602	56.91	22.987
2016/03/16	16.92	18.07	16.91	18.03	1084044.00	1924212608	0	17.466	17.288	17.152	17.309	18.117	16.946	1084044	736808.188	576280.313	471725.406	56.345	56.722	55.593
2016/03/17	17.81	18.19	17.45	17.70	686358.00	1219236352	0	17.316	17.408	17.153	17.306	18.104	16.962	686358	739487.188	615776.5	489678.813	58.089	57.177	59.913
2016/03/18	17.79	18.00	17.65	17.84	559880.00	996332608	0	17.49	17.516	17.156	17.302	18.083	16.981	559880	654982.625	646383.5	502769.188	60.651	58.335	65.283
2016/03/21	17.78	18.25	17.78	18.06	420015.00	756966784	0	17.73	17.661	17.197	17.301	18.067	17.003	420015	625141.188	660605.813	505785.656	66.281	60.984	76.875
2016/03/22	18.09	18.63	18.02	18.15	437608.00	800814912	0	17.956	17.746	17.275	17.322	18.042	17.026	437608	637581	657203.688	510567.5	69.6	63.856	81.088
2016/03/23	18.16	18.35	18.06	18.13	278308.00	506023200	0	17.976	17.721	17.33	17.343	18.021	17.048	278308	476433.813	606621	503479.25	71.482	66.398	81.651
2016/03/24	18.11	18.11	17.68	17.72	274483.00	488313664	0	17.98	17.648	17.365	17.366	18.007	17.068	274483	394058.813	566773	505423.906	64.322	65.706	61.553
2016/03/25	17.72	17.87	17.68	17.74	136192.00	241971872	0	17.96	17.725	17.419	17.375	17.992	17.092	136192	309321.188	482151.906	493093.594	59.914	63.775	52.192
2016/03/28	17.78	18.00	17.37	17.45	245217.00	433449216	0	17.838	17.784	17.458	17.377	17.972	17.112	245217	274361.594	449751.406	483208.813	50.408	59.319	32.585
2016/03/29	17.53	17.66	17.37	17.45	191512.00	335806208	0	17.698	17.827	17.501	17.362	17.932	17.135	191512	225142.406	431361.688	473333.313	35.722	51.453	4.258
2016/03/30	17.65	17.95	17.65	17.87	355621.00	634175232	0	17.646	17.811	17.549	17.371	17.909	17.166	355621	240605	358519.406	467399.844	37.042	46.65	17.827
2016/03/31	17.98	18.08	17.72	17.93	237621.00	425380416	0	17.688	17.834	17.621	17.38	17.896	17.208	237621	233232.594	313645.688	464711.094	39.509	44.27	29.989
2016/04/01	17.98	18.25	17.61	18.18	357905.00	643979456	0	17.776	17.868	17.692	17.393	17.875	17.256	357905	277575.188	293448.188	469915.844	47.768	45.436	52.433
2016/04/05	17.94	18.29	17.76	18.17	426223.00	768010112	0	17.92	17.879	17.77	17.424	17.843	17.299	426223	313776.406	294069	477337.406	59.056	49.976	77.217
2016/04/06	18.03	18.14	17.87	17.96	234287.00	421234848	0	18.022	17.86	17.803	17.47	17.822	17.332	234287	322331.406	273736.906	465470.313	60.748	53.567	75.11
2016/04/07	17.95	18.00	17.63	17.69	290477.00	516129856	0	17.986	17.816	17.768	17.492	17.795	17.361	290477	309302.594	274953.813	440787.406	52.093	53.075	50.127
2016/04/08	17.56	17.76	17.53	17.60	171322.00	301704512	0	17.92	17.804	17.726	17.511	17.779	17.383	171322	296042.813	264637.688	415705.344	43.062	49.737	29.71
2016/04/11	17.60	17.82	17.55	17.67	241176.00	426862400	0	17.818	17.797	17.761	17.545	17.766	17.402	241176	272697	275136.094	378644	39.577	46.351	26.031
2016/04/12	17.69	17.70	17.53	17.62	141008.00	248002288	0	17.708	17.814	17.799	17.576	17.754	17.425	141008	215654	264715.188	357233.313	30.332	41.011	8.974
2016/04/13	17.73	17.99	17.69	17.74	351897.00	627667712	0	17.664	17.843	17.835	17.615	17.747	17.452	351897	239176	280753.688	356057.688	29.432	37.151	13.993
2016/04/14	17.90	18.01	17.75	17.80	157962.00	281977248	0	17.686	17.836	17.823	17.645	17.735	17.475	157962	212673	260987.797	309753.594	31.463	35.255	23.879
2016/04/15	17.95	18.06	17.80	17.89	347735.00	623836224	0	17.744	17.832	17.833	17.691	17.72	17.498	347735	247955.594	271999.188	292822.438	36.765	35.759	38.778
2016/04/18	17.75	18.03	17.66	17.81	280841.00	501790688	0	17.772	17.795	17.831	17.726	17.698	17.519	280841	255888.594	264292.813	278870.5	39.811	37.109	45.213
2016/04/19	17.95	17.98	17.78	17.90	272464.00	487095904	0	17.828	17.768	17.823	17.769	17.681	17.538	272464	282179.813	248916.906	271492.938	49.811	41.343	66.746
2016/04/20	17.89	17.99	17.31	17.96	466146.00	825437824	0	17.872	17.768	17.814	17.791	17.666	17.555	466146	305029.594	272102.813	272919.844	62.096	48.261	89.767
2016/04/21	17.82	18.35	17.75	18.12	482129.00	872382592	0	17.936	17.811	17.813	17.783	17.65	17.577	482129	369863	291268	283110.906	67.359	54.627	92.823
2016/04/22	18.00	18.36	17.94	18.24	281782.00	513194656	0	18.006	17.875	17.84	17.776	17.632	17.601	281782	356672.406	302314	283475.844	74.43	61.228	100.834
2016/04/25	18.15	18.16	17.82	17.88	242944.00	435467872	0	18.02	17.896	17.847	17.806	17.619	17.624	242944	349093	302490.813	288813.438	67.715	63.39	76.365
2016/04/26	17.87	18.08	17.75	17.92	157394.00	281501376	0	18.024	17.926	17.87	17.841	17.605	17.648	157394	326079	304129.406	284422.313	64.508	63.763	65.999
2016/04/27	17.97	17.97	17.80	17.86	138389.00	247622912	0	18.004	17.938	17.89	17.869	17.593	17.672	138389	260527.594	282778.594	281766.156	60.466	62.664	56.07
2016/04/28	17.93	18.10	17.83	17.90	157284.00	282201344	0	17.96	17.948	17.892	17.865	17.587	17.696	157284	195558.594	282710.813	271849.313	59.041	61.456	54.21
2016/04/29	17.83	17.94	17.75	17.83	230659.00	412460992	0	17.878	17.942	17.887	17.869	17.588	17.72	230659	185334	271003.188	271501.188	55.868	59.594	48.418
2016/05/03	17.95	18.24	17.83	18.12	277767.00	501830144	0	17.926	17.973	17.884	17.879	17.59	17.744	277767	192298.594	270695.813	267494.313	62.96	60.716	67.448
2016/05/04	18.06	18.23	18.02	18.08	231190.00	418592992	0	17.958	17.991	17.879	17.879	17.59	17.764	231190	207057.797	266568.406	257742.656	60.006	60.479	59.06
2016/05/05	18.06	18.12	17.98	18.06	149366.00	269576064	0	17.998	18.001	17.885	17.876	17.599	17.782	149366	209253.203	234890.406	253496.594	56.944	59.301	52.23
2016/05/06	18.07	18.10	17.71	17.73	234068.00	418454816	0	17.964	17.962	17.886	17.863	17.603	17.797	234068	224610	210084.297	250676.156	39.22	52.607	12.447
2016/05/09	17.71	17.80	17.40	17.51	219476.00	386423424	0	17.9	17.889	17.882	17.856	17.611	17.804	219476	222373.406	203853.703	253083.844	30.512	45.242	1.052
2016/05/10	17.38	17.56	17.38	17.48	168466.00	294675488	0	17.772	17.849	17.872	17.847	17.611	17.818	168466	200513.203	196405.906	249448.344	24.217	38.234	-3.816
2016/05/11	17.55	17.57	17.40	17.45	119412.00	208655792	0	17.646	17.802	17.864	17.847	17.612	17.831	119412	178157.594	192607.703	248368.547	18.858	31.775	-6.976
2016/05/12	17.43	17.50	17.20	17.41	146690.00	254410736	0	17.516	17.757	17.847	17.846	17.604	17.842	146690	177622.406	193437.797	238108.203	19.303	27.618	2.673
2016/05/13	17.37	17.46	17.22	17.24	110138.00	190929408	0	17.418	17.691	17.819	17.825	17.598	17.852	110138	152836.406	188723.203	235717	14.151	23.129	-3.806
2016/05/16	17.23	17.35	17.21	17.29	110456.00	190872656	0	17.374	17.637	17.789	17.804	17.592	17.864	110456	131032.398	176702.906	223853.047	12.346	19.535	-2.03
2016/05/17	17.29	17.34	17.16	17.25	97652.00	168387280	0	17.328	17.55	17.761	17.773	17.583	17.872	97652	116869.602	158691.406	214693.594	11.356	16.808	0.451
2016/05/18	17.25	17.62	17.02	17.56	309625.00	536935488	0	17.35	17.498	17.744	17.752	17.588	17.882	309625	154912.203	166534.906	216551.656	24.237	19.285	34.142
2016/05/19	17.44	17.49	17.33	17.35	103808.00	180686336	0	17.338	17.427	17.714	17.732	17.601	17.891	103808	146335.797	161979.094	198434.75	30.261	22.943	44.896
2016/05/20	17.31	17.50	17.27	17.45	111406.00	194223008	0	17.38	17.399	17.681	17.724	17.608	17.898	111406	146589.406	149712.906	179898.594	44.063	29.983	72.222
2016/05/23	17.50	17.68	17.44	17.55	140807.00	247441296	0	17.432	17.403	17.646	17.722	17.617	17.908	140807	152659.594	141846	172849.844	56.143	38.703	91.022
2016/05/24	17.48	17.60	17.43	17.55	107259.00	187905440	0	17.492	17.41	17.629	17.718	17.632	17.917	107259	154581	135725.297	166065.594	64.196	47.201	98.187
2016/05/25	17.68	17.73	17.60	17.67	137662.00	243549456	0	17.514	17.432	17.617	17.72	17.648	17.927	137662	120188.398	137550.297	165079	73.314	55.905	108.131
2016/05/26	17.65	17.86	17.65	17.70	110651.00	196266944	0	17.584	17.461	17.609	17.719	17.667	17.935	110651	121557	133946.406	163692.094	75.86	62.557	102.467
2016/05/27	17.69	17.77	17.63	17.74	116212.00	205801168	0	17.642	17.511	17.601	17.717	17.681	17.935	116212	122518.203	134553.797	161638.5	79.145	68.086	101.262
2016/05/30	17.84	17.97	17.68	17.95	175382.00	313324800	0	17.722	17.577	17.607	17.719	17.705	17.935	175382	129433.203	141046.406	158874.656	85.395	73.856	108.473
2016/05/31	17.93	18.40	17.92	18.29	356315.00	650177344	0	17.87	17.681	17.615	17.735	17.73	17.937	356315	179244.406	166912.703	162802.047	87.018	78.243	104.569
2016/06/01	18.30	18.35	18.13	18.19	183124.00	333790688	0	17.974	17.744	17.621	17.744	17.757	17.935	183124	188336.797	154262.594	160398.75	85.151	80.546	94.361
2016/06/02	18.20	18.30	17.93	18.02	177865.00	321768768	0	18.038	17.811	17.619	17.746	17.769	17.938	177865	201779.594	161668.297	161823.703	77.042	79.378	72.371
2016/06/03	18.12	18.13	17.90	18.01	180035.00	323746016	0	18.092	17.867	17.633	17.743	17.763	17.943	180035	214544.203	168531.203	159122.047	71.293	76.683	60.513
2016/06/06	18.05	18.11	17.97	18.02	178562.00	321865760	0	18.106	17.914	17.659	17.735	17.756	17.947	178562	215180.203	172306.703	157076.344	65.029	72.798	49.489
2016/06/07	18.10	18.13	17.97	18.02	165340.00	298145344	0	18.052	17.961	17.686	17.74	17.773	17.952	165340	176985.203	178114.797	156920.047	60.236	68.611	43.485
2016/06/08	18.01	18.07	17.97	17.99	237583.00	427741568	0	18.012	17.993	17.712	17.742	17.792	17.956	237583	187877	188106.906	162828.594	55.741	64.321	38.583
2016/06/13	17.86	17.94	17.77	17.78	300516.00	536281152	0	17.964	18.001	17.731	17.74	17.805	17.959	300516	212407.203	207093.406	170519.906	41.791	56.811	11.75
2016/06/14	17.77	17.83	17.70	17.79	187734.00	333449728	0	17.92	18.006	17.759	17.736	17.801	17.959	187734	213947	214245.594	174399.703	32.146	48.589	-0.74
2016/06/15	17.61	17.76	17.55	17.74	263322.00	464557376	0	17.864	17.985	17.781	17.733	17.801	17.952	263322	230899	223039.594	182043	29.347	42.175	3.692
2016/06/16	17.67	17.93	17.60	17.80	308711.00	549171200	0	17.82	17.936	17.809	17.722	17.801	17.942	308711	259573.203	218279.203	192595.953	30.676	38.342	15.344
2016/06/17	17.75	17.99	17.74	17.77	174122.00	311113088	0	17.776	17.894	17.819	17.712	17.796	17.931	174122	246881	217379	185820.797	33.094	36.593	26.097
2016/06/20	17.93	17.93	17.75	17.85	96815.00	172507200	0	17.79	17.877	17.844	17.705	17.791	17.916	96815	206140.797	209274	185471.156	39.304	37.497	42.92
2016/06/21	17.88	17.95	17.75	17.78	158529.00	282663680	0	17.788	17.854	17.861	17.707	17.785	17.903	158529	200299.797	207123.406	187827.297	39.421	38.138	41.988
2016/06/22	17.80	17.90	17.78	17.89	142275.00	253800352	0	17.818	17.841	17.878	17.719	17.788	17.898	142275	176090.406	203494.703	187900.703	48.076	41.451	61.326
2016/06/23	15.90	15.90	15.71	15.72	128823.00	203560848	0	17.402	17.611	17.786	17.661	17.754	17.873	128823	140112.797	199843	188978.906	32.197	38.366	19.858
2016/06/24	15.70	15.79	15.08	15.28	305755.00	470756352	0	16.904	17.34	17.667	17.588	17.718	17.845	305755	166439.406	206660.203	197383.547	23.755	33.496	4.275
2016/06/27	15.29	15.39	15.18	15.31	191635.00	292488224	0	16.396	17.093	17.547	17.518	17.682	17.807	191635	185403.406	195772.094	201432.75	18.472	28.488	-1.561
2016/06/28	15.27	15.30	15.18	15.28	125598.00	191346960	0	15.896	16.842	17.424	17.453	17.639	17.774	125598	178817.203	189558.5	201902.047	14.605	23.86	-3.905
2016/06/29	15.29	15.54	15.28	15.50	212534.00	326320224	0	15.418	16.618	17.302	17.393	17.598	17.747	212534	192869	184479.703	203759.656	14.548	20.756	2.131
2016/06/30	15.50	15.66	15.44	15.57	207359.00	323223552	0	15.388	16.395	17.166	17.337	17.555	17.715	207359	208576.203	174344.5	196311.844	15.39	18.967	8.234
2016/07/01	15.57	15.96	15.54	15.92	251065.00	394802048	0	15.516	16.21	17.052	17.283	17.517	17.68	251065	197638.203	182038.797	199708.906	20.016	19.317	21.414
2016/07/04	15.86	16.03	15.80	15.93	214117.00	341120768	0	15.64	16.018	16.948	17.235	17.484	17.653	214117	202134.594	193769	201521.5	23.391	20.675	28.824
2016/07/05	15.94	15.95	15.75	15.79	161716.00	255727216	0	15.742	15.819	16.837	17.18	17.452	17.624	161716	209358.203	194087.703	200605.547	40.506	27.285	66.948
2016/07/06	15.71	15.76	15.61	15.64	229765.00	360070176	0	15.77	15.594	16.718	17.116	17.419	17.599	229765	212804.406	202836.703	203165.703	46.653	33.741	72.477
2016/07/07	15.63	15.64	15.45	15.57	244980.00	380536320	0	15.77	15.579	16.595	17.05	17.384	17.575	244980	220328.594	214452.406	207147.703	46.396	37.96	63.27
2016/07/08	15.55	15.56	15.44	15.45	149013.00	230568192	0	15.676	15.596	16.468	16.976	17.348	17.551	149013	199918.203	198778.203	202719.203	41.519	39.146	46.265
2016/07/11	15.56	15.57	15.40	15.43	228525.00	354003584	0	15.576	15.608	16.351	16.901	17.31	17.528	228525	202799.797	202467.203	199119.656	34.346	37.546	27.946
2016/07/12	15.48	15.65	15.45	15.64	255451.00	397267008	0	15.546	15.644	16.243	16.831	17.274	17.504	255451	221546.797	215452.5	202505.5	35.596	36.896	32.995
2016/07/13	15.65	15.97	15.64	15.79	362381.00	573546752	0	15.576	15.673	16.146	16.759	17.239	17.479	362381	248070	230437.203	207458.453	44.365	39.386	54.325
2016/07/14	15.77	15.84	15.64	15.70	168834.00	265364896	0	15.602	15.686	16.041	16.672	17.204	17.451	168834	232840.797	226584.703	200464.594	45.45	41.407	53.535
2016/07/15	15.71	15.75	15.65	15.71	159981.00	251152944	0	15.654	15.665	15.938	16.59	17.167	17.424	159981	235034.406	217476.297	199757.547	48.429	43.748	57.791
2016/07/18	15.73	15.91	15.66	15.77	277670.00	438169696	0	15.722	15.649	15.833	16.515	17.131	17.398	277670	244863.406	223831.594	208800.297	53.923	47.14	67.491
2016/07/19	15.77	15.80	15.65	15.73	171798.00	269908288	0	15.74	15.643	15.731	16.439	17.091	17.371	171798	228132.797	224839.797	209463.75	55.247	49.842	66.057
2016/07/20	15.70	15.76	15.63	15.75	148665.00	233284416	0	15.732	15.654	15.624	16.363	17.049	17.341	148665	185389.594	216729.797	209783.25	57.299	52.328	67.242
2016/07/21	15.74	15.87	15.70	15.83	220204.00	348156608	0	15.758	15.68	15.63	16.29	17.015	17.317	220204	195663.594	214252.203	214352.297	63.346	56	78.036
2016/07/22	15.81	15.82	15.58	15.63	167117.00	262066576	0	15.742	15.698	15.647	16.211	16.977	17.291	167117	197090.797	216062.594	207420.406	53.769	55.257	50.794
2016/07/25	15.63	15.76	15.63	15.69	114420.00	179598112	0	15.726	15.724	15.666	16.142	16.941	17.267	114420	164440.797	204652.094	203559.656	45.248	51.92	31.902
2016/07/26	15.69	15.79	15.65	15.74	204624.00	321598656	0	15.728	15.734	15.689	16.073	16.905	17.246	204624	171006	199569.406	207510.953	46.327	50.056	38.869
2016/07/27	15.73	15.88	15.45	15.87	406973.00	637937280	0	15.752	15.742	15.708	16.011	16.872	17.23	406973	222667.594	204028.594	217232.906	61.319	53.81	76.337
2016/07/28	15.77	15.79	15.65	15.68	174514.00	274345312	0	15.722	15.74	15.713	15.94	16.831	17.211	174514	213529.594	204596.594	215590.656	57.546	55.056	62.527
2016/07/29	15.65	15.71	15.61	15.70	143483.00	224747568	0	15.736	15.739	15.702	15.871	16.792	17.191	143483	208802.797	202946.797	210211.547	57.744	55.952	61.329
2016/08/01	15.68	15.85	15.65	15.80	229099.00	361191360	0	15.758	15.742	15.696	15.803	16.754	17.177	229099	231738.594	198089.703	210960.656	65.628	59.177	78.529
2016/08/02	15.79	15.85	15.68	15.75	108778.00	171311344	0	15.76	15.744	15.693	15.735	16.721	17.162	108778	212569.406	191787.703	208313.75	67.008	61.787	77.448
2016/08/03	15.64	15.72	15.62	15.67	105840.00	165699520	0	15.72	15.736	15.695	15.661	16.69	17.151	105840	152342.797	187505.203	202117.5	61.726	61.767	61.644
2016/08/04	15.69	15.69	15.49	15.59	156105.00	243122624	0	15.702	15.712	15.696	15.657	16.659	17.135	156105	148661	181095.297	197673.75	52.003	58.512	38.986
2016/08/05	15.60	15.80	15.59	15.73	176485.00	277447200	0	15.708	15.722	15.71	15.672	16.63	17.121	176485	155261.406	182032.094	199047.344	56.374	57.8	53.524
2016/08/08	15.76	15.76	15.66	15.74	131294.00	206333088	0	15.696	15.727	15.726	15.686	16.602	17.103	131294	135700.406	183719.5	194185.797	60.063	58.554	63.082
2016/08/09	15.75	15.80	15.71	15.79	154809.00	243949584	0	15.704	15.732	15.733	15.703	16.578	17.088	154809	144906.594	178738	189153.703	67.82	61.643	80.174
2016/08/10	15.80	15.85	15.73	15.83	184995.00	292534464	0	15.736	15.728	15.735	15.714	16.554	17.073	184995	160737.594	156540.203	180284.406	76.695	66.66	96.764
2016/08/11	15.75	16.40	15.74	16.07	526894.00	852413120	0	15.832	15.767	15.753	15.731	16.534	17.059	526894	234895.406	191778.203	198187.406	72.375	68.565	79.995
2016/08/12	16.12	16.39	16.00	16.36	469916.00	763634368	0	15.958	15.833	15.786	15.746	16.514	17.051	469916	293581.594	224421.5	213684.156	80.118	72.416	95.523
2016/08/15	16.50	17.02	16.45	16.94	773339.00	1299618560	0	16.198	15.947	15.844	15.779	16.507	17.054	773339	421990.594	278845.5	238467.594	85.003	76.612	101.785
2016/08/16	16.94	16.99	16.67	16.70	493840.00	829743488	0	16.38	16.042	15.893	15.81	16.495	17.052	493840	489796.813	317351.688	254569.703	83.03	78.751	91.588
2016/08/17	16.72	16.85	16.52	16.64	364466.00	606581248	0	16.542	16.139	15.938	15.843	16.48	17.048	364466	525691	343214.313	265359.75	79.829	79.11	81.266
2016/08/18	16.55	16.77	16.35	16.44	371101.00	612294400	0	16.616	16.224	15.968	15.872	16.461	17.046	371101	494532.406	364713.906	272904.594	72.337	76.853	63.306
2016/08/19	16.43	16.50	16.36	16.42	199273.00	327521632	0	16.628	16.293	16.007	15.904	16.44	17.044	199273	440403.813	366992.688	274512.406	66.291	73.332	52.208
2016/08/22	16.42	16.47	16.31	16.41	197686.00	324280096	0	16.522	16.36	16.044	15.937	16.419	17.043	197686	325273.188	373631.906	278675.688	61.765	69.476	46.342
2016/08/23	16.41	16.56	16.32	16.40	317544.00	521794944	0	16.462	16.421	16.076	15.962	16.396	17.039	317544	290014	389905.406	284321.688	58.364	65.772	43.548
2016/08/24	16.41	16.51	16.34	16.39	170854.00	280402624	0	16.412	16.477	16.103	15.982	16.371	17.038	170854	251291.594	388491.313	272515.75	51.654	61.066	32.831
2016/08/25	16.36	16.41	16.20	16.34	247499.00	403472224	0	16.392	16.504	16.135	16.004	16.338	17.034	247499	226571.203	360551.813	276165	40.127	54.087	12.209
2016/08/26	16.36	16.40	16.29	16.34	146881.00	240035888	0	16.376	16.502	16.167	16.025	16.307	17.032	146881	216092.797	328248.313	276334.906	32.659	46.944	4.088
2016/08/29	16.31	16.37	16.08	16.23	302020.00	489414016	0	16.34	16.431	16.189	16.04	16.277	17.023	302020	236959.594	281116.406	279980.938	28.266	40.718	3.362
2016/08/30	16.24	16.49	16.24	16.40	363970.00	597418112	0	16.34	16.401	16.222	16.062	16.25	17.007	363970	246244.797	268129.406	292740.563	34.303	38.58	25.749
2016/08/31	16.35	16.56	16.32	16.48	220034.00	362526016	0	16.358	16.385	16.262	16.087	16.225	16.99	220034	256080.797	253686.203	298450.25	50.646	42.602	66.735
2016/09/01	16.48	16.55	16.38	16.41	212720.00	349934560	0	16.372	16.382	16.303	16.106	16.198	16.986	212720	249125	237848.094	301281	56.681	47.295	75.453
2016/09/02	16.38	16.50	16.35	16.48	231470.00	380418560	0	16.4	16.388	16.34	16.134	16.173	16.982	231470	266042.813	241067.797	304030.25	65.565	53.385	89.925
2016/09/05	16.49	16.58	16.42	16.49	256770.00	423399296	0	16.452	16.396	16.378	16.161	16.151	16.978	256770	256992.797	246976.203	310304.063	71.043	59.271	94.588
2016/09/06	16.49	16.53	16.37	16.41	202826.00	333206432	0	16.454	16.397	16.409	16.183	16.128	16.964	202826	224764	235504.406	312704.906	69.362	62.635	82.817
2016/09/07	16.41	16.50	16.35	16.48	179756.00	295519904	0	16.454	16.406	16.441	16.204	16.107	16.954	179756	216708.406	236394.594	312442.938	72.908	66.059	86.606
2016/09/08	16.47	16.61	16.43	16.60	244069.00	403801792	0	16.492	16.432	16.468	16.234	16.087	16.944	244069	222978.203	236051.594	298301.688	81.31	71.143	101.644
2016/09/09	16.62	16.66	16.50	16.56	187395.00	310623904	0	16.508	16.454	16.478	16.263	16.067	16.931	187395	214163.203	240103	284175.656	79.603	73.963	90.884
2016/09/12	16.38	16.47	16.26	16.40	365092.00	597895488	0	16.49	16.471	16.451	16.283	16.043	16.917	365092	235827.594	246410.203	263763.313	64.736	70.887	52.432
2016/09/13	16.40	16.46	16.39	16.45	142344.00	233969072	0	16.498	16.476	16.438	16.306	16.021	16.903	142344	223731.203	224247.594	246188.5	58.99	66.922	43.128
2016/09/14	16.43	16.48	16.38	16.40	239814.00	393967808	0	16.482	16.468	16.427	16.331	15.996	16.892	239814	235742.797	226225.594	239955.906	50.994	61.612	29.756
2016/09/19	16.45	16.51	16.42	16.46	144660.00	238091120	0	16.454	16.473	16.427	16.36	16.008	16.881	144660	215861	219419.594	228633.844	50.662	57.962	36.062
2016/09/20	16.47	16.48	16.42	16.46	173968.00	286078656	0	16.434	16.471	16.43	16.384	16.028	16.873	173968	213175.594	213669.406	227368.594	50.441	55.455	40.414
2016/09/21	16.47	16.51	16.43	16.45	94161.00	154918240	0	16.444	16.467	16.431	16.408	16.047	16.865	94161	158989.406	197408.5	222192.344	49.461	53.457	41.469
2016/09/22	16.49	16.59	16.47	16.53	115278.00	190442432	0	16.46	16.479	16.438	16.432	16.068	16.853	115278	153576.203	188653.703	212079.047	55.474	54.13	58.163
2016/09/23	16.55	16.55	16.48	16.48	102005.00	168270144	0	16.476	16.479	16.442	16.454	16.084	16.841	102005	126014.398	180878.594	208636.594	55.316	54.525	56.898
2016/09/26	16.45	16.57	16.41	16.48	207692.00	342748704	0	16.48	16.467	16.449	16.468	16.099	16.827	207692	138620.797	177240.906	206646.25	59.099	56.05	65.199
2016/09/27	16.42	16.52	16.42	16.48	170255.00	280852896	0	16.484	16.459	16.456	16.472	16.109	16.813	170255	137878.203	175526.906	207814.953	55.273	55.791	54.236
2016/09/28	16.48	16.53	16.46	16.48	128420.00	211844624	0	16.49	16.467	16.469	16.456	16.118	16.801	128420	144730	151859.703	199134.953	52.721	54.768	48.629
2016/09/29	16.52	16.55	16.49	16.50	109974.00	181620112	0	16.484	16.472	16.474	16.45	16.13	16.791	109974	143669.203	148622.703	186435.156	51.814	53.783	47.876
2016/09/30	16.50	16.53	16.48	16.49	121903.00	201085200	0	16.486	16.481	16.475	16.445	16.144	16.782	121903	147648.797	136831.594	181528.594	49.358	52.308	43.457
2016/10/10	16.53	16.60	16.48	16.55	186669.00	308450240	0	16.5	16.49	16.482	16.448	16.16	16.772	186669	143444.203	141032.5	180226.047	57.466	54.027	64.344
2016/10/11	16.57	16.58	16.50	16.57	126904.00	209785536	0	16.518	16.501	16.486	16.453	16.179	16.764	126904	134774	136326.094	174997.75	66.381	58.145	82.852
2016/10/12	16.54	16.54	16.48	16.51	106439.00	175594208	0	16.524	16.507	16.487	16.457	16.197	16.753	106439	130377.797	137553.906	167481.203	61.798	59.363	66.668
2016/10/13	16.51	16.52	16.42	16.43	145044.00	238973136	0	16.51	16.497	16.488	16.458	16.21	16.742	145044	137391.797	140530.5	164592.094	44.707	54.478	25.167
2016/10/14	16.43	16.47	16.38	16.46	106601.00	175020224	0	16.504	16.495	16.487	16.46	16.221	16.73	106601	134331.406	140990.094	160934.344	41.926	50.294	25.191
2016/10/17	16.41	16.44	16.22	16.27	164249.00	268130864	0	16.448	16.474	16.47	16.458	16.231	16.717	164249	129847.398	136645.797	156943.344	32.337	44.308	8.394
2016/10/18	16.28	16.39	16.24	16.34	182518.00	298064128	0	16.402	16.46	16.459	16.458	16.241	16.704	182518	140970.203	137872.094	156699.5	32.084	40.233	15.786
2016/10/19	16.35	16.39	16.24	16.27	111432.00	181631904	0	16.354	16.439	16.453	16.459	16.25	16.69	111432	141968.797	136173.297	144016.5	25.776	35.414	6.498
2016/10/20	16.27	16.34	16.25	16.29	89858.00	146255312	0	16.326	16.418	16.445	16.455	16.259	16.675	89858	130931.602	134161.703	141392.203	23.324	31.384	7.204
2016/10/21	16.29	16.34	16.22	16.30	108848.00	177155056	0	16.294	16.399	16.44	16.449	16.268	16.659	108848	131381	132856.203	134843.906	22.957	28.575	11.72
2016/10/24	16.30	16.58	16.27	16.47	247572.00	406980672	0	16.334	16.391	16.441	16.451	16.279	16.647	247572	148045.594	138946.5	139989.5	38.453	31.868	51.623
2016/10/25	16.48	16.50	16.36	16.42	133093.00	218721456	0	16.35	16.376	16.438	16.449	16.292	16.634	133093	138160.594	139565.406	137945.75	44.154	35.963	60.535
2016/10/26	16.40	16.42	16.30	16.32	124368.00	203174016	0	16.36	16.357	16.432	16.444	16.302	16.622	124368	140747.797	141358.297	139456.094	38.695	36.874	42.338
2016/10/27	16.30	16.31	16.18	16.19	195175.00	316513312	0	16.34	16.333	16.415	16.436	16.31	16.607	195175	161811.203	146371.406	143450.953	26.63	33.459	12.972
2016/10/28	16.19	16.34	16.18	16.29	150672.00	244739680	0	16.338	16.316	16.406	16.43	16.317	16.594	150672	170176	150778.5	145884.297	26.92	31.279	18.201
2016/10/31	16.23	16.31	16.01	16.27	146733.00	237635072	0	16.298	16.316	16.395	16.419	16.327	16.579	146733	150008.203	149026.906	142836.344	33.151	31.903	35.647
2016/11/01	16.26	16.33	16.21	16.30	130283.00	212179104	0	16.274	16.312	16.386	16.41	16.337	16.564	130283	149446.203	143803.406	140837.75	39.06	34.289	48.602
2016/11/02	16.21	16.30	16.18	16.20	250512.00	406667264	0	16.25	16.305	16.372	16.404	16.343	16.549	250512	174675	157711.406	146942.344	37.151	35.243	40.967
2016/11/03	16.19	16.38	16.19	16.35	258641.00	421412544	0	16.282	16.311	16.365	16.4	16.353	16.537	258641	187368.203	174589.703	154375.703	44.65	38.379	57.194
2016/11/04	16.30	16.53	16.29	16.40	215165.00	353348704	0	16.304	16.321	16.36	16.4	16.365	16.528	215165	200266.797	185221.406	159038.797	54.767	43.842	76.618
2016/11/07	16.39	16.45	16.38	16.42	213517.00	350381728	0	16.334	16.316	16.354	16.399	16.379	16.519	213517	213623.594	181815.906	160381.203	62.793	50.159	88.062
2016/11/08	16.45	16.54	16.44	16.47	173072.00	285419776	0	16.368	16.321	16.348	16.399	16.392	16.511	173072	222181.406	185813.797	162689.594	70.793	57.037	98.305
2016/11/09	16.47	16.53	16.36	16.46	398266.00	655055488	0	16.42	16.335	16.346	16.4	16.404	16.503	398266	251732.203	213203.594	177280.953	75.497	63.19	100.111
2016/11/10	16.55	16.64	16.48	16.57	204846.00	339602784	0	16.464	16.373	16.353	16.401	16.417	16.497	204846	240973.203	214170.703	180271.047	79.961	68.781	102.322
2016/11/11	16.56	16.63	16.45	16.59	215392.00	356740640	0	16.502	16.403	16.36	16.405	16.429	16.492	215392	241018.594	220642.703	185710.594	83.018	73.526	102
2016/11/14	16.53	16.70	16.52	16.60	181245.00	301208000	0	16.538	16.436	16.376	16.409	16.438	16.486	181245	234564.203	224093.906	186560.406	82.268	76.44	93.924
2016/11/15	16.59	16.61	16.50	16.59	157141.00	260648304	0	16.562	16.465	16.389	16.412	16.442	16.478	157141	231378	226779.703	185291.547	80.989	77.956	87.054
2016/11/16	16.59	16.63	16.54	16.60	123955.00	205688800	0	16.59	16.505	16.405	16.416	16.436	16.472	123955	176515.797	214124	185917.703	79.196	78.37	80.849
2016/11/17	16.58	16.63	16.52	16.60	227186.00	376599264	0	16.596	16.53	16.42	16.42	16.435	16.465	227186	180983.797	210978.5	192784.094	76.327	77.689	73.603
2016/11/18	16.59	16.64	16.55	16.60	292744.00	485488352	0	16.598	16.55	16.435	16.423	16.434	16.457	292744	196454.203	218736.406	201978.906	74.414	76.597	70.047
2016/11/21	16.59	16.73	16.54	16.64	214325.00	356612256	0	16.606	16.572	16.444	16.426	16.437	16.449	214325	203070.203	218817.203	200316.547	74.834	76.01	72.484
2016/11/22	16.67	16.72	16.63	16.68	210810.00	351666624	0	16.624	16.593	16.457	16.43	16.442	16.441	210810	213804	222591	204202.406	77.271	76.43	78.952
2016/11/23	16.68	17.23	16.66	16.93	450364.00	765689728	0	16.69	16.64	16.487	16.444	16.45	16.435	450364	279085.813	227800.797	220502.203	72.027	74.962	66.156
2016/11/24	16.93	17.12	16.86	16.89	210431.00	356783616	0	16.748	16.672	16.522	16.459	16.458	16.427	210431	275734.813	228359.297	221265	65.826	71.917	53.644
2016/11/25	16.89	17.10	16.81	17.09	233352.00	396231872	0	16.846	16.722	16.563	16.48	16.47	16.42	233352	263856.406	230155.297	225399	70.825	71.553	69.368
2016/11/28	17.15	17.49	17.15	17.21	338353.00	584558208	0	16.96	16.783	16.61	16.512	16.485	16.411	338353	288662	245866.094	234980	70.928	71.344	70.094
2016/11/29	17.21	17.35	17.11	17.26	295301.00	509203648	0	17.076	16.85	16.657	16.542	16.5	16.404	295301	305560.188	259682.094	243230.906	72.715	71.801	74.542
2016/11/30	17.28	17.45	17.10	17.16	201350.00	346784512	0	17.122	16.906	16.705	16.572	16.515	16.396	201350	255757.406	267421.594	240772.797	70.231	71.278	68.137
2016/12/01	17.15	17.27	17.05	17.15	184492.00	316391200	0	17.174	16.961	16.746	16.601	16.528	16.389	184492	250569.594	263152.188	237065.344	68.224	70.26	64.152
2016/12/02	17.10	17.18	16.80	17.10	338959.00	576329856	0	17.176	17.011	16.781	16.627	16.538	16.382	338959	271691	267773.688	243255.047	63.7	68.073	54.953
2016/12/05	16.95	17.32	16.91	17.30	382014.00	655302784	0	17.194	17.077	16.824	16.655	16.553	16.376	382014	280423.188	284542.594	251679.906	68.169	68.105	68.298
2016/12/06	17.28	17.42	17.20	17.22	209481.00	362989440	0	17.186	17.131	16.862	16.682	16.566	16.369	209481	263259.188	284409.688	253500.344	65.736	67.315	62.577
2016/12/07	17.17	17.20	17.06	17.07	155507.00	265825552	0	17.168	17.145	16.892	16.707	16.575	16.363	155507	254090.594	254924	241362.406	56.868	63.833	42.937
2016/12/08	17.15	17.20	17.04	17.14	132346.00	226759232	0	17.166	17.17	16.921	16.738	16.587	16.358	132346	243661.406	247115.5	237737.406	54.337	60.667	41.675
2016/12/09	17.14	17.46	17.12	17.34	288356.00	500164640	0	17.214	17.195	16.958	16.773	16.602	16.354	288356	233540.797	252615.906	241385.594	63.497	61.611	67.27
2016/12/12	17.34	17.57	17.19	17.49	483596.00	841905152	0	17.252	17.223	17.003	16.814	16.617	16.352	483596	253857.203	267140.188	256503.156	72.202	65.141	86.323
2016/12/13	17.36	17.44	17.16	17.17	156029.00	270112448	0	17.242	17.214	17.032	16.843	16.627	16.347	156029	243166.797	253213	256447.547	64.152	64.811	62.833
2016/12/14	17.17	17.42	17.12	17.18	178606.00	309185664	0	17.264	17.216	17.061	16.876	16.64	16.341	178606	247786.594	250938.594	259180.094	59.218	62.947	51.761
2016/12/15	17.13	17.13	16.70	16.70	308096.00	517398944	0	17.176	17.171	17.066	16.887	16.644	16.332	308096	282936.594	263299	263225.594	39.479	55.124	8.188
2016/12/16	16.70	16.83	16.63	16.66	145314.00	242842112	0	17.04	17.127	17.069	16.896	16.648	16.322	145314	254328.203	243934.5	255854.094	27.383	45.877	-9.605
2016/12/19	16.65	16.70	16.51	16.52	84835.00	140430896	0	16.846	17.049	17.063	16.899	16.649	16.329	84835	174576	214216.594	249379.594	18.57	36.775	-17.84
2016/12/20	16.52	16.56	16.12	16.28	225258.00	366213568	0	16.668	16.955	17.043	16.893	16.646	16.337	225258	188421.797	215794.297	250102	16.058	29.869	-11.564
2016/12/21	16.26	16.37	16.25	16.32	126388.00	206022864	0	16.496	16.88	17.013	16.888	16.644	16.345	126388	177978.203	212882.406	233903.203	15.303	25.014	-4.118
2016/12/22	16.32	16.33	16.14	16.19	114992.00	186428624	0	16.394	16.785	16.978	16.876	16.638	16.353	114992	139357.406	211147	229131.25	11.811	20.613	-5.792
2016/12/23	16.17	16.22	16.07	16.19	111879.00	180365984	0	16.3	16.67	16.933	16.862	16.633	16.359	111879	132670.406	193499.297	223057.594	10.794	17.34	-2.298
2016/12/26	16.13	16.28	16.01	16.25	144825.00	233999584	0	16.246	16.546	16.885	16.851	16.63	16.365	144825	144668.406	159622.203	213381.203	12.87	15.85	6.909
2016/12/27	16.25	16.32	16.13	16.14	106658.00	172900192	0	16.218	16.443	16.829	16.836	16.624	16.366	106658	120948.398	154685.094	203949.047	12.449	14.716	7.914
2016/12/28	16.14	16.19	16.03	16.09	144415.00	232406672	0	16.172	16.334	16.775	16.819	16.618	16.368	144415	124553.797	151266	201102.297	11.551	13.661	7.331
2016/12/29	16.09	16.15	15.99	16.07	118513.00	190400016	0	16.148	16.271	16.721	16.801	16.61	16.37	118513	125258	132307.703	197803.344	11.457	12.926	8.517
2016/12/30	16.07	16.23	16.04	16.21	122622.00	197653920	0	16.152	16.226	16.677	16.788	16.606	16.375	122622	127406.602	130038.5	186986.5	20.503	15.452	30.606
2017/01/03	16.21	16.44	16.17	16.30	162371.00	265043264	0	16.162	16.204	16.626	16.777	16.601	16.381	162371	130915.797	137792.094	176004.344	36.632	22.512	64.871
2017/01/04	16.29	16.35	16.18	16.33	296587.00	482612224	0	16.2	16.209	16.582	16.765	16.597	16.388	296587	168901.594	144925	180359.656	49.606	31.543	85.732
2017/01/05	16.30	16.38	16.24	16.30	264376.00	431449120	0	16.242	16.207	16.543	16.744	16.594	16.395	264376	192893.797	158723.797	185803.094	56.034	39.707	88.688
2017/01/06	16.30	16.30	16.13	16.18	171956.00	278864544	0	16.264	16.206	16.496	16.72	16.59	16.4	171956	203582.406	164420.203	187783.594	51.43	43.615	67.061
2017/01/09	16.24	16.29	16.13	16.20	149087.00	241579600	0	16.262	16.207	16.438	16.691	16.586	16.403	149087	208875.406	168141	180820.156	49.842	45.69	58.146
2017/01/10	16.18	16.24	16.14	16.19	79968.00	129458360	0	16.24	16.201	16.374	16.657	16.584	16.407	79968	192394.797	161655.297	160638.75	48.043	46.475	51.18
2017/01/11	16.24	16.24	16.15	16.16	91933.00	148793824	0	16.206	16.203	16.323	16.62	16.581	16.411	91933	151464	160182.797	157433.953	44.621	45.857	42.15
2017/01/12	16.18	16.20	16.11	16.12	82962.00	134057680	0	16.17	16.206	16.27	16.585	16.579	16.414	82962	115181.203	154037.5	152651.75	36.414	42.709	23.824
2017/01/13	16.10	16.29	16.10	16.27	190341.00	308468960	0	16.188	16.226	16.249	16.556	16.578	16.419	190341	118858.203	161220.297	146764	40.943	42.12	38.587
2017/01/16	16.23	16.60	16.10	16.56	533047.00	876414528	0	16.26	16.261	16.243	16.538	16.583	16.425	533047	195650.203	202262.797	166150.656	57.962	47.401	79.084
2017/01/17	16.46	16.54	16.37	16.40	125553.00	206230544	0	16.302	16.271	16.237	16.508	16.581	16.43	125553	204767.203	198581	168186.547	58.641	51.148	73.628
2017/01/18	16.42	16.55	16.36	16.48	114787.00	189191360	0	16.366	16.286	16.247	16.483	16.583	16.437	114787	209338	180401	162663	64.427	55.574	82.134
2017/01/19	16.43	16.64	16.43	16.54	121807.00	201675872	0	16.45	16.31	16.258	16.466	16.586	16.444	121807	217107	166144.094	162433.953	70.112	60.42	89.496
2017/01/20	16.58	16.66	16.50	16.60	142883.00	236958624	0	16.516	16.352	16.279	16.448	16.593	16.451	142883	207615.406	163236.797	163828.5	76.503	65.781	97.948
2017/01/23	16.66	16.69	16.51	16.57	146165.00	242945920	0	16.518	16.389	16.298	16.422	16.598	16.457	146165	130239	162944.594	165542.797	77.556	69.706	93.255
2017/01/24	16.58	16.70	16.58	16.69	149852.00	249503392	0	16.576	16.439	16.32	16.395	16.605	16.466	149852	135098.797	169933	165794.156	84.482	74.631	104.182
2017/01/25	16.69	16.74	16.61	16.69	112849.00	188172528	0	16.618	16.492	16.347	16.379	16.611	16.474	112849	134711.203	172024.594	166103.703	87.05	78.771	103.609
2017/01/26	16.69	16.84	16.61	16.74	86029.00	144343264	0	16.658	16.554	16.38	16.365	16.62	16.482	86029	127555.602	172331.297	163184.406	86.862	81.468	97.651
2017/02/03	16.82	16.85	16.62	16.63	81743.00	136532944	0	16.664	16.59	16.408	16.362	16.625	16.489	81743	115327.602	161471.5	161345.906	76.275	79.737	69.352
2017/02/06	16.75	16.78	16.66	16.66	134559.00	225037392	0	16.682	16.6	16.431	16.362	16.629	16.497	134559	113006.398	121622.703	161942.75	71.258	76.911	59.953
2017/02/07	16.65	16.74	16.63	16.67	147593.00	246037888	0	16.678	16.627	16.449	16.367	16.633	16.506	147593	112554.602	123826.703	161203.844	66.553	73.458	52.743
2017/02/08	16.63	16.69	16.54	16.67	112389.00	186815184	0	16.674	16.646	16.466	16.38	16.637	16.514	112389	112462.602	123586.898	151993.953	60.559	69.159	43.36
2017/02/09	16.68	16.77	16.59	16.72	113930.00	190339360	0	16.67	16.664	16.487	16.394	16.641	16.522	113930	118042.797	122799.203	144471.656	60.961	66.426	50.031
2017/02/10	16.76	16.84	16.70	16.78	139853.00	234489136	0	16.7	16.682	16.517	16.413	16.645	16.531	139853	129664.797	122496.203	142866.5	66.447	66.433	66.475
2017/02/13	16.88	16.90	16.78	16.85	199929.00	336932192	0	16.738	16.71	16.549	16.435	16.649	16.539	199929	142738.797	127872.602	145408.594	73.002	68.623	81.76
2017/02/14	16.87	16.88	16.74	16.75	129872.00	217924160	0	16.754	16.716	16.577	16.452	16.651	16.545	129872	139194.594	125874.602	147903.797	68.112	68.453	67.432
2017/02/15	16.82	16.93	16.75	16.84	256880.00	433573952	0	16.788	16.731	16.611	16.475	16.656	16.549	256880	168092.797	140277.703	156151.156	71.049	69.318	74.511
2017/02/16	16.88	16.91	16.76	16.78	163278.00	274241728	0	16.8	16.735	16.645	16.498	16.659	16.547	163278	177962.406	148002.594	160166.953	67.879	68.838	65.96
2017/02/17	16.78	16.82	16.59	16.64	138636.00	231623680	0	16.772	16.736	16.663	16.517	16.659	16.547	138636	177719	153691.906	157581.703	53.8	63.825	33.748
2017/02/20	16.62	16.98	16.62	16.91	299500.00	503858496	0	16.784	16.761	16.681	16.541	16.664	16.549	299500	197633.203	170186	145904.344	63.897	63.849	63.992
2017/02/21	16.88	17.08	16.81	16.88	175091.00	296489056	0	16.81	16.782	16.705	16.56	16.668	16.553	175091	206677	172935.797	148381.25	62.326	63.341	60.294
2017/02/22	16.88	16.90	16.73	16.75	170323.00	285870624	0	16.792	16.79	16.718	16.574	16.67	16.556	170323	189365.594	178729.203	151158.047	52.435	59.706	37.893
2017/02/23	16.78	16.83	16.64	16.69	150111.00	250909248	0	16.774	16.787	16.726	16.587	16.666	16.558	150111	186732.203	182347.297	152573.25	41.759	53.724	17.831
2017/02/24	16.67	16.75	16.66	16.71	115950.00	193610640	0	16.788	16.78	16.731	16.605	16.663	16.56	115950	182195	179957	151226.594	36.003	47.817	12.375
2017/02/27	16.69	16.72	16.53	16.59	137323.00	228302048	0	16.724	16.754	16.732	16.618	16.654	16.562	137323	149759.594	173696.406	150784.5	27.638	41.09	0.733
2017/02/28	16.58	16.67	16.53	16.59	120979.00	200661664	0	16.666	16.738	16.727	16.631	16.644	16.564	120979	138937.203	172807.094	149340.844	22.062	34.748	-3.31
2017/03/01	16.58	16.62	16.52	16.56	162270.00	268840224	0	16.628	16.71	16.72	16.644	16.632	16.566	162270	137326.594	163346.094	151811.906	17.089	28.861	-6.456
2017/03/02	16.62	16.62	16.39	16.41	189966.00	312626400	0	16.572	16.673	16.704	16.654	16.62	16.568	189966	145297.594	166014.906	157008.75	12.359	23.36	-9.645
2017/03/03	16.42	16.43	16.32	16.35	124295.00	203315664	0	16.5	16.644	16.69	16.657	16.606	16.567	124295	146966.594	164580.797	159136.344	9.555	18.759	-8.852
2017/03/06	16.37	16.53	16.35	16.41	157038.00	258165904	0	16.464	16.594	16.677	16.652	16.595	16.567	157038	150909.594	150334.594	160260.297	11.542	16.353	1.921
2017/03/07	16.38	16.45	16.37	16.43	93198.00	152969168	0	16.432	16.549	16.666	16.653	16.58	16.567	93198	145353.406	142145.297	157540.547	14.885	15.864	12.926
2017/03/08	16.40	16.44	16.35	16.39	101096.00	165715072	0	16.398	16.513	16.652	16.65	16.566	16.566	101096	133118.594	135222.594	156975.906	15.349	15.692	14.664
2017/03/09	16.37	16.40	16.22	16.22	173660.00	282644704	0	16.36	16.466	16.626	16.639	16.552	16.564	173660	129857.398	137577.5	159962.406	10.233	13.872	2.954
2017/03/10	16.23	16.28	16.17	16.23	163964.00	265663456	0	16.336	16.418	16.599	16.627	16.537	16.562	163964	137791.203	142378.906	161167.953	10.822	12.856	6.755
2017/03/13	16.23	16.34	16.16	16.34	179501.00	291999360	0	16.322	16.393	16.573	16.619	16.521	16.561	179501	142283.797	146596.703	160146.547	20.258	15.323	30.128
2017/03/14	16.34	16.35	16.24	16.26	169890.00	276642688	0	16.288	16.36	16.549	16.605	16.5	16.558	169890	157622.203	151487.797	162147.453	20.752	17.133	27.99
2017/03/15	16.24	16.28	16.17	16.24	189003.00	306176000	0	16.258	16.328	16.519	16.59	16.485	16.556	189003	175203.594	154161.094	158753.594	21.042	18.436	26.254
2017/03/16	16.27	16.35	16.25	16.29	190365.00	310417984	0	16.272	16.316	16.494	16.575	16.47	16.555	190365	178544.594	154201	160107.953	25.74	20.87	35.478
2017/03/17	16.30	16.32	16.14	16.20	215604.00	350179456	0	16.266	16.301	16.472	16.56	16.461	16.553	215604	188872.594	163331.906	163956.344	23.611	21.784	27.266
2017/03/20	16.24	16.25	16.13	16.14	150178.00	242775936	0	16.226	16.274	16.434	16.543	16.453	16.55	150178	183008	162645.906	156490.25	16.816	20.128	10.193
2017/03/21	16.15	16.16	15.98	16.00	311246.00	499206656	0	16.174	16.231	16.39	16.521	16.444	16.547	311246	211279.203	184450.703	163298	12.798	17.685	3.025
2017/03/22	15.98	15.98	15.70	15.78	438114.00	691677888	0	16.082	16.17	16.341	16.491	16.436	16.541	438114	261101.406	218152.5	176687.547	12.635	16.001	5.901
2017/03/23	15.80	15.92	15.79	15.88	222257.00	352635968	0	16	16.136	16.301	16.463	16.428	16.536	222257	267479.813	223012.203	180294.844	17.654	16.552	19.857
2017/03/24	15.85	16.00	15.83	15.96	199020.00	316984960	0	15.952	16.109	16.264	16.436	16.424	16.531	199020	264163	226517.797	184448.344	25.103	19.402	36.503
2017/03/27	15.97	16.13	15.90	16.04	189974.00	304990144	0	15.932	16.079	16.236	16.409	16.422	16.528	189974	272122.188	227565.094	187080.906	34.171	24.325	53.863
2017/03/28	16.11	16.13	15.97	16.01	132130.00	211750768	0	15.934	16.054	16.207	16.384	16.418	16.524	132130	236299	223789.094	187638.453	38.678	29.11	57.815
2017/03/29	16.01	16.11	15.80	15.87	234468.00	372794464	0	15.952	16.017	16.173	16.352	16.413	16.519	234468	195569.797	228335.594	191248.344	34.925	31.048	42.679
2017/03/30	15.88	15.90	15.72	15.81	236451.00	373665120	0	15.938	15.969	16.142	16.319	16.409	16.513	236451	198408.594	232944.203	193572.594	29.95	30.682	28.486
2017/03/31	15.78	16.05	15.77	16.01	241871.00	385793408	0	15.948	15.95	16.125	16.298	16.408	16.509	241871	206978.797	235570.906	199451.406	42.431	34.598	58.095
2017/04/05	16.05	16.20	15.89	16.16	310363.00	499121568	0	15.972	15.952	16.113	16.273	16.407	16.506	310363	231056.594	251589.406	207117.656	58.954	42.717	91.428
2017/04/06	16.09	16.18	16.03	16.10	223354.00	359361856	0	15.99	15.962	16.097	16.247	16.404	16.503	223354	249301.406	242800.203	213625.453	65.691	50.375	96.324
2017/04/07	16.06	16.16	16.02	16.10	201269.00	323821632	0	16.036	15.994	16.082	16.226	16.4	16.499	201269	242661.594	219115.703	218634.094	70.183	56.978	96.594
2017/04/10	16.12	16.12	15.94	15.97	161540.00	258662672	0	16.068	16.003	16.069	16.202	16.394	16.494	161540	227679.406	213044	218028.094	64.15	59.368	73.713
2017/04/11	15.97	15.99	15.81	15.89	186114.00	295381664	0	16.044	15.996	16.052	16.174	16.389	16.49	186114	216528	211753.406	219135.594	54.572	57.77	48.177
2017/04/12	15.88	15.96	15.75	15.89	222105.00	352357728	0	15.99	15.981	16.03	16.151	16.384	16.485	222105	198876.406	214966.5	221265.797	48.187	54.575	35.41
2017/04/13	15.88	15.89	15.73	15.75	234267.00	369388224	0	15.92	15.955	16.004	16.123	16.377	16.481	234267	201059	225180.203	224484.656	34.208	47.786	7.051
2017/04/14	15.76	15.78	15.42	15.51	401566.00	625510656	0	15.802	15.919	15.968	16.088	16.366	16.474	401566	241118.406	241890	235112.797	26.651	40.741	-1.528
2017/04/17	15.53	15.60	15.30	15.56	367394.00	566536768	0	15.72	15.894	15.932	16.06	16.357	16.468	367394	282289.188	254984.297	243964.25	27.397	36.293	9.605
2017/04/18	15.50	15.52	15.30	15.30	228900.00	351624608	0	15.602	15.823	15.887	16.025	16.341	16.459	228900	290846.406	253687.203	244629.047	18.265	30.284	-5.773
2017/04/19	15.25	15.27	15.11	15.11	244554.00	371021504	0	15.446	15.718	15.835	15.981	16.316	16.45	244554	295336.188	247106.297	249347.844	12.177	24.248	-11.966
2017/04/20	15.12	15.14	14.90	14.91	410614.00	614436352	0	15.278	15.599	15.781	15.931	16.292	16.437	410614	330605.594	265832.313	254316.25	8.391	18.962	-12.752
2017/04/21	14.92	15.07	14.85	15.05	226884.00	340453120	0	15.186	15.494	15.744	15.886	16.268	16.425	226884	295669.188	268393.813	243754.75	11.442	16.456	1.415
2017/04/24	15.05	15.11	14.91	15.00	176278.00	264649936	0	15.074	15.397	15.7	15.845	16.242	16.414	176278	257446	269867.594	241455.797	12.132	15.015	6.368
2017/04/25	15.02	15.10	14.99	15.05	129759.00	195296864	0	15.024	15.313	15.655	15.806	16.216	16.405	129759	237617.797	264232.094	237992.75	14.499	14.843	13.811
2017/04/26	15.06	15.11	15.00	15.05	149399.00	225022672	0	15.012	15.229	15.605	15.763	16.191	16.394	149399	218586.797	256961.5	235964	16.834	15.506	19.49
2017/04/27	15.05	15.25	15.03	15.21	228876.00	345791520	0	15.072	15.175	15.565	15.728	16.166	16.385	228876	182239.203	256422.406	240801.297	27.223	19.412	42.845
