'600115'	东方航空	日线
日期	开盘	最高	最低	收盘	成交量	成交额	成交笔数	MA1	MA2	MA3	MA4	MA5	MA6		MA1	MA2	MA3	K	D	J
2014/12/24	5.17	5.18	4.81	4.94	1491713.00	743064320	0	5.456	5.581	5.52	5.209	4.31	3.443	1491713	1928264	2158066.25	2123359.75	31.324	46.994	-0.017
2014/12/25	5.00	5.17	4.92	5.16	906009.00	458880640	0	5.364	5.508	5.538	5.218	4.346	3.467	906009	1803151.375	1892171.125	2129640.75	29.525	41.171	6.232
2014/12/26	5.16	5.44	5.06	5.35	1145720.00	604105472	0	5.244	5.472	5.543	5.241	4.386	3.491	1145720	1382266.375	1751254.25	2028385.5	33.016	38.453	22.144
2014/12/29	5.33	5.48	5.20	5.28	1098099.00	585243840	0	5.188	5.444	5.516	5.269	4.424	3.516	1098099	1186100.25	1718056.875	1928792.875	33.616	36.84	27.167
2014/12/30	5.30	5.37	5.10	5.13	853544.00	444697280	0	5.172	5.395	5.478	5.295	4.459	3.539	853544	1099017	1637168.375	1830271.5	30.312	34.664	21.607
2014/12/31	5.10	5.23	5.01	5.18	672499.00	344596544	0	5.22	5.338	5.455	5.318	4.495	3.563	672499	935174.188	1431719.125	1749973.875	29.344	32.891	22.25
2015/01/05	5.25	5.63	5.25	5.55	2119325.00	1165316608	0	5.298	5.331	5.447	5.354	4.536	3.589	2119325	1177837.375	1490494.375	1781798.875	43.055	36.279	56.606
2015/01/06	5.92	5.98	5.58	5.66	1979664.00	1134934144	0	5.36	5.302	5.459	5.395	4.578	3.617	1979664	1344626.25	1363446.25	1790820.875	52.92	41.826	75.107
2015/01/07	5.78	5.90	5.65	5.74	1503680.00	867833856	0	5.452	5.32	5.471	5.433	4.622	3.646	1503680	1425742.375	1305921.25	1776715.125	61.775	48.476	88.375
2015/01/08	5.65	5.66	5.43	5.49	913776.00	505200416	0	5.524	5.348	5.485	5.455	4.661	3.672	913776	1437788.75	1268402.875	1709211.75	59.108	52.02	73.285
2015/01/09	5.43	5.82	5.40	5.59	1408567.00	796266304	0	5.606	5.413	5.497	5.484	4.699	3.699	1408567	1585002.375	1260088.25	1709077.25	59.337	54.459	69.093
2015/01/12	5.60	5.71	5.40	5.70	912477.00	504067904	0	5.636	5.467	5.488	5.515	4.74	3.727	912477	1343632.75	1260735.125	1576453.125	63.269	57.396	75.016
2015/01/13	5.81	5.89	5.62	5.66	1242386.00	716015680	0	5.636	5.498	5.485	5.528	4.782	3.754	1242386	1196177.25	1270401.75	1510828	64.516	59.769	74.01
2015/01/14	5.61	5.61	5.35	5.45	796885.00	436677664	0	5.578	5.515	5.479	5.516	4.82	3.78	796885	1054818.25	1240280.25	1479168.625	58.131	59.223	55.947
2015/01/15	5.32	5.54	5.17	5.50	1035048.00	549780032	0	5.58	5.552	5.473	5.503	4.86	3.806	1035048	1079072.625	1258430.75	1447799.5	52.334	56.927	43.149
2015/01/16	5.48	5.49	5.38	5.39	772102.00	417806112	0	5.54	5.573	5.456	5.494	4.898	3.831	772102	951779.625	1268391	1350055	43.943	52.599	26.631
2015/01/19	5.09	5.20	4.85	4.85	1235660.00	617837568	0	5.37	5.503	5.417	5.466	4.93	3.852	1235660	1016416.188	1180024.5	1335259.5	29.295	44.831	-1.776
2015/01/20	4.89	5.05	4.89	5.04	750605.00	374524800	0	5.246	5.441	5.372	5.453	4.965	3.873	750605	918060	1057118.625	1210282.5	25.62	38.427	0.005
2015/01/21	5.15	5.24	5.09	5.21	742249.00	383980000	0	5.198	5.388	5.354	5.443	5.003	3.896	742249	907132.813	980975.5	1143448.375	28.618	35.158	15.54
2015/01/22	5.21	5.34	5.11	5.25	729994.00	382083520	0	5.148	5.364	5.356	5.445	5.038	3.919	729994	846122	962597.313	1115500.125	31.899	34.072	27.555
2015/01/23	5.25	5.38	5.20	5.29	804263.00	426497696	0	5.128	5.334	5.373	5.443	5.069	3.942	804263	852554.188	902166.875	1081127.625	35.369	34.504	37.099
2015/01/26	5.38	5.57	5.25	5.56	1155657.00	627803264	0	5.27	5.32	5.393	5.432	5.101	3.968	1155657	836553.625	926484.875	1093610	54.72	41.243	81.674
2015/01/27	5.50	5.53	5.31	5.44	914313.00	495027296	0	5.35	5.298	5.398	5.423	5.129	3.992	914313	869295.188	893677.625	1082039.625	63.795	48.76	93.864
2015/01/28	5.34	5.38	5.16	5.30	667211.00	352814624	0	5.368	5.283	5.399	5.414	5.152	4.016	667211	854287.625	880710.188	1060495.25	63.363	53.628	82.834
2015/01/29	5.21	5.38	5.17	5.28	494151.00	261991696	0	5.374	5.261	5.406	5.403	5.174	4.039	494151	807119	826620.5	1042525.625	62.149	56.468	73.512
2015/01/30	5.28	5.34	5.13	5.14	495883.00	258214224	0	5.344	5.236	5.405	5.382	5.194	4.06	495883	745443	798998.625	1033694.813	53.688	55.541	49.981
2015/02/02	5.10	5.25	5.02	5.11	666566.00	341934496	0	5.254	5.262	5.383	5.365	5.213	4.081	666566	647624.813	742089.188	961056.875	41.246	50.776	22.187
2015/02/03	5.16	5.18	4.97	5.09	784686.00	395394176	0	5.184	5.267	5.354	5.337	5.232	4.102	784686	621699.375	745497.313	901307.938	34.164	45.239	12.015
2015/02/04	5.05	5.06	4.92	4.94	752544.00	374725088	0	5.112	5.24	5.314	5.316	5.243	4.123	752544	638766	746526.813	863751.125	23.802	38.093	-4.781
2015/02/05	5.05	5.10	4.92	4.94	768934.00	386516352	0	5.044	5.209	5.286	5.307	5.252	4.142	768934	693722.625	750420.813	856509.063	16.894	31.027	-11.373
2015/02/06	4.90	4.91	4.56	4.63	763288.00	360693216	0	4.942	5.143	5.239	5.297	5.253	4.16	763288	747203.625	746323.313	824245.125	13.668	25.24	-9.477
2015/02/09	4.60	4.79	4.56	4.70	428587.00	201717776	0	4.86	5.057	5.188	5.281	5.25	4.178	428587	699607.813	673616.313	800050.625	14.803	21.761	0.886
2015/02/10	4.70	4.93	4.67	4.90	461881.00	224586464	0	4.822	5.003	5.15	5.266	5.254	4.198	461881	635046.813	628373.125	761025.375	23.69	22.404	26.261
2015/02/11	4.91	5.00	4.85	4.96	329115.00	162145280	0	4.826	4.969	5.126	5.256	5.262	4.218	329115	550361	594563.5	737636.875	32.887	25.898	46.865
2015/02/12	4.95	5.06	4.83	4.98	448423.00	221418528	0	4.834	4.939	5.1	5.251	5.273	4.239	448423	486258.813	589990.688	708305.625	42.215	31.337	63.97
2015/02/13	4.95	5.02	4.92	4.94	390951.00	194488336	0	4.896	4.919	5.077	5.243	5.28	4.259	390951	411791.406	579497.5	689248.063	48.573	37.083	71.555
2015/02/16	4.92	5.05	4.89	5.00	483081.00	240485712	0	4.956	4.908	5.085	5.224	5.289	4.279	483081	422690.188	561149	651619.125	59.543	44.569	89.489
2015/02/17	5.00	5.50	4.98	5.50	2169350.00	1169564544	0	5.076	4.949	5.108	5.219	5.307	4.304	2169350	764184	699615.375	722556.375	73.028	54.056	110.974
2015/02/25	5.49	5.55	5.36	5.40	1397330.00	761411328	0	5.164	4.995	5.117	5.208	5.32	4.328	1397330	977827	764094	755310.375	76.968	61.693	107.519
2015/02/26	5.38	5.40	5.22	5.38	915691.00	486596544	0	5.244	5.039	5.124	5.204	5.33	4.35	915691	1071280.625	778769.688	764595.25	78.922	67.436	101.893
2015/02/27	5.43	5.52	5.39	5.47	1154892.00	631089152	0	5.35	5.123	5.133	5.2	5.342	4.373	1154892	1224068.75	817930.125	782126.688	82.918	72.597	103.559
2015/03/02	5.47	5.49	5.35	5.45	578745.00	313575776	0	5.44	5.198	5.128	5.192	5.353	4.396	578745	1243201.625	832945.875	753281.125	83.982	76.392	99.163
2015/03/03	5.45	5.45	5.22	5.24	769525.00	408439840	0	5.388	5.232	5.117	5.178	5.353	4.418	769525	963236.625	863710.313	746041.688	74.969	75.918	73.073
2015/03/04	5.21	5.27	5.19	5.24	429396.00	224665872	0	5.356	5.26	5.115	5.171	5.343	4.44	429396	769649.813	873738.375	734150.938	67.656	73.164	56.641
2015/03/05	5.20	5.21	5.05	5.14	560385.00	287361472	0	5.308	5.276	5.108	5.159	5.331	4.461	560385	698588.625	884934.625	737462.625	57.731	68.019	37.153
2015/03/06	5.13	5.39	5.09	5.24	696584.00	367440320	0	5.262	5.306	5.113	5.154	5.324	4.483	696584	606927	915497.875	747497.688	53.692	63.244	34.588
2015/03/09	5.22	5.33	5.12	5.31	471323.00	246636640	0	5.234	5.337	5.122	5.169	5.317	4.505	471323	585442.625	914322.125	737735.563	53.128	59.872	39.64
2015/03/10	5.28	5.53	5.26	5.46	1188299.00	646221440	0	5.278	5.333	5.141	5.183	5.318	4.528	1188299	669197.375	816217	757916.188	63.891	61.211	69.25
2015/03/11	5.45	5.98	5.45	5.69	2367287.00	1369766400	0	5.368	5.362	5.179	5.199	5.321	4.552	2367287	1056775.625	913212.688	838653.375	65.533	62.652	71.295
2015/03/12	5.70	5.86	5.58	5.64	1766015.00	1010718208	0	5.468	5.388	5.214	5.212	5.328	4.575	1766015	1297901.625	998245.125	888507.375	64.836	63.38	67.747
2015/03/13	5.70	6.15	5.68	5.95	2608166.00	1554597760	0	5.61	5.436	5.28	5.234	5.338	4.601	2608166	1680218	1143572.5	980751.313	70.496	65.752	79.985
2015/03/16	6.15	6.40	5.98	6.39	2189316.00	1359340672	0	5.826	5.53	5.364	5.262	5.347	4.63	2189316	2023816.625	1304629.625	1068787.75	80.084	70.529	99.193
2015/03/17	6.45	7.03	6.27	7.03	1559306.00	1057472960	0	6.14	5.709	5.47	5.315	5.369	4.664	1559306	2098018	1383607.75	1123659	86.723	75.927	108.314
2015/03/18	7.72	7.73	7.34	7.47	4177549.00	3169467904	0	6.496	5.932	5.596	5.387	5.4	4.702	4177549	2460070.5	1758423	1316080.75	87.866	79.907	103.784
2015/03/19	7.37	7.37	7.03	7.14	2868267.00	2045072384	0	6.796	6.132	5.704	5.449	5.426	4.737	2868267	2680520.75	1989211.25	1437072.875	84.375	81.396	90.334
2015/03/20	7.18	7.20	6.90	7.02	2318592.00	1628698368	0	7.01	6.31	5.808	5.512	5.447	4.771	2318592	2622606	2151412	1533455	80.002	80.931	78.143
2015/03/23	7.02	7.16	6.87	7.11	1889875.00	1334509824	0	7.154	6.49	5.913	5.578	5.472	4.806	1889875	2562717.75	2293267.25	1603794.625	77.604	79.822	73.167
2015/03/24	7.05	7.75	7.00	7.58	2900688.00	2127504640	0	7.264	6.702	6.017	5.661	5.499	4.845	2900688	2830994.25	2464506	1640361.5	82.458	80.701	85.972
2015/03/25	7.40	7.53	7.22	7.24	1389051.00	1016984320	0	7.218	6.857	6.109	5.738	5.527	4.882	1389051	2273294.5	2366682.5	1639947.625	80.093	80.498	79.282
2015/03/26	7.15	7.26	6.95	7.09	1183737.00	837414656	0	7.208	7.002	6.195	5.81	5.558	4.917	1183737	1936388.625	2308454.75	1653349.875	74.299	78.432	66.034
2015/03/27	7.01	7.10	6.90	7.04	891900.00	624760320	0	7.212	7.111	6.273	5.89	5.593	4.952	891900	1651050.25	2136828	1640200.25	66.875	74.579	51.466
2015/03/30	7.21	7.44	7.10	7.30	1714624.00	1245388160	0	7.25	7.202	6.366	5.977	5.629	4.988	1714624	1616000	2089358.875	1696994.25	60.871	70.01	42.594
2015/03/31	7.33	7.35	7.03	7.08	1097233.00	784921856	0	7.15	7.207	6.458	6.049	5.658	5.022	1097233	1255309	2043151.625	1713379.625	48.535	62.852	19.902
2015/04/01	7.08	7.40	7.06	7.26	1459937.00	1059414016	0	7.154	7.186	6.559	6.126	5.691	5.058	1459937	1269486.25	1771390.375	1764906.75	47.13	57.611	26.167
2015/04/02	7.09	7.19	7.05	7.17	1069137.00	761226944	0	7.17	7.189	6.661	6.199	5.725	5.092	1069137	1246566.25	1591477.375	1790344.25	42.783	52.669	23.013
2015/04/03	7.18	7.38	7.14	7.20	1182896.00	857287936	0	7.202	7.207	6.759	6.274	5.759	5.127	1182896	1304765.375	1477907.75	1814659.875	40.287	48.541	23.778
2015/04/07	7.10	7.92	7.02	7.89	3522325.00	2686707712	0	7.32	7.285	6.887	6.371	5.798	5.167	3522325	1666305.625	1641152.75	1967210	59.211	52.098	73.437
2015/04/08	7.79	8.25	7.56	7.92	3686823.00	2930311680	0	7.488	7.319	7.01	6.451	5.835	5.207	3686823	2184223.5	1719766.25	2092136.25	64.659	56.285	81.407
2015/04/09	7.93	8.16	7.61	7.82	1738873.00	1370340224	0	7.6	7.377	7.117	6.532	5.87	5.246	1738873	2240010.75	1754748.5	2060715.5	65.822	59.464	78.538
2015/04/24	8.60	8.60	8.49	8.60	1380509.00	1186905088	0	7.886	7.528	7.265	6.639	5.922	5.292	1380509	2302285.25	1774425.75	2041440.25	77.215	65.381	100.882
2015/04/27	9.10	9.30	8.70	8.99	3455071.00	3122756608	0	8.244	7.723	7.417	6.757	5.978	5.339	3455071	2756720.25	2030742.75	2083785.5	80.278	70.347	100.14
2015/04/28	8.80	9.20	8.50	8.63	2518922.00	2208477696	0	8.392	7.856	7.529	6.863	6.027	5.384	2518922	2556039.5	2111172.5	2100265.75	77.056	72.583	86.003
2015/04/29	8.46	8.63	8.21	8.47	1217331.00	1024702912	0	8.502	7.995	7.601	6.97	6.074	5.428	1217331	2062141.25	2123182.5	2083167	72.57	72.579	72.552
2015/04/30	8.62	9.32	8.60	9.03	3621550.00	3327415808	0	8.744	8.172	7.679	7.097	6.134	5.477	3621550	2438676.5	2339343.75	2055367	77.51	74.223	84.086
2015/05/04	8.95	8.96	8.40	8.76	2381684.00	2063941248	0	8.776	8.331	7.76	7.217	6.188	5.524	2381684	2638911.5	2470598.5	2031037.875	76.891	75.112	80.449
2015/05/05	8.70	8.70	8.00	8.06	1713289.00	1429051776	0	8.59	8.417	7.812	7.311	6.233	5.565	1713289	2290555.25	2523637.75	2000772.75	60.73	70.318	41.555
2015/05/06	8.01	8.20	7.43	7.61	1607887.00	1268393344	0	8.386	8.389	7.837	7.388	6.279	5.604	1607887	2108348.25	2332194	1986673.375	43.661	61.433	8.119
2015/05/07	7.56	7.57	7.26	7.30	1206496.00	887783808	0	8.152	8.327	7.823	7.449	6.316	5.641	1206496	2106181.25	2084161.25	1901963.75	29.755	50.873	-12.482
2015/05/08	7.45	7.80	7.40	7.77	1611700.00	1224838656	0	7.9	8.322	7.85	7.519	6.359	5.681	1611700	1704211.25	2071443.875	1913096.25	28.089	43.279	-2.29
2015/05/11	7.81	8.00	7.62	7.91	1707412.00	1342063232	0	7.73	8.253	7.891	7.594	6.403	5.721	1707412	1569356.75	2104134.25	1939280	29.244	38.6	10.531
2015/05/12	7.95	8.30	7.77	8.14	1723931.00	1389716480	0	7.746	8.168	7.945	7.667	6.451	5.76	1723931	1571485.25	1931020.25	1980881.5	33.735	36.979	27.249
2015/05/13	8.00	8.10	7.81	7.89	1177224.00	935501440	0	7.802	8.094	7.975	7.717	6.49	5.795	1177224	1485352.625	1796850.375	1954011.5	32.684	35.547	26.959
2015/05/14	7.89	7.95	7.65	7.88	1189693.00	925391680	0	7.918	8.035	8.015	7.746	6.53	5.83	1189693	1481992	1794086.625	1958634.5	33.946	35.014	31.812
2015/05/15	7.80	7.80	7.48	7.57	904210.00	689587008	0	7.878	7.889	8.031	7.749	6.568	5.86	904210	1340494	1522352.625	1930848.125	29.807	33.278	22.865
2015/05/18	7.41	7.78	7.38	7.51	812581.00	617462464	0	7.798	7.764	8.047	7.761	6.605	5.89	812581	1161527.75	1365442.25	1918020.375	27.884	31.48	20.692
2015/05/19	7.50	7.94	7.45	7.90	1306397.00	1015478336	0	7.75	7.748	8.083	7.791	6.651	5.923	1306397	1078021	1324753.125	1924195.375	39.102	34.021	49.265
2015/05/20	8.10	8.54	8.03	8.10	1756006.00	1460960896	0	7.792	7.797	8.093	7.824	6.701	5.957	1756006	1193777.375	1339565	1835879.5	46.758	38.266	63.74
2015/05/21	8.05	8.40	7.89	8.19	1364122.00	1107432448	0	7.854	7.886	8.106	7.844	6.753	5.992	1364122	1228663.25	1355327.625	1719744.375	54.448	43.66	76.023
2015/05/22	8.22	8.35	8.09	8.33	1584805.00	1306586240	0	8.006	7.942	8.132	7.88	6.809	6.026	1584805	1364782.25	1352638.125	1712041	63.597	50.306	90.18
2015/05/25	8.34	8.92	8.34	8.88	2801674.00	2459494656	0	8.28	8.039	8.146	7.94	6.875	6.064	2801674	1762600.75	1462064.25	1783099.25	74.866	58.493	107.612
2015/05/26	8.99	9.13	8.68	9.09	2451099.00	2203474688	0	8.518	8.134	8.151	8.008	6.949	6.101	2451099	1991541.25	1534781.125	1732900.625	82.482	66.489	114.468
2015/05/27	9.20	10.00	9.20	9.66	2339418.00	2266110464	0	8.83	8.311	8.203	8.087	7.032	6.141	2339418	2108223.5	1651000.5	1723925.5	83.996	72.325	107.338
2015/05/28	9.50	9.56	8.69	8.69	2143927.00	1967597824	0	8.93	8.392	8.214	8.141	7.095	6.174	2143927	2264184.5	1746423.875	1770255.25	72.664	72.438	73.116
2015/05/29	8.60	9.07	8.11	8.79	1758591.00	1541822976	0	9.022	8.514	8.201	8.192	7.159	6.211	1758591	2298941.75	1831862	1677107.25	65.959	70.278	57.32
2015/06/01	8.83	9.47	8.70	9.37	1810008.00	1655990784	0	9.12	8.7	8.232	8.265	7.232	6.253	1810008	2100608.5	1931604.75	1648523.5	67.353	69.303	63.454
2015/06/02	9.55	9.76	9.27	9.59	1673599.00	1599948160	0	9.22	8.869	8.309	8.345	7.31	6.295	1673599	1945108.625	1968324.875	1646539	71.758	70.122	75.032
2015/06/03	9.60	10.16	9.20	9.90	1975258.00	1902925312	0	9.268	9.049	8.423	8.412	7.391	6.34	1975258	1872276.625	1990250.125	1664907.5	76.985	72.41	86.137
2015/06/04	9.85	10.21	9.13	9.94	1973078.00	1940614912	0	9.518	9.224	8.555	8.479	7.465	6.386	1973078	1838106.75	2051145.75	1703236.625	80.371	75.063	90.987
2015/06/05	10.33	10.50	9.76	9.99	2052886.00	2077295872	0	9.758	9.39	8.666	8.551	7.542	6.431	2052886	1896965.75	2097953.75	1725296	79.801	76.643	86.118
2015/06/08	10.01	10.99	10.01	10.99	2420120.00	2602511616	0	10.082	9.601	8.82	8.631	7.635	6.482	2420120	2018988.25	2059798.375	1760931.375	86.534	79.94	99.723
2015/06/09	11.50	11.95	10.90	11.16	3406168.00	3880445952	0	10.396	9.808	8.971	8.703	7.73	6.536	3406168	2365502	2155305.25	1845043.25	84.165	81.348	89.799
2015/06/10	10.90	12.28	10.65	11.90	2607307.00	3061729024	0	10.796	10.032	9.172	8.812	7.838	6.595	2607307	2491911.75	2182094.25	1916547.375	86.406	83.034	93.149
2015/06/11	11.70	12.44	11.50	11.61	2263141.00	2698080256	0	11.13	10.324	9.358	8.917	7.944	6.648	2263141	2549924.5	2194015.5	1970219.75	83.54	83.203	84.214
2015/06/12	11.65	11.88	11.23	11.70	1533746.00	1771482752	0	11.472	10.615	9.564	9.006	8.051	6.697	1533746	2446096.5	2171531	2001696.5	81.574	82.66	79.403
2015/06/15	11.66	12.57	11.66	12.22	2030724.00	2492442624	0	11.718	10.9	9.8	9.121	8.169	6.75	2030724	2368217.25	2193602.75	2062603.75	84.325	83.215	86.545
2015/06/16	12.22	12.85	11.89	12.41	2379178.00	2940105728	0	11.968	11.182	10.026	9.266	8.289	6.806	2379178	2162819.25	2264160.5	2116242.75	85.607	84.012	88.797
2015/06/17	12.29	12.31	11.20	12.06	2044496.00	2406073856	0	12	11.398	10.224	9.415	8.401	6.859	2044496	2050257	2271084.5	2130667.25	81.883	83.302	79.043
2015/06/18	12.06	13.27	11.80	12.83	2875603.00	3745551360	0	12.244	11.687	10.455	9.599	8.524	6.921	2875603	2172749.5	2361337	2206241.25	83.423	83.343	83.583
2015/06/19	12.10	13.17	11.55	11.55	2066954.00	2537137152	0	12.214	11.843	10.616	9.725	8.622	6.971	2066954	2279391	2362743.75	2230348.75	67.066	77.917	45.363
2015/06/23	11.40	12.71	10.96	12.71	3313519.00	4035336704	0	12.312	12.015	10.808	9.885	8.74	7.034	3313519	2535950	2452083.5	2255941	70.919	75.584	61.589
2015/06/24	12.71	13.98	12.60	13.79	4593415.00	6228345344	0	12.588	12.278	11.043	10.073	8.87	7.104	4593415	2978797.5	2570808.25	2363056.75	78.516	76.561	82.424
2015/06/25	13.80	13.96	12.68	12.97	3081361.00	4103531008	0	12.77	12.385	11.208	10.243	8.98	7.163	3081361	3186170.5	2618213.75	2400154	74.529	75.884	71.82
2015/06/26	12.35	12.69	11.67	11.67	2002761.00	2420706560	0	12.538	12.391	11.358	10.369	9.057	7.213	2002761	3011602	2592175.75	2393095.75	57.523	69.764	33.041
2015/06/29	12.03	12.74	10.51	12.18	3578378.00	4323601408	0	12.664	12.439	11.527	10.523	9.136	7.268	3578378	3313886.75	2796639	2484085	54.391	64.639	33.894
2015/06/30	11.83	12.70	10.96	12.32	3390213.00	4042100480	0	12.586	12.449	11.674	10.683	9.222	7.324	3390213	3329225.5	2932587.75	2563095.25	53.648	60.975	38.992
2015/07/01	12.19	12.19	11.09	11.09	3134125.00	3609964544	0	12.046	12.317	11.75	10.789	9.29	7.368	3134125	3037367.5	3008082.5	2636121.5	41.337	54.429	15.152
2015/07/02	10.40	10.65	9.98	9.98	2184885.00	2204306944	0	11.448	12.109	11.753	10.852	9.338	7.405	2184885	2858072.5	3022121.5	2646603	27.558	45.472	-8.271
2015/07/03	9.01	9.88	8.98	8.98	2275731.00	2070145536	0	10.91	11.724	11.705	10.878	9.361	7.43	2275731	2912666.5	2962134.25	2661735.5	18.372	36.439	-17.762
2015/07/06	9.88	9.88	8.08	8.84	3819231.00	3400012288	0	10.242	11.453	11.648	10.895	9.388	7.457	3819231	2960837	3137362	2750052.75	16.542	29.806	-9.988
2015/07/07	8.15	9.06	7.96	8.41	3881422.00	3280499456	0	9.46	11.023	11.519	10.88	9.41	7.484	3881422	3059078.75	3194152.25	2823118	13.528	24.38	-8.177
2015/07/08	7.57	7.57	7.57	7.57	1041871.00	788696320	0	8.756	10.401	11.34	10.829	9.419	7.506	1041871	2640628	2838997.75	2704903	9.019	19.26	-11.464
2015/07/09	6.81	8.33	6.81	8.33	4233513.00	3231254528	0	8.426	9.937	11.161	10.785	9.436	7.532	4233513	3050353.5	2954213	2786213.25	14.556	17.692	8.286
2015/07/10	8.60	9.16	8.40	9.16	2224724.00	2007905792	0	8.462	9.686	11.038	10.8	9.47	7.564	2224724	3040152.25	2976409.25	2784292.5	23.004	19.462	30.086
2015/07/13	9.39	10.08	9.18	10.08	3380983.00	3270408704	0	8.71	9.476	10.958	10.843	9.517	7.604	3380983	2952502.5	2956669.75	2876654.25	35.596	24.84	57.107
2015/07/14	9.90	10.54	9.45	9.60	3377878.00	3373355264	0	8.948	9.204	10.826	10.851	9.558	7.641	3377878	2851793.75	2955436.25	2944012	47.949	32.543	78.762
2015/07/15	9.37	9.37	8.64	8.64	1729006.00	1540533760	0	9.162	8.959	10.638	10.819	9.582	7.67	1729006	2989220.75	2814924.5	2911503.5	48.32	37.802	69.356
2015/07/16	8.69	9.50	8.69	9.50	3643218.00	3400426752	0	9.396	8.911	10.51	10.806	9.609	7.703	3643218	2871161.75	2960757.75	2991439.5	56.253	43.952	80.853
2015/07/17	9.50	10.39	9.38	10.13	3694366.00	3658781696	0	9.59	9.026	10.375	10.812	9.646	7.74	3694366	3165090.25	3102621.25	3032377.75	67.171	51.692	98.129
2015/07/20	10.16	10.79	10.12	10.62	3066503.00	3208235776	0	9.698	9.204	10.328	10.833	9.692	7.781	3066503	3102194.25	3027348.5	3082355.25	76.69	60.025	110.021
2015/07/21	10.39	11.68	10.20	11.68	3538153.00	3906586112	0	10.114	9.531	10.277	10.856	9.744	7.833	3538153	3134249.25	2993021.5	3093586.75	84.46	68.17	117.041
2015/07/22	11.80	12.35	11.35	11.99	3727704.00	4444566528	0	10.784	9.973	10.187	10.884	9.794	7.886	3727704	3533988.75	3261604.75	3050301.25	86.602	74.314	111.178
2015/07/28	10.79	12.65	10.79	11.54	3891185.00	4430512640	0	11.192	10.294	10.116	10.872	9.842	7.935	3891185	3583582.25	3227372	3090792.5	81.841	76.823	91.877
2015/07/29	11.80	12.60	11.23	12.49	3864441.00	4634914304	0	11.664	10.627	10.156	10.901	9.909	7.992	3864441	3617597.25	3391343.75	3183876.5	86.564	80.07	99.552
2015/07/30	12.15	12.37	11.24	11.34	3611826.00	4297269248	0	11.808	10.753	10.115	10.889	9.948	8.041	3611826	3726661.75	3414428	3185549	80.153	80.098	80.264
2015/07/31	11.11	11.28	10.21	10.37	2700313.00	2873800448	0	11.546	10.83	10.017	10.828	9.974	8.081	2700313	3559093.75	3346671.5	3151054	67.577	75.924	50.882
2015/08/03	10.50	11.00	9.83	10.27	2423312.00	2532956672	0	11.202	10.993	9.976	10.756	10.011	8.122	2423312	3298215.5	3416102	3115513.25	54.124	68.657	25.056
2015/08/04	10.70	11.30	10.40	11.30	3017895.00	3296324352	0	11.154	11.173	10.042	10.731	10.073	8.176	3017895	3123557.5	3353569.75	3157163.75	53.458	63.591	33.193
2015/08/05	11.30	11.78	10.75	11.23	3515570.00	4006126848	0	10.902	11.283	10.155	10.678	10.138	8.227	3515570	3053783.25	3335690.25	3219155.75	52.187	59.79	36.982
2015/08/06	10.85	11.47	10.72	10.91	2031326.00	2240190464	0	10.816	11.312	10.258	10.656	10.191	8.275	2031326	2737683.25	3232172.5	3129760.5	47.558	55.712	31.248
2015/08/07	11.10	11.85	11.06	11.49	2780851.00	3176252160	0	11.04	11.293	10.412	10.616	10.25	8.327	2780851	2753790.75	3156442.25	3074732	51.327	54.251	45.479
2015/08/10	11.88	12.38	11.62	12.31	3474083.00	4177378816	0	11.448	11.325	10.649	10.566	10.32	8.385	3474083	2963945	3131080.25	3196342.5	64.061	57.521	77.143
2015/08/11	12.03	12.18	11.08	11.39	5690777.00	6585615360	0	11.466	11.31	10.802	10.514	10.378	8.434	5690777	3498521.5	3311039.5	3269205.75	63.1	59.38	70.538
2015/08/12	10.50	10.98	10.26	10.72	5348083.00	5663717888	0	11.364	11.133	10.88	10.482	10.425	8.478	5348083	3865024	3459403.5	3425373.75	53.701	57.487	46.127
2015/08/13	10.60	11.28	10.60	11.15	3740179.00	4102770944	0	11.412	11.114	10.934	10.448	10.485	8.527	3740179	4206794.5	3472239	3443333.5	53.055	56.01	47.146
2015/08/14	11.35	11.37	10.80	10.89	3047957.00	3351390720	0	11.292	11.166	10.998	10.4	10.542	8.573	3047957	4260216	3507003.25	3426837.5	45.276	52.432	30.964
2015/08/17	11.14	11.98	10.80	11.98	4613664.00	5220045824	0	11.226	11.337	11.165	10.43	10.609	8.63	4613664	4488132	3726038.5	3571070.25	57.228	54.031	63.623
2015/08/18	12.20	12.27	10.78	10.80	4771442.00	5491813888	0	11.108	11.287	11.23	10.457	10.655	8.678	4771442	4304265	3901393.25	3627481.5	46.642	51.568	36.792
2015/08/19	10.32	11.48	10.01	11.14	3267354.00	3482334976	0	11.192	11.278	11.281	10.529	10.704	8.728	3267354	3888119.25	3876571.5	3606131	46.988	50.041	40.882
2015/08/20	10.98	11.10	10.30	10.36	2067226.00	2217979136	0	11.034	11.223	11.267	10.58	10.738	8.773	2067226	3553528.5	3880161.5	3556167	36.248	45.444	17.857
2015/08/21	10.05	10.32	9.32	9.41	2440243.00	2397056000	0	10.738	11.015	11.154	10.613	10.746	8.811	2440243	3431985.75	3846100.75	3501271.5	25.182	38.69	-1.833
2015/08/24	8.95	8.99	8.47	8.47	1637888.00	1399660288	0	10.036	10.631	10.978	10.643	10.736	8.843	1637888	2836830.5	3662481.25	3396780.75	16.788	31.389	-12.414
2015/08/25	7.64	8.16	7.62	7.62	2207080.00	1717154688	0	9.4	10.254	10.782	10.619	10.702	8.867	2207080	2323958.25	3314111.5	3312575.5	11.192	24.657	-15.737
2015/08/26	7.64	7.99	6.88	6.90	2623609.00	1954219136	0	8.552	9.872	10.502	10.544	10.672	8.884	2623609	2195209.25	3041664.25	3250534	7.585	18.966	-15.177
2015/08/27	7.10	7.40	6.60	7.37	2368925.00	1681206656	0	7.954	9.494	10.304	10.454	10.649	8.904	2368925	2255549	2904538.75	3188388.75	9.583	15.839	-2.927
2015/08/28	7.39	8.02	7.16	7.96	3008977.00	2278446848	0	7.664	9.201	10.184	10.399	10.625	8.929	3008977	2369295.75	2900640.75	3203822	14.384	15.354	12.445
2015/08/31	7.75	7.98	7.50	7.80	2278087.00	1760091904	0	7.53	8.783	10.06	10.371	10.595	8.952	2278087	2497335.5	2667083	3196560.75	17.786	16.165	21.029
2015/09/01	7.57	7.98	7.05	7.85	2761587.00	2088943488	0	7.576	8.488	9.887	10.316	10.561	8.976	2761587	2608237	2466097.5	3183745.5	21.117	17.815	27.72
2015/09/02	7.51	8.47	7.41	8.19	3552967.00	2867669760	0	7.834	8.193	9.736	10.251	10.532	8.998	3552967	2794108.5	2494659	3185615.25	28.325	21.319	42.338
2015/09/07	8.09	8.58	7.82	7.96	1704700.00	1406671616	0	7.952	7.953	9.588	10.163	10.498	9.02	1704700	2661263.5	2458406.25	3169284	37.851	26.83	59.895
2015/09/08	7.87	8.40	7.56	8.27	1378631.00	1111393152	0	8.014	7.839	9.427	10.049	10.453	9.044	1378631	2335194.5	2352245	3099173	53.349	35.669	88.708
2015/09/09	8.26	8.75	8.20	8.47	1947099.00	1656258048	0	8.148	7.839	9.235	9.932	10.408	9.069	1947099	2268996.75	2383166.25	3022823.75	64.558	45.299	103.076
2015/09/10	8.22	8.59	8.12	8.16	1126510.00	940349056	0	8.21	7.893	9.073	9.819	10.345	9.092	1126510	1941981.375	2275109.25	2794610.5	67.225	52.607	96.459
2015/09/11	8.28	8.55	8.08	8.40	1281573.00	1062142400	0	8.252	8.043	8.958	9.683	10.292	9.118	1281573	1487702.625	2140905.5	2591285	71.287	58.834	96.193
2015/09/14	8.61	8.61	7.60	7.68	1517839.00	1228922624	0	8.196	8.074	8.784	9.561	10.225	9.138	1517839	1450330.375	2055797	2480168	59.878	59.182	61.269
2015/09/15	7.48	7.74	6.91	7.00	1233085.00	896813440	0	7.942	7.978	8.59	9.448	10.138	9.154	1233085	1421221.25	1878207.75	2389424.25	41.549	53.304	18.038
2015/09/16	7.08	7.70	7.01	7.66	1228488.00	900832384	0	7.78	7.964	8.373	9.361	10.059	9.174	1228488	1277499	1773247.875	2220165.5	41.286	49.298	25.262
2015/09/17	7.55	7.89	7.30	7.31	1314468.00	999546112	0	7.61	7.91	8.199	9.228	9.98	9.191	1314468	1315090.625	1628536	2047316.75	34.771	44.456	15.4
2015/09/18	7.40	7.48	7.20	7.34	788629.00	581407232	0	7.398	7.825	8.009	9.099	9.888	9.206	788629	1216501.75	1352102.25	1923380.5	30.97	39.961	12.99
2015/09/21	7.30	7.68	7.20	7.60	916322.00	689663872	0	7.382	7.789	7.871	8.988	9.822	9.222	916322	1096198.375	1273264.375	1865835.375	33.147	37.689	24.062
2015/09/22	7.56	8.09	7.48	7.85	1475683.00	1140178944	0	7.552	7.747	7.793	8.867	9.741	9.241	1475683	1144718	1282969.625	1817607.375	40.529	38.636	44.316
2015/09/23	7.64	7.75	7.50	7.53	1004439.00	764967936	0	7.526	7.653	7.746	8.708	9.637	9.254	1004439	1099908.25	1188703.625	1785934.875	39.176	38.816	39.897
2015/09/24	7.64	7.69	7.46	7.59	590055.00	447314912	0	7.582	7.596	7.745	8.581	9.547	9.264	590055	955025.625	1135058.125	1705083.625	39.451	39.028	40.297
2015/09/25	7.57	7.66	7.21	7.29	757228.00	561862976	0	7.572	7.485	7.764	8.467	9.474	9.266	757228	948745.375	1082623.625	1611764.625	37.035	38.363	34.378
2015/09/28	7.30	7.39	7.15	7.35	482018.00	351449984	0	7.522	7.452	7.763	8.34	9.394	9.265	482018	861884.625	979041.5	1517419.25	35.184	37.304	30.944
2015/09/29	7.21	7.29	7.10	7.13	508087.00	364830784	0	7.378	7.465	7.721	8.215	9.307	9.265	508087	668365.375	906541.688	1392374.75	24.466	33.024	7.349
2015/09/30	7.15	7.40	7.14	7.29	697533.00	508462656	0	7.33	7.428	7.696	8.058	9.244	9.267	697533	606984.188	853446.188	1313347	22.708	29.586	8.953
2015/10/08	7.55	7.64	7.32	7.49	780619.00	584444928	0	7.31	7.446	7.678	7.948	9.203	9.27	780619	645097	800061.313	1214298.625	28.27	29.147	26.516
2015/10/09	7.45	7.79	7.38	7.58	960923.00	726987776	0	7.368	7.47	7.648	7.829	9.179	9.27	960923	685836	817290.688	1084696.5	35.008	31.101	42.823
2015/10/12	7.58	8.10	7.55	7.99	1547797.00	1223279232	0	7.496	7.509	7.649	7.75	9.165	9.276	1547797	898991.813	880438.188	1076851.25	53.005	38.402	82.212
2015/10/13	8.00	8.37	7.93	8.19	1414648.00	1156520704	0	7.708	7.543	7.645	7.71	9.161	9.286	1414648	1080304	874334.688	1078652.125	63.946	46.917	98.004
2015/10/14	8.07	8.13	7.85	7.88	1060693.00	844210816	0	7.826	7.578	7.615	7.69	9.167	9.293	1060693	1152936	879960.125	1034331.875	63.103	52.312	84.685
2015/10/15	7.83	8.17	7.80	8.11	1005176.00	805717248	0	7.95	7.63	7.613	7.706	9.163	9.299	1005176	1197847.375	921472.188	1028265.125	68.578	57.734	90.265
2015/10/16	8.30	8.62	8.22	8.39	1828938.00	1538702080	0	8.112	7.74	7.613	7.756	9.15	9.31	1828938	1371450.375	1028643.188	1055633.375	74.008	63.159	95.707
2015/10/19	8.36	8.65	8.10	8.39	1592432.00	1326916864	0	8.192	7.844	7.648	7.79	9.122	9.32	1592432	1380377.375	1139684.625	1059363	76.933	67.75	95.298
2015/10/20	8.37	8.50	8.22	8.42	1229858.00	1029529984	0	8.238	7.973	7.719	7.805	9.102	9.33	1229858	1343419.375	1211861.75	1059201.75	78.857	71.452	93.667
2015/10/21	8.50	8.57	7.72	7.76	1656895.00	1361084672	0	8.214	8.02	7.724	7.804	9.087	9.335	1656895	1462659.75	1307797.875	1080622	62.545	68.483	50.669
2015/10/22	7.99	8.40	7.88	8.32	1611621.00	1305481728	0	8.256	8.103	7.774	7.82	9.068	9.338	1611621	1583948.75	1390898.125	1095479.75	65.03	67.332	60.426
2015/10/23	8.21	8.25	8.00	8.19	1327457.00	1081503872	0	8.216	8.164	7.817	7.82	9.035	9.341	1327457	1483652.625	1427551.5	1122421.125	60.199	64.955	50.689
2015/10/26	8.30	8.35	7.99	8.11	1071396.00	870466496	0	8.16	8.176	7.842	7.825	8.994	9.343	1071396	1379445.375	1379911.375	1130174.75	54.111	61.34	39.654
2015/10/27	8.10	8.10	7.75	8.05	838262.00	664744704	0	8.086	8.162	7.852	7.817	8.933	9.338	838262	1301126.25	1322272.75	1098303.75	47.902	56.861	29.985
2015/10/28	8.07	8.29	7.93	7.99	1140278.00	928009920	0	8.132	8.173	7.875	7.801	8.866	9.33	1140278	1197802.75	1330231.25	1105095.75	41.612	51.778	21.281
2015/10/29	7.95	8.09	7.90	7.98	608529.00	486574944	0	8.064	8.16	7.895	7.795	8.807	9.325	608529	997184.375	1290566.625	1106019.375	37.061	46.872	17.437
2015/10/30	7.98	8.20	7.84	8.19	1017272.00	818457792	0	8.064	8.14	7.94	7.788	8.736	9.322	1017272	935147.375	1209400	1119021.625	43.138	45.628	38.16
2015/11/02	8.01	8.18	7.89	7.96	608231.00	488738944	0	8.034	8.097	7.97	7.798	8.679	9.313	608231	842514.375	1110979.875	1125332.25	38.171	43.142	28.228
2015/11/03	7.98	8.02	7.83	7.88	476535.00	376588480	0	8	8.043	8.008	7.827	8.638	9.306	476535	770169	1035647.625	1123754.625	32.114	39.466	17.41
2015/11/04	7.88	8.17	7.86	8.16	1380516.00	1114615424	0	8.034	8.083	8.052	7.844	8.602	9.307	1380516	818216.625	1008009.688	1157903.75	44.187	41.04	50.482
2015/11/05	8.10	8.97	8.03	8.52	3129290.00	2662195968	0	8.142	8.103	8.103	7.884	8.556	9.314	3129290	1322368.75	1159776.625	1275337.375	50.496	44.192	63.105
2015/11/06	8.40	8.62	8.34	8.54	1514778.00	1284833664	0	8.212	8.138	8.151	7.924	8.511	9.325	1514778	1421870	1178508.75	1303030.125	55.249	47.877	69.992
2015/11/09	8.49	8.90	8.44	8.64	1930179.00	1680403968	0	8.348	8.191	8.184	7.959	8.474	9.332	1930179	1686259.625	1264387	1322149.25	60.517	52.091	77.369
2015/11/10	8.55	8.59	8.36	8.47	1304784.00	1105442048	0	8.466	8.233	8.198	7.979	8.423	9.337	1304784	1851909.375	1311039.25	1316656	59.058	54.413	68.348
2015/11/11	8.47	8.50	8.34	8.43	820418.00	690030080	0	8.52	8.277	8.225	8.009	8.358	9.339	820418	1739889.75	1279053.25	1304642.25	56.916	55.247	60.253
2015/11/12	8.48	8.56	8.38	8.41	943137.00	797450496	0	8.498	8.32	8.24	8.037	8.309	9.344	943137	1302659.25	1312514	1301540.25	54.903	55.133	54.444
2015/11/13	8.38	8.55	8.30	8.41	1029986.00	867740544	0	8.472	8.342	8.241	8.074	8.27	9.348	1029986	1205700.75	1313785.375	1261592.75	53.561	54.609	51.466
2015/11/16	8.20	8.24	7.92	8.22	1616926.00	1304916992	0	8.388	8.368	8.233	8.103	8.222	9.353	1616926	1143050.25	1414654.875	1262817.375	46.518	51.912	35.731
2015/11/17	8.22	8.50	8.17	8.22	1440983.00	1200128512	0	8.338	8.402	8.222	8.139	8.177	9.359	1440983	1170290	1511099.75	1273373.625	40.536	48.12	25.368
2015/11/18	8.24	8.27	8.01	8.03	930419.00	752423808	0	8.258	8.389	8.236	8.164	8.111	9.36	930419	1192290.25	1466090	1237049.875	30.765	42.335	7.626
2015/11/19	8.04	8.09	7.96	8.08	724905.00	581530496	0	8.192	8.345	8.224	8.184	8.066	9.36	724905	1148643.75	1225651.5	1192714	25.952	36.874	4.109
2015/11/20	8.08	8.14	8.01	8.08	755435.00	608783616	0	8.126	8.299	8.219	8.2	8.015	9.359	755435	1093733.625	1149717.25	1164113	25.262	33.003	9.779
2015/11/23	8.09	8.09	7.90	7.93	834570.00	667918976	0	8.068	8.228	8.21	8.198	7.974	9.356	834570	937262.375	1040156.313	1152271.625	18.356	28.121	-1.173
2015/11/24	7.91	7.92	7.74	7.82	839790.00	655199232	0	7.988	8.163	8.198	8.186	7.948	9.347	839790	817023.813	993656.875	1152348	15.49	23.911	-1.352
2015/11/25	7.78	7.93	7.72	7.91	628151.00	493719872	0	7.964	8.111	8.194	8.187	7.938	9.337	628151	756570.188	974430.188	1126741.75	17.957	21.926	10.019
2015/11/26	7.93	7.96	7.82	7.84	617932.00	486248992	0	7.916	8.054	8.187	8.178	7.942	9.322	617932	735175.625	941909.688	1127211.875	17.1	20.317	10.664
2015/11/27	7.80	7.82	7.12	7.26	1143258.00	858901632	0	7.752	7.939	8.141	8.14	7.948	9.31	1143258	812740.188	953236.875	1133511.125	14.781	18.472	7.4
2015/11/30	7.18	7.34	6.91	7.19	755891.00	540978176	0	7.604	7.836	8.102	8.1	7.945	9.297	755891	797004.375	867133.375	1140894.125	16.717	17.887	14.377
2015/12/01	7.25	7.41	7.20	7.39	625023.00	458430272	0	7.518	7.753	8.078	8.066	7.936	9.28	625023	754051	785537.375	1148318.5	24.153	19.976	32.507
2015/12/02	7.41	7.58	7.26	7.57	810411.00	602752320	0	7.45	7.707	8.048	8.06	7.932	9.264	810411	790503	773536.625	1119813.25	33.988	24.646	52.671
2015/12/03	7.74	7.75	7.57	7.63	780557.00	597366528	0	7.408	7.662	8.003	8.037	7.928	9.245	780557	823028	779101.813	1002376.625	42.998	30.763	67.466
2015/12/04	7.53	7.54	7.31	7.38	725462.00	537530048	0	7.432	7.592	7.945	8.01	7.915	9.223	725462	739468.813	776104.5	962910.875	43.586	35.038	60.682
2015/12/07	7.39	7.45	7.34	7.39	463058.00	342067328	0	7.472	7.538	7.883	7.986	7.905	9.202	463058	680902.188	738953.313	889554.813	44.295	38.123	56.639
2015/12/08	7.53	7.95	7.52	7.56	1634895.00	1258778496	0	7.506	7.512	7.838	7.969	7.893	9.173	1634895	882876.625	818463.813	906060.375	50.165	42.137	66.221
2015/12/09	7.42	7.50	7.31	7.35	654840.00	484066496	0	7.462	7.456	7.784	7.948	7.875	9.141	654840	851762.375	821132.688	897781.438	47.546	43.94	54.757
2015/12/10	7.40	7.48	7.28	7.30	560519.00	413145280	0	7.396	7.402	7.728	7.925	7.86	9.103	560519	807754.813	815391.375	878650.563	44.197	44.026	44.54
2015/12/11	7.28	7.29	7.13	7.23	428063.00	307985216	0	7.366	7.399	7.669	7.893	7.841	9.066	428063	748275	743871.875	848554.375	33.53	40.527	19.535
2015/12/14	7.19	7.42	7.15	7.41	505033.00	369418048	0	7.37	7.421	7.628	7.875	7.836	9.031	505033	756670	718786.125	792959.75	33.735	38.263	24.68
2015/12/15	7.42	7.45	7.28	7.36	549123.00	404056384	0	7.33	7.418	7.585	7.858	7.842	8.99	549123	539515.625	711196.125	748366.75	31.84	36.122	23.275
2015/12/16	7.32	7.35	7.28	7.29	387942.00	283647072	0	7.318	7.39	7.549	7.829	7.836	8.948	387942	486136	668949.188	721242.875	27.731	33.325	16.542
2015/12/17	7.35	7.58	7.35	7.50	1269880.00	948773248	0	7.358	7.377	7.519	7.795	7.839	8.91	1269880	628008.188	717881.5	748491.625	33.528	33.393	33.798
2015/12/18	7.58	8.20	7.58	7.85	2585592.00	2046510592	0	7.482	7.424	7.508	7.772	7.848	8.868	2585592	1059514	903894.5	839999.5	44.782	37.189	59.967
2015/12/21	7.78	8.29	7.78	8.04	1718717.00	1387200256	0	7.608	7.489	7.514	7.752	7.855	8.839	1718717	1302250.75	1029460.375	884206.875	56.004	43.461	81.091
2015/12/22	8.08	8.12	7.85	7.99	932784.00	741408896	0	7.734	7.532	7.522	7.736	7.858	8.799	932784	1378983	959249.313	888856.563	62.049	49.657	86.833
2015/12/23	7.99	8.03	7.81	7.83	828214.00	655180288	0	7.842	7.58	7.518	7.716	7.863	8.75	828214	1467037.375	976586.688	898859.688	61.481	53.598	77.246
2015/12/24	7.78	7.79	7.55	7.65	600888.00	459699520	0	7.872	7.615	7.509	7.69	7.864	8.705	600888	1333239	980623.625	898007.5	55.607	54.268	58.286
2015/12/25	7.67	7.79	7.62	7.71	394325.00	303856704	0	7.844	7.663	7.531	7.667	7.871	8.672	394325	894985.625	977249.813	860560.875	51.263	53.266	47.256
2015/12/28	7.72	7.93	7.58	7.60	702153.00	543938688	0	7.756	7.682	7.551	7.646	7.875	8.634	702153	691672.813	996961.813	857873.938	44.736	50.423	33.363
2015/12/29	7.62	7.84	7.60	7.75	520664.00	401543712	0	7.708	7.721	7.569	7.631	7.885	8.596	520664	609248.813	994115.875	852656	44.009	48.285	35.456
2015/12/30	7.72	7.76	7.61	7.67	371870.00	285083296	0	7.676	7.759	7.575	7.619	7.891	8.568	371870	517980	992508.688	830728.938	34.744	43.771	16.691
2015/12/31	7.67	7.72	7.59	7.61	326535.00	249098128	0	7.668	7.77	7.574	7.603	7.893	8.548	326535	463109.406	898174.188	808027.875	25.866	37.803	1.992
2016/01/04	7.55	7.57	6.96	6.98	597706.00	434775904	0	7.522	7.683	7.554	7.566	7.883	8.531	597706	503785.594	699385.625	801640.063	17.818	31.141	-8.827
2016/01/05	6.79	7.12	6.65	6.88	708080.00	488030176	0	7.378	7.567	7.528	7.531	7.865	8.515	708080	504971	598321.875	813891.125	17.435	26.572	-0.841
2016/01/06	6.98	7.21	6.89	7.13	802942.00	570642688	0	7.254	7.481	7.507	7.508	7.847	8.504	802942	561426.625	585337.688	772293.5	24.123	25.756	20.857
2016/01/07	7.08	7.37	6.80	6.86	344142.00	244979952	0	7.092	7.384	7.482	7.473	7.83	8.498	344142	555881	536930.5	756758.625	21.551	24.354	15.944
2016/01/08	7.20	7.48	6.78	7.25	1080033.00	774635520	0	7.02	7.344	7.479	7.454	7.816	8.489	1080033	706580.625	584845	782734.313	29.992	26.234	37.509
2016/01/11	7.10	7.96	7.05	7.52	2218040.00	1686865920	0	7.128	7.325	7.494	7.462	7.801	8.476	2218040	1030647.375	767216.5	872233.125	42.132	31.533	63.33
2016/01/12	7.82	7.90	7.23	7.50	1615873.00	1235014528	0	7.252	7.315	7.498	7.473	7.786	8.454	1615873	1212206	858588.5	927775.125	49.717	37.594	73.961
2016/01/13	7.60	7.78	7.22	7.26	980691.00	733639104	0	7.278	7.266	7.494	7.468	7.767	8.435	980691	1247755.75	904591.188	949353.563	48.666	41.285	63.428
2016/01/14	6.95	7.29	6.78	7.21	1114224.00	779729792	0	7.348	7.22	7.49	7.456	7.758	8.423	1114224	1401772.25	978826.625	985667.625	46.693	43.088	53.905
2016/01/15	7.11	7.11	6.63	6.71	991506.00	676050560	0	7.24	7.13	7.45	7.426	7.731	8.399	991506	1384066.75	1045323.688	971748.938	33.134	39.77	19.862
2016/01/18	6.60	6.98	6.53	6.85	638456.00	434208128	0	7.106	7.117	7.4	7.408	7.709	8.372	638456	1068150	1049398.75	874392.125	29.548	36.363	15.92
2016/01/19	6.83	7.17	6.71	7.06	771271.00	537827456	0	7.018	7.135	7.351	7.397	7.691	8.342	771271	899229.625	1055717.75	827019.875	32.053	34.926	26.307
2016/01/20	7.08	7.67	7.02	7.37	1333368.00	982983296	0	7.04	7.159	7.32	7.391	7.68	8.307	1333368	969765	1108760.375	847049.063	40.949	36.934	48.98
2016/01/21	7.20	7.49	7.04	7.10	829604.00	601689536	0	7.018	7.183	7.284	7.382	7.665	8.266	829604	912841	1157306.625	847118.563	40.586	38.151	45.456
2016/01/22	7.09	7.23	6.75	7.00	658412.00	457920896	0	7.076	7.158	7.251	7.372	7.649	8.228	658412	846222.188	1115144.5	849994.75	38.493	38.265	38.949
2016/01/25	6.99	7.05	6.89	6.97	386093.00	268288688	0	7.1	7.103	7.214	7.364	7.628	8.182	386093	795749.625	931949.813	849583.125	37.395	37.975	36.235
2016/01/26	6.93	7.09	6.65	6.68	616969.00	423596224	0	7.024	7.021	7.168	7.339	7.607	8.143	616969	764889.188	832059.375	845323.938	29.316	35.089	17.771
2016/01/27	6.69	6.74	6.03	6.32	855587.00	537084864	0	6.814	6.927	7.096	7.305	7.581	8.109	855587	669333	819549	862070.125	25.438	31.872	12.571
2016/01/28	6.20	6.21	5.90	5.92	527744.00	319928928	0	6.578	6.798	7.009	7.259	7.544	8.073	527744	608961	760901	869863.813	17.336	27.027	-2.046
2016/01/29	5.90	6.13	5.79	6.06	590237.00	353326688	0	6.39	6.733	6.931	7.211	7.503	8.03	590237	595326	720774.125	883048.875	16.344	23.466	2.101
2016/02/01	6.01	6.02	5.80	5.91	503268.00	297855968	0	6.178	6.639	6.878	7.146	7.459	7.985	503268	618761	707255.313	878327	13.024	19.985	-0.899
2016/02/02	5.93	6.19	5.93	6.09	506956.00	308603520	0	6.06	6.542	6.839	7.081	7.417	7.945	506956	596758.375	680823.813	868270.813	14.565	18.178	7.338
2016/02/03	6.05	6.19	6.02	6.13	362617.00	221974992	0	6.022	6.418	6.788	7.019	7.378	7.9	362617	498164.406	583748.688	846254.563	17.58	17.979	16.783
2016/02/04	6.06	6.30	6.03	6.21	522635.00	324160416	0	6.08	6.329	6.756	6.965	7.34	7.85	522635	497142.594	553051.813	855179.188	22.489	19.483	28.503
2016/02/05	6.25	6.53	6.23	6.31	648675.00	415733440	0	6.13	6.26	6.709	6.921	7.306	7.807	648675	508830.188	552078.125	833611.313	28.326	22.43	40.118
2016/02/15	6.11	6.63	6.11	6.50	550798.00	353731104	0	6.248	6.213	6.658	6.88	7.274	7.772	550798	518336.188	568548.625	750249.188	43.796	29.552	72.285
2016/02/16	6.52	6.64	6.43	6.60	608106.00	398365376	0	6.35	6.205	6.613	6.847	7.247	7.734	608106	538566.188	567662.313	699860.875	60.962	40.022	102.842
2016/02/17	6.60	6.66	6.50	6.59	434979.00	285706464	0	6.442	6.232	6.58	6.808	7.22	7.698	434979	553038.625	525601.5	672575.25	71.293	50.446	112.987
2016/02/18	6.57	6.60	6.39	6.44	655262.00	423358240	0	6.488	6.284	6.541	6.767	7.193	7.652	655262	579564	538353.313	649627.125	72.335	57.742	101.52
2016/02/19	6.43	6.44	6.34	6.39	325488.00	207850800	0	6.504	6.317	6.525	6.727	7.165	7.615	325488	514926.594	511878.406	616326.25	69.228	61.571	84.542
2016/02/22	6.46	6.60	6.42	6.54	535957.00	349262560	0	6.512	6.38	6.51	6.712	7.139	7.577	535957	511958.406	515147.313	611201.313	73.235	65.459	88.788
2016/02/23	6.51	6.51	6.20	6.34	709290.00	449844544	0	6.46	6.405	6.473	6.694	7.113	7.543	709290	532195.188	535380.688	608102.25	65.226	65.381	64.915
2016/02/24	6.34	6.42	6.24	6.41	408228.00	258572496	0	6.424	6.433	6.425	6.67	7.089	7.518	408228	526845	539941.813	561845.25	61.666	64.143	56.711
2016/02/25	6.41	6.42	5.78	5.88	704369.00	428228448	0	6.312	6.4	6.365	6.637	7.055	7.497	704369	536666.375	558115.188	555583.5	44.898	57.728	19.239
2016/02/26	5.95	5.98	5.77	5.91	381699.00	224510208	0	6.216	6.36	6.31	6.593	7.023	7.483	381699	547908.625	531417.625	541747.875	35.176	50.21	5.106
2016/02/29	5.88	5.88	5.41	5.56	512249.00	283890208	0	6.02	6.266	6.24	6.527	6.995	7.471	512249	543167	527562.688	548055.625	27.45	42.624	-2.896
2016/03/01	5.60	5.64	5.40	5.62	370957.00	206262416	0	5.876	6.168	6.187	6.465	6.969	7.457	370957	475500.406	503847.813	535755.063	24.411	36.553	0.128
2016/03/02	5.60	5.88	5.56	5.87	609272.00	350661984	0	5.768	6.096	6.164	6.418	6.943	7.439	609272	515709.188	521277.094	523439.313	29.33	34.145	19.699
2016/03/03	5.85	5.96	5.78	5.88	671676.00	394158048	0	5.768	6.04	6.162	6.374	6.915	7.424	671676	509170.594	522918.5	530635.875	32.887	33.726	31.208
2016/03/04	5.82	5.97	5.73	5.90	784379.00	460230848	0	5.766	5.991	6.154	6.347	6.886	7.407	784379	589706.625	568807.625	540343	36.939	34.797	41.224
2016/03/07	5.90	6.04	5.86	5.94	364446.00	216590912	0	5.842	5.931	6.155	6.317	6.862	7.389	364446	560146	551656.5	533401.875	42.273	37.289	52.242
2016/03/08	5.90	5.90	5.61	5.89	386926.00	222860320	0	5.896	5.886	6.146	6.278	6.837	7.371	386926	563339.813	519420.094	527400.375	44.195	39.591	53.404
2016/03/09	5.78	5.89	5.70	5.87	340324.00	197286496	0	5.896	5.832	6.133	6.228	6.809	7.351	340324	509550.188	512629.688	526285.75	53.943	44.375	73.078
2016/03/10	5.79	5.84	5.67	5.68	207542.00	119384168	0	5.856	5.812	6.106	6.18	6.781	7.328	207542	416723.406	462947	510531.094	50.545	46.432	58.772
2016/03/11	5.64	5.71	5.58	5.64	216042.00	121785840	0	5.804	5.785	6.072	6.135	6.754	7.307	216042	303056	446381.313	488899.438	46.197	46.353	45.883
2016/03/14	5.73	5.88	5.69	5.81	389526.00	226278912	0	5.778	5.81	6.038	6.096	6.73	7.285	389526	308072	434109	480835.844	48.159	46.955	50.566
2016/03/15	5.81	5.85	5.71	5.84	277618.00	160210704	0	5.768	5.832	6	6.068	6.704	7.27	277618	286210.406	424775.094	464311.438	50.947	48.286	56.268
2016/03/16	5.83	5.99	5.83	5.91	659075.00	391209920	0	5.776	5.836	5.966	6.055	6.68	7.261	659075	349960.594	429755.406	475516.25	57.877	51.483	70.666
2016/03/17	5.89	6.03	5.88	5.98	508562.00	302789440	0	5.836	5.846	5.943	6.057	6.658	7.247	508562	410164.594	413444	468181.25	67.57	56.845	89.02
2016/03/18	6.00	6.14	5.97	6.03	1020206.00	616710144	0	5.914	5.859	5.925	6.056	6.633	7.236	1020206	570997.375	437026.688	502917.156	71.833	61.841	91.816
2016/03/21	6.08	6.26	6.04	6.20	944167.00	584059264	0	5.992	5.885	5.908	6.065	6.606	7.227	944167	681925.625	494998.813	523327.656	78.281	67.321	100.2
2016/03/22	6.17	6.23	6.09	6.12	510530.00	314060192	0	6.048	5.908	5.897	6.066	6.574	7.214	510530	728508	507359.188	513389.656	78.658	71.1	93.773
2016/03/23	6.07	6.14	6.04	6.11	450493.00	274058848	0	6.088	5.932	5.882	6.066	6.543	7.2	450493	686791.625	518376.094	515502.906	78.419	73.54	88.177
2016/03/24	6.15	6.29	6.01	6.03	870859.00	535592608	0	6.098	5.967	5.89	6.06	6.512	7.188	870859	759251	584707.813	523827.406	71.168	72.749	68.006
2016/03/25	6.00	6.13	5.96	6.11	604615.00	363704480	0	6.114	6.014	5.899	6.053	6.487	7.175	604615	676132.813	623565.125	534973.188	70.434	71.977	67.347
2016/03/28	6.21	6.30	6.07	6.11	847598.00	525065536	0	6.096	6.044	5.927	6.04	6.46	7.165	847598	656819	669372.313	551740.625	66.814	70.256	59.93
2016/03/29	6.01	6.08	5.95	5.97	550948.00	329936192	0	6.066	6.057	5.944	6.019	6.433	7.154	550948	664902.625	696705.313	560740.188	51.686	64.066	26.925
2016/03/30	6.02	6.11	6.01	6.11	554862.00	337102080	0	6.066	6.077	5.957	6.003	6.406	7.145	554862	685776.375	686284	558019.688	49.695	59.276	30.534
2016/03/31	6.13	6.15	6.05	6.08	588475.00	358187904	0	6.076	6.087	5.966	5.991	6.379	7.135	588475	629299.625	694275.313	553859.625	45.511	54.688	27.158
2016/04/01	6.05	6.30	6.05	6.14	841475.00	520630624	0	6.082	6.098	5.978	5.983	6.355	7.124	841475	676671.625	676402.188	556714.438	48.436	52.604	40.1
2016/04/05	6.16	6.28	6.11	6.23	835454.00	519339904	0	6.106	6.101	5.993	5.972	6.342	7.113	835454	674242.813	665530.875	580264.875	58.957	54.722	67.429
2016/04/06	6.19	6.21	6.12	6.15	501455.00	308593184	0	6.142	6.104	6.006	5.966	6.33	7.097	501455	664344.188	664623.375	585991.313	58.352	55.932	63.194
2016/04/07	6.15	6.20	6.08	6.10	471887.00	288809280	0	6.14	6.103	6.017	5.956	6.313	7.08	471887	647749.188	666762.813	592569.438	53.187	55.017	49.528
2016/04/08	6.06	6.09	6.00	6.05	373507.00	225422240	0	6.134	6.105	6.036	5.961	6.299	7.065	373507	604755.625	617027.625	600867.688	44.982	51.672	31.602
2016/04/11	6.08	6.12	6.04	6.08	441881.00	268886112	0	6.122	6.102	6.058	5.967	6.28	7.048	441881	524836.813	600754.188	612159.625	42.369	48.571	29.965
2016/04/12	6.09	6.09	5.98	6.01	303470.00	182658656	0	6.078	6.092	6.068	5.982	6.255	7.028	303470	418440	546341.375	607856.875	31.371	42.838	8.438
2016/04/13	6.01	6.14	6.01	6.09	607842.00	370185216	0	6.066	6.104	6.081	5.998	6.231	7.009	607842	439717.406	552030.813	624368.063	32.372	39.349	18.419
2016/04/14	6.27	6.38	6.18	6.22	1174598.00	736531072	0	6.09	6.115	6.096	6.009	6.214	6.99	1174598	580259.625	614004.375	650144.188	41.582	40.093	44.558
2016/04/15	6.22	6.29	6.12	6.21	696634.00	431538752	0	6.122	6.128	6.108	6.02	6.197	6.978	696634	644885	624820.313	659547.813	46.888	42.358	55.947
2016/04/18	6.26	6.32	6.18	6.22	655228.00	409975168	0	6.15	6.136	6.117	6.031	6.189	6.96	655228	687554.375	606195.625	641298.875	51.258	45.325	63.126
2016/04/19	6.17	6.50	6.16	6.39	1482803.00	944190208	0	6.226	6.152	6.127	6.046	6.181	6.945	1482803	923421	670930.5	668230.688	60.454	50.368	80.627
2016/04/20	6.37	6.66	6.29	6.62	2391128.00	1551286784	0	6.332	6.199	6.152	6.07	6.174	6.933	2391128	1280078.25	859897.813	762260.625	71.675	57.471	100.085
2016/04/22	6.45	6.45	6.15	6.27	1129677.00	709209600	0	6.342	6.216	6.16	6.084	6.156	6.918	1129677	1271094	925676.813	796219.813	61.999	58.98	68.038
2016/04/25	6.25	6.25	6.05	6.12	496810.00	304401504	0	6.324	6.223	6.164	6.098	6.139	6.902	496810	1231129.25	938007.125	777517.375	48.196	55.385	33.816
2016/04/26	6.17	6.22	6.10	6.16	413501.00	254357136	0	6.312	6.231	6.167	6.116	6.125	6.887	413501	1182783.75	935169.125	767961.625	39.823	50.198	19.073
2016/04/27	6.14	6.18	6.09	6.11	340732.00	208948032	0	6.256	6.241	6.167	6.126	6.111	6.87	340732	954369.625	938895.313	742618.375	29.827	43.408	2.666
2016/04/28	6.12	6.19	6.01	6.15	402882.00	245966912	0	6.162	6.247	6.175	6.136	6.102	6.855	402882	556720.375	918399.313	735215.063	27.064	37.96	5.273
2016/04/29	6.15	6.15	6.07	6.09	330400.00	201420432	0	6.126	6.234	6.174	6.142	6.098	6.84	330400	396865	833979.5	723991.938	22.145	32.688	1.06
2016/05/03	6.10	6.22	6.08	6.22	680419.00	419603136	0	6.146	6.235	6.181	6.15	6.103	6.824	680419	433586.813	832358	728589.125	25.533	30.303	15.992
2016/05/04	6.20	6.82	6.18	6.75	1983909.00	1304679680	0	6.264	6.288	6.212	6.174	6.115	6.809	1983909	747668.375	965226.125	785710.875	47.475	36.027	70.37
2016/05/05	6.80	7.10	6.67	6.97	2133876.00	1481395200	0	6.436	6.346	6.249	6.2	6.133	6.796	2133876	1106297.25	1030333.375	850631.938	61.007	44.354	94.315
2016/05/06	6.92	7.32	6.86	6.95	1605198.00	1134865280	0	6.596	6.379	6.289	6.227	6.147	6.782	1605198	1346760.375	951740.375	905819.125	64.59	51.099	91.572
2016/05/09	6.80	7.11	6.63	6.92	1429650.00	985524864	0	6.762	6.444	6.33	6.254	6.16	6.769	1429650	1566610.375	981737.688	953707.25	66.215	56.138	86.37
2016/05/10	6.98	7.18	6.70	6.85	1019708.00	713256832	0	6.888	6.517	6.37	6.282	6.171	6.756	1019708	1634468.25	1034027.5	986017.313	65.518	59.265	78.024
2016/05/11	6.87	7.49	6.74	7.30	1509741.00	1084422528	0	6.998	6.631	6.431	6.321	6.187	6.746	1509741	1539634.625	1143651.5	1039410.313	72.732	63.754	90.69
2016/05/12	7.19	7.51	7.09	7.30	1063550.00	778144384	0	7.064	6.75	6.496	6.361	6.201	6.737	1063550	1325569.375	1215933.25	1077414.25	76.961	68.156	94.569
2016/05/13	7.20	7.33	7.01	7.10	730528.00	520810144	0	7.094	6.845	6.546	6.399	6.209	6.728	730528	1150635.375	1248697.875	1083548.625	75.083	70.465	84.319
2016/05/16	7.06	7.15	6.87	7.14	651546.00	458599168	0	7.138	6.95	6.592	6.433	6.218	6.719	651546	995014.625	1280812.5	1057396	74.116	71.682	78.983
2016/05/17	7.12	7.15	6.90	6.91	554824.00	386685792	0	7.15	7.019	6.627	6.461	6.226	6.709	554824	902037.813	1268253	1050305.5	60.016	67.793	44.462
2016/05/18	6.92	7.00	6.67	6.83	609779.00	415572480	0	7.056	7.027	6.657	6.484	6.233	6.699	609779	722045.375	1130840	1048033.063	47.587	61.058	20.644
2016/05/19	6.80	6.93	6.75	6.82	553933.00	379615200	0	6.96	7.012	6.679	6.503	6.238	6.688	553933	620122	972845.688	1001589.563	38.921	53.679	9.406
2016/05/20	6.69	6.91	6.68	6.83	424218.00	288006784	0	6.906	7	6.689	6.526	6.246	6.679	424218	558860	854747.688	903244.063	32.297	46.552	3.787
2016/05/23	6.84	7.10	6.84	7.07	685882.00	480432064	0	6.892	7.015	6.729	6.558	6.257	6.673	685882	565727.188	780370.875	881054.313	37.404	43.503	25.208
2016/05/24	7.02	7.07	6.89	7.01	407227.00	283322176	0	6.912	7.031	6.774	6.59	6.276	6.666	407227	536207.813	719122.813	876575.125	38.428	41.811	31.662
2016/05/25	7.08	7.12	6.68	6.77	647573.00	443374016	0	6.9	6.978	6.805	6.613	6.29	6.657	647573	543766.625	632906	888278.75	30.669	38.097	15.814
2016/05/26	6.71	6.74	6.50	6.61	543561.00	357957024	0	6.858	6.909	6.83	6.633	6.308	6.651	543561	541692.188	580907.125	898420.188	26.087	34.094	10.074
2016/05/27	6.63	6.78	6.53	6.65	408129.00	272538880	0	6.822	6.864	6.854	6.652	6.325	6.647	408129	538474.375	548667.188	898682.563	25.084	31.091	13.07
2016/05/30	6.60	6.60	6.43	6.49	382106.00	248932176	0	6.706	6.799	6.874	6.661	6.335	6.639	382106	477719.188	521723.188	901267.875	19.621	27.267	4.329
2016/05/31	6.45	6.75	6.45	6.73	596975.00	399049056	0	6.65	6.781	6.9	6.678	6.349	6.632	596975	515668.813	525938.313	897095.625	27.573	27.369	27.982
2016/06/01	6.80	6.82	6.62	6.70	622951.00	417044032	0	6.636	6.768	6.898	6.694	6.363	6.624	622951	510744.406	527255.5	829047.75	31.426	28.722	36.834
2016/06/02	6.66	6.87	6.64	6.86	718986.00	489493408	0	6.686	6.772	6.892	6.71	6.378	6.62	718986	545829.375	543760.813	758303.25	41.723	33.056	59.059
2016/06/03	6.85	6.85	6.71	6.79	513439.00	347206816	0	6.714	6.768	6.884	6.716	6.393	6.615	513439	566891.375	552682.875	703715.313	45.207	37.106	61.409
2016/06/06	6.93	7.32	6.92	6.98	884748.00	626662592	0	6.812	6.759	6.887	6.739	6.411	6.61	884748	667419.813	572569.5	676470.188	50.737	41.65	68.912
2016/06/07	6.93	7.00	6.86	6.96	357498.00	247584032	0	6.858	6.754	6.892	6.767	6.433	6.607	357498	619524.375	567596.625	643359.688	53.675	45.658	69.709
2016/06/08	6.90	6.95	6.78	6.89	385018.00	263557584	0	6.896	6.766	6.872	6.792	6.454	6.604	385018	571937.813	541341.125	587123.563	53.012	48.109	62.817
2016/06/13	6.82	7.02	6.73	6.75	567323.00	392419616	0	6.874	6.78	6.845	6.813	6.469	6.6	567323	541605.188	543717.313	562312.188	47.326	47.848	46.282
2016/06/14	6.73	6.87	6.70	6.86	397710.00	270203936	0	6.888	6.801	6.832	6.837	6.486	6.595	397710	518459.406	542675.375	545671.313	47.26	47.652	46.475
2016/06/15	6.80	7.07	6.76	7.04	549944.00	384359104	0	6.9	6.856	6.827	6.868	6.505	6.592	549944	451498.594	559459.188	540591.188	51.506	48.937	56.646
2016/06/16	7.04	7.20	6.89	6.91	691179.00	486162080	0	6.89	6.874	6.827	6.891	6.521	6.589	691179	518234.813	568879.625	547408.938	47.573	48.482	45.754
2016/06/17	7.00	7.19	6.96	7.03	684427.00	484755392	0	6.918	6.907	6.838	6.901	6.537	6.585	684427	578116.625	575027.188	551141.375	49.457	48.807	50.757
2016/06/20	6.98	7.04	6.87	6.97	368665.00	256521152	0	6.962	6.918	6.845	6.901	6.55	6.578	368665	538385	539995.125	541877.938	47.488	48.367	45.728
2016/06/21	7.01	7.09	6.85	6.90	352960.00	245964752	0	6.97	6.929	6.849	6.899	6.563	6.569	352960	529435	523947.188	538315.063	44.992	47.242	40.491
2016/06/22	6.88	6.88	6.73	6.87	444491.00	301966304	0	6.936	6.918	6.839	6.897	6.576	6.559	444491	508344.406	479921.5	526245.5	41.328	45.271	33.442
2016/06/23	6.85	6.86	6.72	6.76	360052.00	243902768	0	6.906	6.898	6.826	6.894	6.588	6.55	360052	442119	480176.906	523886.75	31.552	40.698	13.26
2016/06/24	6.77	6.81	6.45	6.65	471722.00	313452128	0	6.83	6.874	6.82	6.873	6.597	6.542	471722	399578	488847.313	515094.188	29.924	37.106	15.558
2016/06/27	6.63	6.73	6.60	6.72	355516.00	237419504	0	6.78	6.871	6.826	6.853	6.607	6.534	355516	396948.188	467666.594	505691.938	31.949	35.387	25.073
2016/06/28	6.66	6.70	6.51	6.66	572519.00	377675296	0	6.732	6.851	6.826	6.839	6.619	6.526	572519	440860	485147.5	513911.438	30.633	33.802	24.293
2016/06/29	6.67	6.69	6.59	6.66	475163.00	314983808	0	6.69	6.813	6.834	6.823	6.628	6.517	475163	446994.406	477669.406	518564.313	29.881	32.495	24.653
2016/06/30	6.66	6.68	6.57	6.61	354581.00	234271664	0	6.66	6.783	6.828	6.813	6.637	6.508	354581	445900.188	444009.594	506444.594	28.254	31.082	22.599
2016/07/01	6.62	6.65	6.55	6.58	268767.00	177266160	0	6.646	6.738	6.823	6.804	6.644	6.499	268767	405309.188	402443.594	488735.406	25.607	29.257	18.307
2016/07/04	6.55	6.66	6.52	6.66	793330.00	523066272	0	6.634	6.707	6.813	6.799	6.651	6.497	793330	492872	444910.094	492452.594	33.35	30.621	38.809
2016/07/05	6.69	7.06	6.66	6.90	1410303.00	970714240	0	6.682	6.707	6.818	6.801	6.664	6.497	1410303	660428.813	550644.375	537295.813	46.824	36.022	68.427
2016/07/06	6.95	6.96	6.75	6.82	789228.00	538222272	0	6.714	6.702	6.81	6.793	6.676	6.494	789228	723241.813	585118.125	532519.813	51.434	41.16	71.984
2016/07/07	6.74	6.92	6.70	6.82	588678.00	401926656	0	6.756	6.708	6.803	6.787	6.688	6.494	588678	770061.188	607980.688	544078.813	53.078	45.132	68.968
2016/07/08	6.88	6.94	6.71	6.76	741465.00	503861792	0	6.792	6.719	6.797	6.786	6.7	6.49	741465	864600.813	634955	561901.125	50.537	46.934	57.742
2016/07/11	6.75	6.86	6.61	6.73	768436.00	516979072	0	6.806	6.72	6.795	6.79	6.712	6.483	768436	859622	676247	571956.813	46.654	46.84	46.281
2016/07/12	6.71	7.40	6.67	7.40	2701503.00	1919267712	0	6.906	6.794	6.823	6.815	6.734	6.482	2701503	1117862	889145.375	687146.438	64.436	52.706	87.897
2016/07/13	7.31	7.41	7.14	7.17	1578126.00	1144069760	0	6.976	6.845	6.829	6.838	6.749	6.482	1578126	1275641.625	999441.688	738555.563	67.302	57.571	86.764
2016/07/14	7.18	7.22	7.03	7.10	784209.00	555612352	0	7.032	6.894	6.839	6.85	6.764	6.481	784209	1314747.75	1042404.5	743207.063	66.591	60.578	78.617
2016/07/15	7.12	7.20	7.03	7.14	628615.00	447309344	0	7.108	6.95	6.844	6.865	6.78	6.484	628615	1292177.75	1078389.25	740416.438	66.477	62.544	74.343
2016/07/18	7.09	7.19	7.04	7.10	662585.00	471410112	0	7.182	6.994	6.851	6.873	6.792	6.486	662585	1271007.625	1065314.75	755112.438	64.735	63.274	67.656
2016/07/19	7.06	7.08	6.86	6.95	804191.00	558187776	0	7.092	6.999	6.853	6.878	6.797	6.485	804191	891545.188	1004703.625	777674	57.323	61.291	49.388
2016/07/20	6.93	7.03	6.91	6.95	359704.00	250779440	0	7.048	7.012	6.857	6.877	6.808	6.482	359704	647860.813	961751.188	773434.625	52.382	58.321	40.504
2016/07/21	6.97	7.04	6.93	6.95	375653.00	262391760	0	7.018	7.025	6.866	6.877	6.822	6.481	375653	566149.625	940448.688	774214.688	49.088	55.243	36.777
2016/07/22	6.97	6.99	6.80	6.85	530367.00	364462880	0	6.96	7.034	6.877	6.876	6.834	6.479	530367	546500	919338.875	777146.938	40.833	50.44	21.62
2016/07/25	6.83	6.87	6.78	6.84	235965.00	161177696	0	6.908	7.045	6.883	6.879	6.846	6.478	235965	461176	866091.813	771169.375	30.397	43.759	3.673
2016/07/26	6.85	7.01	6.84	6.98	612193.00	425306688	0	6.914	7.003	6.898	6.883	6.86	6.481	612193	422776.406	657160.813	773153.125	35.416	40.978	24.292
2016/07/27	6.99	7.06	6.67	6.89	883198.00	606450816	0	6.902	6.975	6.91	6.878	6.873	6.486	883198	527475.188	587668	793554.875	37.447	39.801	32.739
2016/07/28	6.81	7.25	6.78	7.01	1093822.00	768999936	0	6.914	6.966	6.93	6.881	6.886	6.495	1093822	671109	618629.313	830516.875	44.505	41.369	50.777
2016/07/29	7.00	7.10	6.92	6.97	569072.00	399124576	0	6.938	6.949	6.95	6.879	6.89	6.502	569072	678850	612675	845532.125	46.911	43.217	54.301
2016/08/01	6.96	7.03	6.76	6.85	437033.00	298740032	0	6.94	6.924	6.959	6.875	6.888	6.51	437033	719063.625	590119.813	827717.313	41.619	42.684	39.489
2016/08/02	6.88	6.92	6.81	6.88	351727.00	241005440	0	6.92	6.917	6.958	6.874	6.887	6.517	351727	666970.375	544873.375	774788.5	39.815	41.728	35.99
2016/08/03	6.91	7.05	6.86	7.05	740695.00	517210400	0	6.952	6.927	6.97	6.88	6.889	6.524	740695	638469.813	582972.5	772361.875	48.382	43.946	57.255
2016/08/04	7.00	7.03	6.88	6.95	473169.00	328360288	0	6.94	6.927	6.976	6.887	6.891	6.531	473169	514339.188	592724.125	766586.375	48.347	45.413	54.215
2016/08/05	6.94	6.94	6.83	6.88	438914.00	301394720	0	6.922	6.93	6.982	6.894	6.884	6.535	438914	488307.594	583578.813	751458.875	44.3	45.042	42.817
2016/08/08	6.87	6.87	6.76	6.86	463977.00	315402912	0	6.924	6.932	6.989	6.899	6.876	6.538	463977	493696.406	606380	736235.875	40.453	43.512	34.334
2016/08/09	6.84	6.89	6.79	6.86	408097.00	279405184	0	6.92	6.92	6.962	6.906	6.872	6.541	408097	504970.406	585970.375	621565.625	33.771	40.265	20.783
2016/08/10	6.85	6.88	6.81	6.82	281918.00	192524496	0	6.874	6.913	6.944	6.911	6.867	6.542	281918	413215	525842.375	556755.188	28.397	36.309	12.572
2016/08/11	6.83	6.85	6.75	6.76	336553.00	228773504	0	6.836	6.888	6.927	6.916	6.864	6.545	336553	385891.813	450115.5	534372.375	20.042	30.887	-1.647
2016/08/12	6.73	6.81	6.71	6.81	335685.00	227016592	0	6.822	6.872	6.911	6.924	6.864	6.549	335685	365246	426776.813	519725.906	23.165	28.313	12.87
2016/08/15	6.81	7.02	6.78	6.95	941415.00	652306624	0	6.84	6.882	6.903	6.933	6.866	6.552	941415	460733.594	477215	533667.375	38.973	31.866	53.186
2016/08/16	6.97	7.02	6.91	6.94	618843.00	430403936	0	6.856	6.888	6.903	6.935	6.868	6.557	618843	502882.813	503926.594	524400	49.94	37.891	74.039
2016/08/17	6.94	6.94	6.81	6.89	544892.00	374513312	0	6.87	6.872	6.899	6.937	6.865	6.561	544892	555477.625	484346.313	533659.375	52.648	42.81	72.325
2016/08/18	6.87	6.95	6.83	6.87	427203.00	293125024	0	6.892	6.864	6.896	6.939	6.863	6.569	427203	573607.625	479749.688	536236.875	52.303	45.974	64.961
2016/08/19	6.83	6.86	6.76	6.81	440313.00	299208096	0	6.892	6.857	6.893	6.94	6.863	6.577	440313	594533.188	479889.594	531734.188	45.621	45.857	45.151
2016/08/22	6.81	6.81	6.76	6.77	232564.00	157586304	0	6.856	6.848	6.89	6.942	6.866	6.587	232564	452763	456748.313	531564.125	36.866	42.86	24.878
2016/08/23	6.77	6.81	6.73	6.77	236498.00	160218128	0	6.822	6.839	6.879	6.921	6.868	6.596	236498	376294	439588.406	512779.406	31.029	38.916	15.254
2016/08/24	6.77	6.79	6.72	6.74	206644.00	139544976	0	6.792	6.831	6.872	6.906	6.872	6.604	206644	308644.406	432061	478951.688	23.912	33.915	3.906
2016/08/25	6.73	6.74	6.66	6.70	264771.00	176939632	0	6.758	6.825	6.857	6.893	6.872	6.61	264771	276158	424882.813	437499.156	19.645	29.158	0.618
2016/08/26	6.69	6.73	6.66	6.69	327632.00	219427184	0	6.734	6.813	6.843	6.878	6.872	6.617	327632	253621.797	424077.5	425427.156	15.874	24.73	-1.837
2016/08/29	6.69	6.71	6.66	6.68	202524.00	135321344	0	6.716	6.786	6.834	6.864	6.868	6.623	202524	247613.797	350188.406	413701.688	12.882	20.781	-2.916
2016/08/30	6.69	6.69	6.54	6.57	611568.00	403470112	0	6.676	6.749	6.819	6.851	6.865	6.629	611568	322627.813	349460.906	426693.75	11.027	17.529	-1.978
2016/08/31	6.56	6.57	6.46	6.51	432227.00	280988000	0	6.63	6.711	6.792	6.837	6.857	6.634	432227	367744.406	338194.406	411270.344	11.518	15.526	3.503
2016/09/01	6.51	6.57	6.51	6.52	238977.00	156188128	0	6.594	6.676	6.77	6.822	6.85	6.641	238977	362585.594	319371.813	399560.75	13.393	14.815	10.549
2016/09/02	6.54	6.62	6.50	6.62	331024.00	216864304	0	6.58	6.657	6.757	6.815	6.845	6.649	331024	363264	308442.906	394166.25	24.167	17.932	36.636
2016/09/05	6.62	6.63	6.49	6.53	440738.00	287997536	0	6.55	6.633	6.74	6.804	6.841	6.655	440738	410906.813	329260.313	393004.313	23.182	19.682	30.182
2016/09/06	6.52	6.52	6.42	6.51	392713.00	253970336	0	6.538	6.607	6.723	6.789	6.836	6.661	392713	367135.813	344881.813	392235.094	24.83	21.398	31.693
2016/09/07	6.52	6.52	6.48	6.51	338316.00	219875216	0	6.538	6.584	6.707	6.776	6.827	6.666	338316	348353.594	358049	395055	26.23	23.009	32.674
2016/09/08	6.50	6.56	6.47	6.52	277552.00	180844992	0	6.538	6.566	6.695	6.76	6.82	6.67	277552	356068.594	359327.094	392104.938	28.981	25	36.945
2016/09/09	6.50	6.51	6.43	6.44	363494.00	234858800	0	6.502	6.541	6.677	6.742	6.811	6.674	363494	362562.594	362913.313	393495.406	21.79	23.93	17.51
2016/09/12	6.39	6.39	6.21	6.36	592282.00	372580576	0	6.468	6.509	6.648	6.726	6.8	6.675	592282	392871.406	401889.094	376038.75	26.431	24.764	29.767
2016/09/13	6.35	6.35	6.27	6.32	193260.00	121782664	0	6.43	6.484	6.616	6.707	6.791	6.677	193260	352980.813	360058.313	354759.594	26.351	25.293	28.468
2016/09/14	6.31	6.33	6.24	6.32	201645.00	126926384	0	6.392	6.465	6.588	6.683	6.781	6.679	201645	325646.594	337000.094	337597.25	26.298	25.628	27.637
2016/09/19	6.33	6.35	6.29	6.32	202254.00	127811848	0	6.352	6.445	6.561	6.662	6.774	6.681	202254	310587	333327.813	326349.813	26.262	25.839	27.107
2016/09/20	6.32	6.33	6.24	6.26	207654.00	130162848	0	6.316	6.409	6.533	6.641	6.768	6.682	207654	279419	320990.813	314716.844	22.27	24.649	17.511
2016/09/21	6.26	6.27	6.23	6.25	181896.00	113732960	0	6.294	6.381	6.507	6.621	6.76	6.683	181896	197341.797	295106.594	312183.438	18.656	22.652	10.665
2016/09/22	6.29	6.32	6.26	6.30	312935.00	196748144	0	6.29	6.36	6.484	6.602	6.754	6.686	312935	221276.797	287128.813	316005.313	21.009	22.104	18.818
2016/09/23	6.29	6.29	6.23	6.24	190392.00	119090080	0	6.274	6.333	6.458	6.583	6.747	6.687	190392	219026.203	272336.406	315192.688	17.339	20.516	10.986
2016/09/26	6.24	6.24	6.12	6.13	277721.00	172004032	0	6.236	6.294	6.43	6.562	6.739	6.688	277721	234119.594	272353.313	315840.188	12.794	17.942	2.498
2016/09/27	6.11	6.15	6.02	6.09	313540.00	190642864	0	6.202	6.259	6.4	6.538	6.731	6.687	313540	255296.797	267357.906	315135.594	15.6	17.161	12.478
2016/09/28	6.12	6.17	6.06	6.13	254629.00	156034272	0	6.178	6.236	6.372	6.51	6.722	6.687	254629	269843.406	233592.594	317740.844	21.511	18.611	27.311
2016/09/29	6.09	6.14	6.06	6.13	340093.00	206983376	0	6.144	6.217	6.351	6.483	6.709	6.686	340093	275275	248275.906	304167.094	25.452	20.891	34.573
2016/09/30	6.09	6.23	6.08	6.21	462632.00	286020672	0	6.138	6.206	6.336	6.461	6.699	6.687	462632	329723	274374.594	305687.344	37.398	26.394	59.407
2016/10/10	6.23	6.25	6.16	6.19	494605.00	305634112	0	6.15	6.193	6.319	6.438	6.688	6.688	494605	373099.813	303609.688	318468.75	43.821	32.203	67.057
2016/10/11	6.17	6.23	6.16	6.20	370579.00	229859776	0	6.172	6.187	6.298	6.418	6.679	6.689	370579	384507.594	319902.188	320446.5	49.214	37.873	71.895
2016/10/12	6.18	6.19	6.11	6.16	368316.00	226001952	0	6.178	6.178	6.28	6.397	6.669	6.691	368316	407245	338544.188	316825.406	50.093	41.946	66.387
2016/10/13	6.14	6.19	6.12	6.15	212358.00	130448808	0	6.182	6.163	6.261	6.377	6.649	6.691	212358	381698	328486.5	307807.656	52.236	45.376	65.956
2016/10/14	6.15	6.42	6.13	6.38	737930.00	462923424	0	6.216	6.177	6.255	6.365	6.635	6.693	737930	436757.594	383240.313	327788.344	64.824	51.859	90.754
2016/10/17	6.39	6.39	6.23	6.26	678633.00	426486784	0	6.23	6.19	6.242	6.35	6.622	6.693	678633	473563.188	423331.5	347842.406	61.735	55.151	74.902
2016/10/18	6.25	6.43	6.23	6.39	777153.00	493769664	0	6.268	6.22	6.24	6.34	6.609	6.694	777153	554878	469692.813	368525.344	70.886	60.396	91.867
2016/10/19	6.41	6.74	6.37	6.57	1672019.00	1100767488	0	6.35	6.264	6.25	6.336	6.6	6.696	1672019	815618.625	611431.813	422512.188	72.005	64.266	87.484
2016/10/20	6.50	6.78	6.47	6.74	1607077.00	1070837504	0	6.468	6.325	6.271	6.342	6.597	6.697	1607077	1094562.375	738130.188	493203.063	79.347	69.293	99.454
2016/10/21	6.70	6.74	6.54	6.60	945328.00	627497472	0	6.512	6.364	6.285	6.345	6.591	6.7	945328	1136042	786399.813	530387.188	77.276	71.954	87.92
2016/10/24	6.60	6.70	6.50	6.63	767054.00	506592800	0	6.586	6.408	6.3	6.349	6.586	6.704	767054	1153726.25	813644.688	558627.188	77.388	73.765	84.633
2016/10/25	6.60	6.61	6.44	6.52	643467.00	418167840	0	6.612	6.44	6.313	6.345	6.58	6.707	643467	1126989	840933.5	580417.875	71.794	73.108	69.166
2016/10/26	6.50	6.51	6.39	6.45	491450.00	316494272	0	6.588	6.469	6.324	6.343	6.574	6.71	491450	890875.188	853246.875	595895.563	64.273	70.163	52.493
2016/10/27	6.43	6.44	6.34	6.35	472424.00	301009696	0	6.51	6.489	6.326	6.337	6.563	6.711	472424	663944.625	879253.5	603870	50.121	63.482	23.399
2016/10/28	6.41	6.42	6.30	6.30	401052.00	254854208	0	6.45	6.481	6.329	6.33	6.553	6.713	401052	555089.375	845565.688	614403	37.657	54.874	3.222
2016/10/31	6.31	6.34	6.25	6.32	262180.00	165264432	0	6.388	6.487	6.339	6.324	6.542	6.714	262180	454114.594	803920.375	613625.938	29.507	46.418	-4.316
2016/11/01	6.34	6.37	6.32	6.36	247583.00	156977840	0	6.356	6.484	6.352	6.321	6.531	6.711	247583	374937.813	750963.375	610328.125	26.59	39.809	0.151
2016/11/02	6.37	6.39	6.28	6.30	318796.00	202151392	0	6.326	6.457	6.36	6.319	6.522	6.705	318796	340407	615641.125	613536.438	21.128	33.582	-3.78
2016/11/03	6.29	6.47	6.26	6.41	536336.00	342340896	0	6.338	6.424	6.374	6.322	6.515	6.701	536336	353189.406	508567	623348.625	25.937	31.033	15.744
2016/11/04	6.39	6.43	6.35	6.36	322050.00	205669648	0	6.35	6.4	6.382	6.323	6.503	6.696	322050	337389	446239.188	616319.5	27.477	29.848	22.734
2016/11/07	6.35	6.37	6.32	6.33	212783.00	134999824	0	6.352	6.37	6.389	6.324	6.493	6.692	212783	327509.594	390812.094	602228.375	28.574	29.423	26.876
2016/11/08	6.35	6.37	6.30	6.33	194667.00	123234048	0	6.346	6.351	6.396	6.326	6.484	6.683	194667	316926.406	345932.094	593432.813	31.171	30.006	33.5
2016/11/09	6.33	6.34	6.19	6.25	388416.00	242729888	0	6.336	6.331	6.4	6.326	6.473	6.675	388416	330850.406	335628.688	594437.813	27.923	29.312	25.147
2016/11/10	6.25	6.39	6.25	6.35	478725.00	302334208	0	6.324	6.331	6.41	6.328	6.465	6.668	478725	319328.188	336258.813	607756.125	37.663	32.095	48.799
2016/11/11	6.31	6.43	6.28	6.38	512239.00	325138976	0	6.328	6.339	6.41	6.332	6.457	6.662	512239	357366	347377.5	596471.625	47.728	37.306	68.571
2016/11/14	6.44	6.65	6.39	6.59	1320552.00	860427904	0	6.38	6.366	6.426	6.348	6.455	6.66	1320552	578919.813	453214.688	628567.563	60.804	45.139	92.135
2016/11/15	6.59	6.74	6.50	6.54	1161326.00	765852928	0	6.422	6.384	6.434	6.363	6.45	6.657	1161326	772251.625	544589	647776.188	61.748	50.675	83.894
2016/11/16	6.52	6.62	6.42	6.55	720325.00	467664736	0	6.482	6.409	6.433	6.377	6.444	6.655	720325	838633.375	584741.875	600191.5	62.984	54.778	79.395
2016/11/17	6.53	6.65	6.46	6.61	904971.00	594570368	0	6.534	6.429	6.426	6.393	6.438	6.653	904971	923882.625	621605.375	565086.188	67.444	59	84.331
2016/11/18	6.57	6.57	6.44	6.46	541360.00	351451136	0	6.55	6.439	6.419	6.401	6.431	6.648	541360	929706.813	643536.375	544887.813	61.326	59.775	64.428
2016/11/21	6.42	6.52	6.39	6.46	386179.00	249585872	0	6.524	6.452	6.411	6.41	6.424	6.643	386179	742832.188	660876	525844.063	57.248	58.933	53.878
2016/11/22	6.49	6.57	6.42	6.54	796194.00	518621440	0	6.524	6.473	6.412	6.421	6.419	6.641	796194	669805.813	721028.688	533480.375	57.893	58.586	56.507
2016/11/23	6.54	6.56	6.47	6.49	445376.00	290191424	0	6.512	6.497	6.414	6.432	6.415	6.64	445376	614816	726724.688	531176.688	53.813	56.995	47.448
2016/11/24	6.49	6.54	6.44	6.50	412622.00	267631104	0	6.49	6.512	6.422	6.444	6.41	6.639	412622	516346.188	720114.375	528186.625	46.351	53.447	32.16
2016/11/25	6.48	6.54	6.40	6.50	714630.00	460487584	0	6.498	6.524	6.431	6.448	6.406	6.639	714630	551000.188	740353.5	543865.5	41.377	49.424	25.284
2016/11/28	6.50	6.58	6.46	6.58	942186.00	615470976	0	6.522	6.523	6.444	6.459	6.404	6.638	942186	662201.625	702516.875	577865.813	51.944	50.264	55.304
2016/11/29	6.53	6.75	6.53	6.64	1556669.00	1034417536	0	6.542	6.533	6.458	6.467	6.404	6.637	1556669	814296.625	742051.188	643320.125	57.777	52.768	67.795
2016/11/30	6.62	6.68	6.54	6.62	826886.00	545361280	0	6.568	6.54	6.475	6.469	6.403	6.635	826886	890598.625	752707.313	668724.625	59.814	55.117	69.209
2016/12/01	6.55	6.87	6.51	6.77	1811687.00	1215048576	0	6.622	6.556	6.492	6.47	6.406	6.635	1811687	1170411.625	843378.875	732492.125	66.265	58.833	81.129
2016/12/02	6.85	7.06	6.73	6.74	2390627.00	1652020480	0	6.67	6.584	6.511	6.474	6.41	6.633	2390627	1505611	1028305.625	835921	61.349	59.672	64.702
2016/12/05	6.68	7.07	6.63	6.90	2120261.00	1463079424	0	6.734	6.628	6.54	6.483	6.416	6.633	2120261	1741226	1201713.75	931294.875	65.775	61.706	73.912
2016/12/06	6.88	6.90	6.65	6.69	1076018.00	725810944	0	6.744	6.643	6.558	6.489	6.417	6.631	1076018	1645095.75	1229696.25	975362.438	58.278	60.563	53.707
2016/12/07	6.64	6.68	6.53	6.61	758842.00	499107360	0	6.742	6.655	6.576	6.494	6.418	6.63	758842	1631487	1261042.75	993883.75	49.3	56.809	34.281
2016/12/08	6.60	6.81	6.56	6.67	1127502.00	755648896	0	6.722	6.672	6.592	6.505	6.421	6.628	1127502	1494650	1332530.75	1026322.625	44.342	52.653	27.719
2016/12/09	6.60	6.67	6.50	6.61	991156.00	650741312	0	6.696	6.683	6.603	6.515	6.423	6.625	991156	1214755.75	1360183.375	1050268.5	35.994	47.1	13.782
2016/12/12	6.59	6.59	6.32	6.46	1039434.00	670653568	0	6.608	6.671	6.597	6.52	6.422	6.621	1039434	998590.375	1369908.25	1036212.563	30.218	41.473	7.709
2016/12/13	6.39	6.55	6.26	6.45	678313.00	434814112	0	6.56	6.652	6.593	6.523	6.422	6.616	678313	919049.375	1282072.625	1012061.875	27.964	36.97	9.953
2016/12/14	6.40	6.44	6.28	6.29	545848.00	346933120	0	6.496	6.619	6.58	6.523	6.421	6.611	545848	876450.625	1253968.75	1003338.063	19.877	31.272	-2.912
2016/12/15	6.23	6.36	6.19	6.23	642361.00	402151904	0	6.408	6.565	6.561	6.517	6.419	6.605	642361	779422.375	1137036.25	990207.563	14.767	25.771	-7.241
2016/12/16	6.23	6.28	6.14	6.18	536179.00	332453152	0	6.322	6.509	6.547	6.511	6.417	6.599	536179	688427	951591.375	989948.5	11.599	21.047	-7.297
2016/12/19	6.18	6.41	6.18	6.32	862249.00	544701056	0	6.294	6.451	6.539	6.51	6.417	6.596	862249	652990	825790.188	1013752	16.688	19.594	10.876
2016/12/20	6.28	6.31	6.18	6.27	560050.00	348159232	0	6.258	6.409	6.526	6.508	6.417	6.592	560050	629337.375	774193.375	1001944.813	17.593	18.927	14.925
2016/12/21	6.39	6.90	6.34	6.90	3091334.00	2088498304	0	6.38	6.438	6.547	6.53	6.428	6.594	3091334	1138434.625	1007442.625	1134242.75	45.062	27.639	79.909
2016/12/22	7.01	7.33	7.01	7.20	4533260.00	3252177408	0	6.574	6.491	6.582	6.558	6.443	6.598	4533260	1916614.375	1348018.375	1340274.625	59.733	38.337	102.526
2016/12/23	7.18	7.59	7.12	7.49	4268999.00	3135715328	0	6.836	6.579	6.631	6.595	6.464	6.605	4268999	2663178.5	1675802.75	1517993	70.857	49.177	114.216
2016/12/26	7.34	7.56	7.30	7.47	2538707.00	1881353472	0	7.066	6.68	6.675	6.625	6.486	6.613	2538707	2998470	1825730	1597819.125	77.812	58.722	115.993
2016/12/27	7.42	7.45	7.24	7.33	2214166.00	1622148096	0	7.278	6.768	6.71	6.651	6.507	6.619	2214166	3329293.25	1979315.25	1630694	79.231	65.558	106.577
2016/12/28	7.30	7.36	7.16	7.29	2107485.00	1527866368	0	7.356	6.868	6.743	6.676	6.526	6.624	2107485	3132523.5	2135479	1694723.875	79.258	70.125	97.523
2016/12/29	7.21	7.32	7.19	7.21	1398834.00	1013927232	0	7.358	6.966	6.766	6.696	6.544	6.627	1398834	2505638.25	2211126.25	1674081.25	77.188	72.479	86.606
2016/12/30	7.27	7.34	7.02	7.07	2013555.00	1445873792	0	7.274	7.055	6.782	6.716	6.558	6.629	2013555	2054549.375	2358864	1655227.625	72.499	72.486	72.525
2017/01/03	7.08	7.19	7.03	7.14	1495398.00	1066808832	0	7.208	7.137	6.794	6.739	6.574	6.631	1495398	1845887.625	2422178.75	1623984.5	69.666	71.546	65.906
2017/01/04	7.14	7.29	7.11	7.20	1615648.00	1164113536	0	7.182	7.23	6.819	6.761	6.591	6.635	1615648	1726184	2527738.5	1650966	57.364	66.818	38.454
2017/01/05	7.23	7.36	7.15	7.35	2282935.00	1657939456	0	7.194	7.275	6.857	6.789	6.611	6.64	2282935	1761274	2446898.75	1727170.625	57.541	63.726	45.17
2017/01/06	7.31	7.39	7.21	7.23	1633569.00	1191696128	0	7.198	7.278	6.885	6.814	6.629	6.639	1633569	1808221	2156929.5	1752474	51.323	59.592	34.787
2017/01/09	7.19	7.52	7.10	7.42	2068653.00	1510240384	0	7.268	7.271	6.925	6.844	6.646	6.641	2068653	1819240.625	1936895	1806348.875	60.882	60.022	62.603
2017/01/10	7.35	7.75	7.31	7.41	3257313.00	2448252416	0	7.322	7.265	6.972	6.872	6.665	6.643	3257313	2171623.5	2008755.625	1917242.75	58.396	59.48	56.229
2017/01/11	7.28	7.31	7.02	7.08	2037127.00	1462158976	0	7.298	7.24	7.004	6.887	6.677	6.643	2037127	2255919.5	1991051.75	1985183.5	41.671	53.544	17.925
2017/01/12	7.07	7.11	6.91	6.92	1228677.00	858774784	0	7.212	7.203	7.036	6.897	6.683	6.641	1228677	2045067.75	1903170.875	2019325	28.177	45.088	-5.644
2017/01/13	6.90	7.00	6.87	6.92	846297.00	586408448	0	7.15	7.174	7.07	6.902	6.686	6.641	846297	1887613.375	1847917.25	2029521.75	20.679	36.952	-11.867
2017/01/16	6.88	6.99	6.67	6.93	1343137.00	917837184	0	7.052	7.16	7.108	6.908	6.691	6.641	1343137	1742510.25	1780875.375	2069869.625	21.811	31.905	1.622
2017/01/17	6.86	6.91	6.80	6.88	690671.00	473486816	0	6.946	7.134	7.135	6.907	6.695	6.64	690671	1229181.75	1700402.75	2061290.75	21.022	28.277	6.511
2017/01/18	6.88	7.01	6.88	6.89	866796.00	601110016	0	6.908	7.103	7.167	6.914	6.701	6.641	866796	995115.625	1625517.5	2076628	20.805	25.786	10.842
2017/01/19	6.91	6.91	6.76	6.78	640115.00	437099360	0	6.88	7.046	7.161	6.92	6.707	6.64	640115	877403.188	1461235.5	1954067.125	17.265	22.946	5.903
2017/01/20	6.76	6.86	6.75	6.83	483831.00	330528576	0	6.862	7.006	7.142	6.925	6.715	6.639	483831	804910	1346261.75	1751595.625	16.448	20.78	7.785
2017/01/23	6.83	6.94	6.82	6.89	655355.00	451212000	0	6.854	6.953	7.112	6.934	6.725	6.639	655355	667353.625	1204931.875	1570913.5	22.424	21.328	24.616
2017/01/24	6.88	6.93	6.82	6.87	455935.00	313203648	0	6.852	6.899	7.082	6.948	6.734	6.638	455935	620406.375	924794.125	1466774.875	30.101	24.252	41.798
2017/01/25	6.85	6.99	6.84	6.99	821833.00	570206400	0	6.872	6.89	7.065	6.966	6.745	6.638	821833	611413.813	803264.688	1397158.25	51.44	33.315	87.69
2017/01/26	6.99	6.99	6.87	6.89	827637.00	573120192	0	6.894	6.887	7.045	6.986	6.754	6.638	827637	648918.188	763160.688	1333165.75	55.862	40.83	85.924
2017/02/03	6.90	6.95	6.86	6.88	424586.00	292887104	0	6.904	6.883	7.029	7.008	6.762	6.638	424586	637069.188	720989.625	1284453.375	53.908	45.189	71.344
2017/02/06	6.86	6.90	6.79	6.86	689388.00	470908608	0	6.898	6.876	7.018	7.03	6.771	6.637	689388	643875.813	655614.688	1218245	50.041	46.807	56.51
2017/02/07	6.85	6.92	6.83	6.91	628708.00	432296448	0	6.906	6.879	7.006	7.05	6.78	6.636	628708	678430.375	649418.375	1174910.5	55.583	49.732	67.285
2017/02/08	6.91	7.04	6.88	7.00	1338108.00	932415872	0	6.908	6.89	6.997	7.074	6.791	6.637	1338108	781685.375	696549.625	1161033.5	65.791	55.085	87.203
2017/02/09	6.98	7.06	6.95	7.02	938586.00	657087488	0	6.934	6.914	6.98	7.078	6.804	6.639	938586	803875.188	726396.688	1093816.125	72.256	60.809	95.15
2017/02/10	6.99	7.11	6.98	7.09	1210294.00	853802240	0	6.976	6.94	6.973	7.075	6.817	6.641	1210294	961016.813	799043	1072652.375	79.42	67.013	104.236
2017/02/13	7.07	7.14	7.04	7.08	903603.00	639520640	0	7.02	6.959	6.956	7.061	6.828	6.643	903603	1003859.813	823867.813	1014399.875	80.566	71.53	98.637
2017/02/14	7.09	7.15	7.03	7.05	735932.00	520324096	0	7.048	6.977	6.938	7.047	6.836	6.645	735932	1025304.625	851867.5	888330.813	77.785	73.615	86.124
2017/02/15	7.05	7.24	7.01	7.03	1604612.00	1140667904	0	7.054	6.981	6.936	7.037	6.844	6.647	1604612	1078605.375	930145.375	866705.063	69.634	72.288	64.327
2017/02/16	7.00	7.11	6.97	7.06	1020181.00	717622976	0	7.062	6.998	6.943	7.029	6.852	6.648	1020181	1094924.375	949399.813	856280.25	66.423	70.333	58.602
2017/02/17	7.05	7.10	6.87	6.89	1017124.00	710189568	0	7.022	6.999	6.941	7.019	6.857	6.648	1017124	1056290.375	1008653.625	864821.625	49.16	63.275	20.929
2017/02/20	6.89	7.06	6.87	7.04	1119489.00	783713088	0	7.014	7.017	6.946	7.018	6.867	6.649	1119489	1099467.625	1051663.75	853639.188	48.089	58.213	27.84
2017/02/21	7.04	7.12	6.99	7.04	896280.00	631384384	0	7.012	7.03	6.955	7.014	6.877	6.65	896280	1131537.25	1078420.875	863919.625	47.374	54.6	32.923
2017/02/22	7.04	7.10	7.01	7.06	733411.00	517274080	0	7.018	7.036	6.963	7.01	6.885	6.652	733411	957297	1017951.188	857250.375	48.7	52.634	40.833
2017/02/23	7.07	7.10	6.94	6.98	698341.00	490131360	0	7.002	7.032	6.973	6.997	6.893	6.654	698341	892929	993926.688	860161.688	42.377	49.215	28.701
2017/02/24	6.97	7.61	6.94	7.39	3194255.00	2317454592	0	7.102	7.062	7.001	7.003	6.908	6.659	3194255	1328355.25	1192322.75	995682.875	51.675	50.035	54.954
2017/02/27	7.16	7.22	7.12	7.12	1776042.00	1272592640	0	7.118	7.066	7.012	6.993	6.918	6.662	1776042	1459665.75	1279566.75	1051717.25	45.711	48.593	39.946
2017/02/28	7.10	7.14	7.06	7.11	878879.00	623787904	0	7.132	7.072	7.024	6.983	6.927	6.666	878879	1456185.625	1293861.375	1072864.5	41.285	46.157	31.54
2017/03/01	7.11	7.25	7.08	7.14	1413277.00	1014904896	0	7.148	7.083	7.032	6.985	6.936	6.67	1413277	1592158.75	1274727.875	1102436.625	39.685	44	31.056
2017/03/02	7.13	7.17	7.04	7.05	794422.00	564146752	0	7.162	7.082	7.04	6.989	6.943	6.673	794422	1611375	1252152	1100775.875	34.565	40.855	21.985
2017/03/03	7.03	7.05	6.98	7.04	649548.00	455098656	0	7.092	7.097	7.048	6.993	6.947	6.677	649548	1102433.625	1215394.375	1112024	28.018	36.576	10.903
2017/03/06	7.05	7.15	7.01	7.13	762274.00	539283648	0	7.094	7.106	7.062	7	6.954	6.682	762274	899680	1179672.875	1115668.25	28.132	33.761	16.873
2017/03/07	7.14	7.19	7.03	7.06	857888.00	609287488	0	7.084	7.108	7.069	7.006	6.957	6.686	857888	895481.813	1175833.75	1127127.25	24.725	30.749	12.676
2017/03/08	7.05	7.25	7.00	7.15	1490396.00	1063578176	0	7.086	7.117	7.076	7.014	6.964	6.691	1490396	910905.625	1251532.25	1134741.75	26.931	29.476	21.84
2017/03/09	7.13	7.25	7.10	7.17	1480280.00	1061900032	0	7.11	7.136	7.084	7.027	6.973	6.696	1480280	1048077.188	1329726.125	1161826.375	41.411	33.454	57.323
2017/03/10	7.21	7.37	7.17	7.18	1611454.00	1170197760	0	7.138	7.115	7.089	7.039	6.982	6.702	1611454	1240458.375	1171446	1181884.375	44.701	37.203	59.697
2017/03/13	7.15	7.31	7.03	7.26	1608976.00	1154189440	0	7.164	7.129	7.097	7.051	6.993	6.708	1608976	1409798.75	1154739.375	1217153	53.732	42.713	75.771
2017/03/14	7.24	7.33	7.21	7.27	1111339.00	807904000	0	7.206	7.145	7.109	7.065	7.006	6.714	1111339	1460489	1177985.375	1235923.375	60.608	48.678	84.468
2017/03/15	7.26	7.38	7.23	7.28	1286784.00	940254464	0	7.232	7.159	7.121	7.074	7.02	6.721	1286784	1419766.625	1165336.125	1220032	65.405	54.254	87.708
2017/03/16	7.34	7.42	7.28	7.32	1216580.00	891089600	0	7.262	7.186	7.134	7.089	7.037	6.729	1216580	1367026.625	1207551.875	1229852	69	59.169	88.662
2017/03/17	7.32	7.32	7.12	7.17	1148165.00	829933696	0	7.26	7.199	7.148	7.098	7.053	6.736	1148165	1274368.75	1257413.625	1236404	59.492	59.277	59.923
2017/03/20	7.16	7.19	7.08	7.16	657563.00	469190720	0	7.24	7.202	7.154	7.108	7.069	6.743	657563	1084086.25	1246942.5	1213307.75	52.36	56.971	43.137
2017/03/21	7.16	7.16	7.09	7.12	613851.00	436897472	0	7.21	7.208	7.158	7.115	7.083	6.75	613851	984588.625	1222538.75	1199186.25	42.599	52.181	23.436
2017/03/22	7.08	7.11	7.00	7.09	1312337.00	926672000	0	7.172	7.202	7.16	7.118	7.096	6.757	1312337	989699.188	1204732.875	1228132.5	35.542	46.634	13.358
2017/03/23	7.18	7.30	7.12	7.22	1759661.00	1270439040	0	7.152	7.207	7.172	7.125	7.102	6.765	1759661	1098315.375	1232671	1281198.5	41.155	44.808	33.849
2017/03/24	7.21	7.33	7.14	7.29	1398364.00	1012021696	0	7.176	7.218	7.167	7.132	7.103	6.773	1398364	1148355.25	1211362	1191404	50.453	46.689	57.979
2017/03/27	7.31	7.39	7.24	7.30	1192900.00	872303616	0	7.204	7.222	7.175	7.139	7.1	6.782	1192900	1255422.625	1169754.375	1162246.875	57.445	50.275	71.785
2017/03/28	7.32	7.36	7.10	7.15	1138313.00	820111872	0	7.21	7.21	7.178	7.142	7.095	6.79	1138313	1360315	1172451.75	1175218.625	50.201	50.25	50.103
2017/03/29	7.16	7.29	7.11	7.19	1122146.00	809444864	0	7.23	7.201	7.18	7.148	7.092	6.8	1122146	1322276.75	1155988	1160662	49.707	50.069	48.982
2017/03/30	7.18	7.18	6.95	7.04	1607107.00	1133669504	0	7.194	7.173	7.18	7.147	7.088	6.807	1607107	1291766	1195040.75	1201296.25	39.956	46.698	26.472
2017/03/31	6.96	7.00	6.85	6.87	1225677.00	846583808	0	7.11	7.143	7.171	7.146	7.082	6.813	1225677	1257228.625	1202791.875	1230102.75	27.872	40.423	2.771
2017/04/05	6.89	7.04	6.83	7.02	1136440.00	788335232	0	7.054	7.129	7.166	7.146	7.082	6.82	1136440	1245936.625	1250679.625	1248811	29.891	36.912	15.848
2017/04/06	7.05	7.15	7.02	7.10	1167503.00	828061504	0	7.044	7.127	7.168	7.148	7.081	6.828	1167503	1251774.625	1306044.75	1264291.75	35.999	36.608	34.781
2017/04/07	7.06	7.35	7.05	7.18	2003213.00	1448735744	0	7.042	7.136	7.169	7.152	7.081	6.836	2003213	1427988	1375132.375	1289932.625	44.832	39.349	55.799
2017/04/10	7.15	7.34	7.08	7.26	1548588.00	1119072512	0	7.086	7.14	7.174	7.161	7.079	6.845	1548588	1416284.25	1354025.125	1293348	55.484	44.727	76.996
2017/04/11	7.21	7.30	7.13	7.29	1179974.00	851160704	0	7.17	7.14	7.179	7.158	7.08	6.854	1179974	1407143.625	1332186.125	1271774	65.92	51.791	94.177
2017/04/12	7.24	7.25	7.11	7.16	899242.00	644978304	0	7.198	7.126	7.174	7.159	7.076	6.861	899242	1359704	1302820.25	1236287.375	65.1	56.228	82.846
2017/04/13	7.15	7.27	7.11	7.24	888840.00	641717376	0	7.226	7.135	7.173	7.163	7.073	6.869	888840	1303971.375	1277873	1225162.375	69.682	60.713	87.622
2017/04/14	7.25	7.27	7.10	7.15	934221.00	670344832	0	7.22	7.131	7.166	7.164	7.074	6.876	934221	1090173	1259080.5	1207534.25	66.968	62.798	75.308
2017/04/17	7.12	7.15	7.05	7.09	477937.00	338759776	0	7.186	7.136	7.155	7.165	7.077	6.88	477937	876042.813	1146163.5	1170602.125	61.312	62.302	59.331
2017/04/18	7.10	7.13	6.95	6.99	554259.00	390417408	0	7.126	7.148	7.146	7.163	7.078	6.882	554259	750899.813	1079021.75	1140906.75	44.208	56.271	20.082
2017/04/19	6.95	6.99	6.81	6.93	708108.00	488560096	0	7.08	7.139	7.134	7.157	7.078	6.885	708108	712673	1036188.5	1143434	36.879	49.807	11.024
2017/04/20	6.90	6.94	6.84	6.94	422764.00	291442752	0	7.02	7.123	7.125	7.153	7.079	6.887	422764	619457.813	961714.625	1133879.75	32.762	44.125	10.036
2017/04/21	6.94	6.98	6.87	6.97	523684.00	362768384	0	6.984	7.102	7.119	7.147	7.081	6.891	523684	537350.375	813761.688	1094447	32.726	40.326	17.526
2017/04/24	6.95	6.96	6.66	6.79	753888.00	509563072	0	6.924	7.055	7.097	7.134	7.081	6.894	753888	592540.625	734291.688	1044158.375	28.921	36.524	13.715
2017/04/25	6.76	6.77	6.68	6.70	342090.00	229788544	0	6.866	6.996	7.068	7.118	7.078	6.897	342090	550106.813	650503.313	991344.688	21.467	31.505	1.39
2017/04/26	6.70	6.73	6.50	6.51	716101.00	471256512	0	6.782	6.931	7.029	7.093	7.072	6.898	716101	551705.375	632189.188	967504.75	14.744	25.918	-7.604
2017/04/27	6.49	6.60	6.45	6.59	611262.00	400063040	0	6.712	6.866	7	7.07	7.068	6.901	611262	589405	604431.375	941152.188	16.496	22.777	3.933
