'600198'	大唐电信	日线
日期	开盘	最高	最低	收盘	成交量	成交额	成交笔数	MA1	MA2	MA3	MA4	MA5	MA6		MA1	MA2	MA3	K	D	J
2014/12/29	16.65	16.75	16.00	16.52	59176.00	96287728	0	16.512	16.852	17.145	17.054	17.242	16.483	59176	53990.199	87243.102	120384.25	27.218	31.211	19.232
2014/12/30	16.33	16.40	16.00	16.34	52947.00	85677192	0	16.51	16.703	17.122	17.045	17.209	16.492	52947	52894.199	83201.203	119376.297	25.406	29.276	17.666
2014/12/31	16.49	16.49	16.03	16.37	42010.00	68263136	0	16.508	16.556	17.079	17.03	17.175	16.502	42010	52131.801	75103.5	114542.5	29.471	29.341	29.73
2015/01/05	16.39	16.80	16.07	16.59	66104.00	108484880	0	16.496	16.508	17.048	17.025	17.139	16.518	66104	56359.602	64343	109743.648	41.977	33.553	58.826
2015/01/06	16.76	16.98	16.40	16.82	73565.00	123144512	0	16.528	16.497	17.042	17.029	17.112	16.54	73565	58760.398	60692.199	106136.102	55.876	40.994	85.64
2015/01/07	16.80	16.80	16.55	16.61	39022.00	64972980	0	16.546	16.529	17.013	17.022	17.091	16.56	39022	54729.602	54359.898	99677.148	57.999	46.662	80.672
2015/01/08	16.58	16.82	16.49	16.62	38641.00	64337672	0	16.602	16.556	16.983	17.003	17.077	16.581	38641	51868.398	52381.301	89068.852	59.754	51.026	77.211
2015/01/09	16.62	16.92	16.46	16.55	46574.00	77705112	0	16.638	16.573	16.93	16.986	17.054	16.604	46574	52781.199	52456.5	83436.352	58.544	53.532	68.567
2015/01/12	16.47	16.48	16.02	16.08	43356.00	70127448	0	16.536	16.516	16.848	16.962	17.033	16.622	43356	48231.602	52295.602	80684.602	41.75	49.605	26.041
2015/01/13	16.08	17.55	16.03	16.75	82940.00	139918912	0	16.522	16.525	16.774	16.945	17.031	16.646	82940	50106.602	54433.5	73966.398	43.963	47.724	36.439
2015/01/14	16.71	17.15	16.65	16.74	54099.00	91318192	0	16.548	16.547	16.7	16.945	17.024	16.67	54099	53122	53925.801	70584.453	44.995	46.814	41.355
2015/01/15	16.70	17.15	16.57	16.60	41424.00	69572616	0	16.544	16.573	16.638	16.939	17.01	16.693	41424	53678.602	52773.5	67987.352	42.633	45.42	37.057
2015/01/16	16.61	17.09	16.55	16.99	74079.00	125342144	0	16.632	16.635	16.596	16.931	17.008	16.718	74079	59179.602	55980.398	65541.953	49.555	46.798	55.067
2015/01/19	16.70	16.96	16.00	16.29	67242.00	110895928	0	16.674	16.605	16.556	16.9	16.992	16.739	67242	63956.801	56094.199	60218.602	39.273	44.29	29.239
2015/01/20	16.50	17.16	16.31	16.98	100077.00	169206304	0	16.72	16.621	16.559	16.902	16.986	16.767	100077	67384.203	58745.398	59718.801	47.257	45.279	51.214
2015/01/21	17.10	17.46	17.04	17.29	111339.00	191890032	0	16.83	16.689	16.609	16.905	16.985	16.798	111339	78832.203	65977.102	60168.5	59.247	49.935	77.87
2015/01/22	17.29	17.98	17.21	17.78	152220.00	268932096	0	17.066	16.805	16.681	16.924	16.988	16.83	152220	100991.398	77335	64858.148	69.464	56.445	95.503
2015/01/23	17.77	17.85	17.25	17.31	83145.00	145443760	0	17.13	16.881	16.727	16.913	16.983	16.857	83145	102804.602	80992.102	66724.297	68.363	60.418	84.255
2015/01/26	17.40	17.85	17.33	17.80	85271.00	150591184	0	17.432	17.053	16.785	16.916	16.98	16.888	85271	106410.398	85183.602	68739.602	75.879	65.571	96.493
2015/01/27	17.90	18.28	17.63	17.99	139030.00	250569408	0	17.634	17.177	16.851	16.909	16.978	16.918	139030	114201	90792.602	72613.047	79.679	70.274	98.49
2015/01/28	17.81	18.43	17.71	17.86	118432.00	215178496	0	17.748	17.289	16.918	16.896	16.98	16.95	118432	115619.602	97225.898	75575.852	78.634	73.061	89.781
2015/01/29	17.82	17.92	17.38	17.65	74598.00	131651520	0	17.722	17.394	16.983	16.89	16.984	16.979	74598	100095.203	100543.297	76658.398	75.056	73.726	77.717
2015/01/30	17.63	17.79	17.15	17.19	64010.00	111663608	0	17.698	17.414	17.024	16.868	16.983	17.001	64010	96268.203	99536.398	77758.398	63.874	70.442	50.738
2015/02/02	16.81	17.20	16.80	16.92	38390.00	64992572	0	17.522	17.477	17.041	16.863	16.971	17.018	38390	86892	96651.203	76372.703	45.037	61.974	11.163
2015/02/03	17.13	18.06	16.97	17.95	122090.00	216030976	0	17.514	17.574	17.097	16.897	16.981	17.046	122090	83504	98852.5	78798.953	53.542	59.163	42.3
2015/02/04	18.08	18.38	17.78	17.86	83515.00	150513152	0	17.514	17.631	17.16	16.95	16.993	17.074	83515	76520.602	96070.102	81023.602	57.371	58.566	54.983
2015/02/05	18.01	18.45	17.60	18.10	181029.00	328597440	0	17.604	17.663	17.234	17.008	17.022	17.103	181029	97806.797	98951	88143	64.51	60.547	72.436
2015/02/06	17.91	18.78	17.91	18.21	183439.00	337686592	0	17.808	17.753	17.317	17.069	17.049	17.132	183439	121692.602	108980.398	94986.25	66.744	62.613	75.007
2015/02/09	18.23	18.23	17.61	17.68	79656.00	142038208	0	17.96	17.741	17.397	17.103	17.074	17.158	79656	129945.797	108418.898	96801.25	59.311	61.512	54.908
2015/02/10	18.06	18.70	17.56	18.64	149549.00	272750176	0	18.098	17.806	17.492	17.169	17.11	17.194	149549	135437.594	109470.797	100131.703	70.517	64.514	82.523
2015/02/11	18.66	19.11	18.48	18.80	183278.00	344901504	0	18.286	17.9	17.594	17.245	17.15	17.228	183278	155390.203	115955.398	106590.648	75.871	68.3	91.015
2015/02/12	18.81	20.20	18.74	19.21	314645.00	608700672	0	18.508	18.056	17.725	17.341	17.193	17.261	314645	182113.406	139960.094	120251.703	74.208	70.269	82.087
2015/02/13	19.01	19.25	18.84	18.97	213155.00	406135296	0	18.66	18.234	17.824	17.428	17.229	17.292	213155	188056.594	154874.594	127205.5	70.112	70.217	69.902
2015/02/16	19.10	20.01	19.10	19.97	217316.00	427032704	0	19.118	18.539	18.008	17.54	17.283	17.331	217316	215588.594	172767.203	134709.203	77.171	72.535	86.442
2015/02/17	19.95	19.99	19.50	19.58	137946.00	271063776	0	19.306	18.702	18.138	17.632	17.331	17.362	137946	213268	174352.797	136602.656	76.952	74.007	82.842
2015/02/25	19.66	20.48	19.00	19.16	153659.00	303161536	0	19.378	18.832	18.232	17.717	17.369	17.383	153659	207344.203	181367.203	138718.656	69.566	72.527	63.645
2015/02/26	19.20	19.33	18.74	19.13	122728.00	233103184	0	19.362	18.935	18.299	17.801	17.402	17.408	122728	168960.797	175537.094	137244.047	64.3	69.785	53.331
2015/02/27	19.20	20.00	19.15	19.80	179000.00	351887264	0	19.528	19.094	18.424	17.909	17.448	17.44	179000	162129.797	175093.203	142036.797	68.437	69.336	66.641
2015/03/02	19.74	19.92	19.21	19.85	139432.00	273467424	0	19.504	19.311	18.526	18.035	17.499	17.469	139432	146553	181070.797	144744.844	68.458	69.043	67.289
2015/03/03	19.73	19.74	18.96	19.01	158545.00	307303584	0	19.39	19.348	18.577	18.11	17.528	17.493	158545	150672.797	181970.406	145720.594	50.811	62.966	26.502
2015/03/04	19.00	19.34	18.95	19.18	110026.00	210645632	0	19.394	19.386	18.643	18.192	17.569	17.517	110026	141946.203	174645.203	145300.297	42.303	56.078	14.753
2015/03/05	19.18	20.57	18.73	20.40	282775.00	554596672	0	19.648	19.505	18.781	18.318	17.628	17.551	282775	173955.594	171458.203	155709.156	58.456	56.871	61.626
2015/03/06	20.10	20.96	19.77	19.83	209367.00	425816096	0	19.654	19.591	18.913	18.413	17.672	17.58	209367	180029	171079.406	162977	55.413	56.385	53.469
2015/03/09	19.68	21.05	19.67	20.81	210701.00	434363968	0	19.846	19.675	19.107	18.564	17.732	17.614	210701	194282.797	170417.906	171592.547	66.827	59.866	80.75
2015/03/10	20.82	21.27	20.47	21.06	181133.00	379235968	0	20.256	19.823	19.262	18.7	17.801	17.651	181133	198800.406	174736.594	174544.703	75.129	64.953	95.48
2015/03/11	21.10	21.27	20.41	20.60	156546.00	324262592	0	20.54	19.967	19.399	18.81	17.858	17.686	156546	208104.406	175025.297	178196.25	74.627	68.178	87.524
2015/03/12	20.50	21.77	20.41	21.39	200344.00	426939104	0	20.738	20.193	19.564	18.93	17.927	17.729	200344	191618.203	182786.906	179162	78.918	71.758	93.238
2015/03/13	21.37	21.60	20.96	21.42	105009.00	223833728	0	21.056	20.355	19.724	19.067	17.99	17.759	105009	170746.594	175387.797	175240.5	82.107	75.208	95.907
2015/03/16	21.41	21.87	21.28	21.55	149423.00	321740160	0	21.204	20.525	19.918	19.192	18.054	17.792	149423	158491	176386.906	178728.844	84.675	78.363	97.297
2015/03/17	21.66	21.72	21.02	21.33	185048.00	395268960	0	21.258	20.757	20.052	19.304	18.106	17.819	185048	159274	179037.203	180503.797	84.051	80.259	91.634
2015/03/18	21.28	21.64	21.00	21.57	136212.00	291052256	0	21.452	20.996	20.191	19.427	18.162	17.845	136212	155207.203	181655.797	178150.5	84.822	81.78	90.905
2015/03/19	21.84	21.84	20.50	20.85	284415.00	596384128	0	21.344	21.041	20.273	19.534	18.212	17.876	284415	172021.406	181819.797	176639	74.426	79.329	64.622
2015/03/20	20.78	22.78	20.61	22.33	288086.00	620663232	0	21.526	21.291	20.441	19.705	18.287	17.906	288086	208636.797	189691.703	180385.547	76.622	78.426	73.013
2015/03/23	22.52	24.44	22.50	23.92	418694.00	980970688	0	22	21.602	20.639	19.939	18.401	17.95	418694	262491	210491	190454.453	80.114	78.989	82.363
2015/03/24	23.96	25.50	23.10	25.10	376908.00	926526848	0	22.754	22.006	20.914	20.177	18.537	18.003	376908	300863	230068.5	202402.547	84.123	80.7	90.968
2015/03/25	25.91	27.61	25.91	27.61	545833.00	1496381824	0	23.962	22.707	21.337	20.502	18.726	18.073	545833	382787.188	268997.188	222011.25	89.415	83.605	101.035
2015/03/26	27.60	27.60	24.85	25.67	433925.00	1133430784	0	24.926	23.135	21.664	20.754	18.881	18.127	433925	412689.188	292355.313	237571.094	83.848	83.686	84.173
2015/03/27	26.02	27.20	25.68	26.62	250720.00	668022784	0	25.784	23.655	22.005	21.035	19.052	18.192	250720	405216	306926.406	241157.094	84.591	83.988	85.797
2015/03/30	27.02	27.03	25.12	25.59	284091.00	730419904	0	26.118	24.059	22.292	21.298	19.201	18.252	284091	378295.406	320393.188	248390.047	80.257	82.744	75.283
2015/03/31	25.48	26.22	25.10	25.47	166345.00	427561696	0	26.192	24.473	22.615	21.526	19.348	18.312	166345	336182.813	318522.906	248780.047	76.805	80.765	68.887
2015/04/01	25.63	26.80	25.63	26.06	195270.00	512093248	0	25.882	24.922	22.959	21.768	19.507	18.374	195270	266070.188	324428.688	253042.25	77.156	79.562	72.344
2015/04/02	26.11	28.67	25.75	28.44	345289.00	935132992	0	26.436	25.681	23.361	22.076	19.708	18.458	345289	248343	330516.094	256167.953	83.528	80.884	88.816
2015/04/03	27.81	29.35	27.40	28.44	253505.00	713218176	0	26.8	26.292	23.792	22.391	19.91	18.542	253505	248900	327058	258374.844	84.165	81.978	88.541
2015/04/07	28.50	29.30	27.69	28.16	297133.00	847471296	0	27.314	26.716	24.159	22.664	20.102	18.621	297133	251508.406	314901.906	262696.438	80.629	81.528	78.83
2015/04/08	28.18	28.30	26.30	27.09	200459.00	545530240	0	27.638	26.915	24.461	22.915	20.274	18.693	200459	258331.203	297257	263662.75	70.345	77.8	55.435
2015/04/09	27.21	27.37	25.08	26.10	154399.00	401126784	0	27.646	26.764	24.736	23.146	20.432	18.761	154399	250157	258113.594	263555.406	54.859	70.153	24.271
2015/04/10	26.30	27.22	26.03	26.79	150073.00	401507936	0	27.316	26.876	25.006	23.401	20.601	18.839	150073	211113.797	229728.406	261041.844	49.922	63.409	22.946
2015/04/13	26.88	28.66	26.05	27.80	200227.00	555103296	0	27.188	26.994	25.325	23.668	20.789	18.921	200227	200458.203	224679.094	265802.75	54.515	60.445	42.655
2015/04/14	27.80	27.80	26.70	26.94	151311.00	409568320	0	26.944	27.129	25.594	23.904	20.97	19.001	151311	171293.797	211401.094	265897.156	50.863	57.251	38.088
2015/04/15	27.00	27.14	25.07	25.33	168175.00	435661440	0	26.592	27.115	25.794	24.115	21.113	19.072	168175	164837	211584.094	265053.5	35.934	50.145	7.511
2015/04/16	24.99	26.80	24.40	25.74	150534.00	384868768	0	26.52	27.083	26.003	24.334	21.263	19.143	150534	164064	207110.5	265769.594	32.979	44.423	10.092
2015/04/17	26.08	26.58	25.51	26.00	201399.00	525266624	0	26.362	26.839	26.26	24.52	21.419	19.215	201399	174329.203	192721.5	261618.797	32.871	40.572	17.467
2015/04/20	26.10	26.10	25.15	25.25	177897.00	455393344	0	25.852	26.52	26.406	24.701	21.557	19.282	177897	169863.203	185160.703	256109.344	28.565	36.57	12.555
2015/04/21	25.69	26.50	25.30	26.41	162794.00	423762720	0	25.746	26.345	26.531	24.888	21.726	19.359	162794	172159.797	171726.797	243314.344	34.771	35.97	32.372
2015/04/22	26.95	27.49	26.68	27.18	206143.00	559306240	0	26.116	26.354	26.635	25.092	21.896	19.441	206143	179753.406	172295.203	234776.094	44.933	38.958	56.884
2015/04/23	27.28	28.51	26.48	28.28	280369.00	764570496	0	26.624	26.572	26.668	25.348	22.079	19.532	280369	205720.406	184892.203	221502.906	60.315	46.077	88.792
2015/04/24	27.87	29.26	27.60	28.57	305512.00	870197760	0	27.138	26.75	26.813	25.587	22.259	19.623	305512	226543	200436.094	215082.25	68.811	53.655	99.123
2015/04/27	28.05	28.57	27.00	27.40	274117.00	759301312	0	27.568	26.71	26.852	25.786	22.427	19.705	274117	245787	207825.094	216252.094	66.45	57.92	83.51
2015/04/28	27.51	27.97	25.87	26.28	226503.00	601506816	0	27.542	26.644	26.886	25.944	22.568	19.774	226503	258528.797	215344.297	213372.703	57.195	57.678	56.227
2015/04/29	26.00	26.80	25.72	26.30	137960.00	364423872	0	27.366	26.741	26.928	26.11	22.707	19.842	137960	244892.203	212322.797	211953.453	47.457	54.271	33.828
2015/04/30	26.50	26.98	25.88	25.93	140520.00	370047936	0	26.896	26.76	26.921	26.255	22.841	19.911	140520	216922.406	211321.406	209215.953	37.964	48.835	16.221
2015/05/04	26.01	26.45	25.61	25.91	148829.00	387124960	0	26.364	26.751	26.795	26.424	22.979	19.981	148829	185585.797	206064.406	199392.953	30.444	42.705	5.922
2015/05/05	25.97	26.20	24.90	24.97	122838.00	314966560	0	25.878	26.723	26.622	26.512	23.108	20.046	122838	155330	200558.5	192859.594	20.831	35.414	-8.334
2015/05/06	25.10	25.66	24.50	24.60	173033.00	435281568	0	25.542	26.542	26.444	26.534	23.236	20.104	173033	144636	201582.406	186654.594	14.588	28.472	-13.18
2015/05/07	24.10	24.37	23.08	23.11	149836.00	354143392	0	24.904	26.135	26.244	26.468	23.323	20.152	149836	147011.203	195951.703	184123.453	9.887	22.277	-14.893
2015/05/08	23.18	24.58	23.18	24.49	176679.00	421647168	0	24.616	25.756	26.164	26.364	23.433	20.213	176679	154243	185582.703	185237.453	15.152	19.902	5.653
2015/05/11	24.60	25.65	24.10	25.44	219682.00	548088192	0	24.522	25.443	26.097	26.356	23.555	20.289	219682	168413.594	176999.703	188717.906	26.189	21.998	34.571
2015/05/12	25.37	25.99	24.80	25.25	198064.00	500173600	0	24.578	25.228	25.969	26.311	23.673	20.361	198064	183458.797	169394.406	188609.75	36.006	26.667	54.684
2015/05/13	25.25	26.19	24.80	26.10	228164.00	585793664	0	24.878	25.21	25.927	26.328	23.813	20.444	228164	194485	169560.5	192452.406	49.816	34.383	80.681
2015/05/14	26.39	27.36	26.00	26.28	253306.00	675690048	0	25.512	25.208	25.975	26.355	23.94	20.525	253306	215179	181095.094	196708.953	58.133	42.3	89.799
2015/05/15	26.30	26.47	24.90	24.98	188130.00	475702912	0	25.61	25.113	25.937	26.319	24.043	20.597	188130	217469.203	185856.094	198588.75	53.553	46.051	68.557
2015/05/18	24.98	27.48	24.90	27.48	482477.00	1303502976	0	26.018	25.27	26.01	26.287	24.181	20.687	482477	270028.188	219220.906	212642.656	69.035	53.712	99.681
2015/05/19	28.40	30.20	27.67	29.33	506006.00	1461928064	0	26.834	25.706	26.215	26.316	24.354	20.791	506006	331616.594	257537.703	229048.094	75.284	60.903	104.046
2015/05/20	31.50	32.26	30.81	32.26	306386.00	982382592	0	28.066	26.472	26.507	26.453	24.559	20.921	306386	347261	270873	236227.703	83.522	68.443	113.682
2015/05/21	35.49	35.49	33.49	35.49	522832.00	1830135296	0	29.908	27.71	26.923	26.733	24.824	21.077	522832	401166.188	308172.594	252062.156	89.015	75.3	116.445
2015/05/22	38.00	38.80	34.60	37.03	893111.00	3283499264	0	32.318	28.964	27.36	27.097	25.122	21.246	893111	542162.375	379815.813	282699.25	88.462	79.688	106.012
2015/05/25	37.98	39.50	35.81	37.20	488953.00	1847290496	0	34.262	30.14	27.792	27.444	25.423	21.412	488953	543457.625	406742.906	291871.313	87.093	82.156	96.967
2015/05/26	36.80	40.92	36.50	40.92	256303.00	1004039168	0	36.58	31.707	28.468	27.882	25.775	21.611	256303	493517	412566.813	290980.594	91.395	85.236	103.714
2015/05/27	43.20	45.01	40.99	45.01	470676.00	2017686144	0	39.13	33.598	29.404	28.484	26.194	21.846	470676	526375	436818	303189.25	94.263	88.245	106.301
2015/05/28	45.80	49.31	43.95	45.35	553664.00	2587515904	0	41.102	35.505	30.357	29.151	26.633	22.08	553664	532541.375	466853.813	323974.438	90.768	89.086	94.132
2015/05/29	44.19	49.89	44.19	49.89	467699.00	2242406912	0	43.674	37.996	31.555	29.956	27.145	22.357	467699	447459	494810.688	340333.406	93.845	90.672	100.191
2015/06/01	52.01	54.88	49.95	51.81	435266.00	2302968832	0	46.596	40.429	32.849	30.817	27.668	22.649	435266	436721.594	490089.594	354655.25	91.645	90.997	92.943
2015/06/02	50.00	53.09	49.38	49.70	572920.00	2927021824	0	48.352	42.466	34.086	31.632	28.166	22.919	572920	500045	496781	377159.344	86.358	89.451	80.173
2015/06/03	49.00	54.67	47.50	53.60	436692.00	2248524544	0	50.07	44.6	35.536	32.538	28.713	23.222	436692	493248.188	509811.594	390342.313	88.801	89.234	87.936
2015/06/04	52.64	53.27	48.24	50.50	358285.00	1793145856	0	51.1	46.101	36.905	33.315	29.204	23.502	358285	454172.406	493356.906	400764.75	84.878	87.782	79.07
2015/06/05	51.00	52.13	49.00	50.51	269924.00	1366772352	0	51.224	47.449	38.207	34.056	29.702	23.78	269924	414617.406	431038.188	405427	81.994	85.853	74.275
2015/06/08	52.21	54.12	50.67	50.92	389534.00	2039159808	0	51.046	48.821	39.48	34.801	30.194	24.061	389534	405471	421096.313	413919.594	78.492	83.399	68.679
2015/06/09	50.66	50.90	45.83	47.75	472453.00	2234576384	0	50.656	49.504	40.605	35.48	30.633	24.312	472453	385377.594	442711.313	427639.063	63.917	76.905	37.941
2015/06/10	47.73	48.52	45.79	47.90	276553.00	1301664896	0	49.516	49.793	41.695	36.2	31.072	24.563	276553	353349.813	423299	430058.5	54.18	69.33	23.88
2015/06/11	47.98	47.98	45.99	46.51	281003.00	1310211712	0	48.718	49.909	42.707	36.874	31.492	24.799	281003	337893.406	396032.906	431443.344	38.76	59.14	-2
2015/06/12	46.44	50.58	46.06	50.00	371858.00	1820478848	0	48.616	49.92	43.958	37.676	31.966	25.064	371858	358280.188	386448.813	440629.75	41.643	53.308	18.314
2015/06/15	51.50	55.00	51.50	55.00	635237.00	3459688192	0	49.432	50.239	45.334	38.646	32.535	25.373	635237	407420.813	406445.906	448267.75	61.096	55.904	71.479
2015/06/16	54.50	54.89	49.50	49.88	410777.00	2121396864	0	49.858	50.257	46.361	39.476	32.994	25.64	410777	395085.594	390231.594	443506.313	55.533	55.78	55.039
2015/06/17	49.20	49.98	44.89	47.40	412964.00	1938090368	0	49.758	49.637	47.118	40.236	33.385	25.893	412964	422367.813	387858.813	448835.188	45.298	52.286	31.321
2015/06/18	46.90	48.39	42.80	43.37	268202.00	1231975168	0	49.13	48.924	47.513	40.912	33.69	26.114	268202	419807.594	378850.5	436103.688	31.756	45.443	4.382
2015/06/19	42.07	42.89	39.03	39.05	256943.00	1048100864	0	46.94	47.778	47.613	41.397	33.881	26.303	256943	396824.594	377552.406	404295.313	21.212	37.366	-11.095
2015/06/23	39.11	40.10	35.90	39.42	253425.00	972488896	0	43.824	46.628	47.724	41.863	34.11	26.495	253425	320462.188	363941.5	392518.906	20.285	31.672	-2.49
2015/06/24	39.50	40.27	38.40	39.93	349324.00	1377888000	0	41.834	45.846	47.675	42.352	34.332	26.692	349324	308171.594	351628.594	397169.938	20.556	27.967	5.735
2015/06/25	40.70	43.29	39.10	39.84	435896.00	1800250624	0	40.322	45.04	47.417	42.81	34.569	26.885	435896	312758	367562.906	395430.938	20.58	25.505	10.731
2015/06/26	37.00	38.00	35.86	35.86	194655.00	709268864	0	38.82	43.975	46.942	43.13	34.742	27.045	194655	298048.594	358928.094	377480.5	13.72	21.576	-1.992
2015/06/29	36.22	37.25	32.27	32.27	252142.00	835048192	0	37.464	42.202	46.061	43.373	34.846	27.176	252142	297088.406	346956.5	366702.656	9.147	17.433	-7.426
2015/06/30	30.50	35.50	29.04	35.44	404100.00	1303881728	0	36.668	40.246	45.243	43.638	34.962	27.335	404100	327223.406	323842.813	365144.344	16.286	17.051	14.756
2015/07/01	34.90	36.50	31.90	31.90	295187.00	1011569024	0	35.062	38.448	44.353	43.724	35.02	27.465	295187	316396	312283.813	351257.688	15.784	16.628	14.095
2015/07/02	30.10	32.00	28.71	28.71	333371.00	975653248	0	32.836	36.579	43.108	43.605	35.029	27.566	333371	295891	304324.5	346091.656	10.523	14.593	2.381
2015/07/03	25.84	28.90	25.84	25.84	336904.00	887845888	0	30.832	34.826	41.875	43.284	35.008	27.641	336904	324340.813	311194.688	345022.594	7.015	12.067	-3.089
2015/07/06	27.94	27.94	23.26	23.26	653592.00	1585576192	0	29.03	33.247	40.513	42.825	34.961	27.696	653592	404630.813	350859.594	364206	4.677	9.604	-5.177
2015/07/07	21.80	21.90	20.93	20.93	248257.00	521195648	0	26.128	31.398	39.013	42.282	34.863	27.732	248257	373462.188	350342.813	357142.156	3.118	7.442	-5.53
2015/07/08	18.84	21.80	18.84	19.88	1423376.00	2772115200	0	23.724	29.393	37.619	41.581	34.731	27.76	1423376	599100	457748	404688.313	3.888	6.257	-0.851
2015/07/09	18.92	21.87	18.92	21.87	389294.00	823837952	0	22.356	27.596	36.318	40.81	34.647	27.808	389294	610284.625	453087.813	410325.344	8.078	6.864	10.506
2015/07/10	24.00	24.06	23.00	24.06	132284.00	316189888	0	22	26.416	35.195	40.1	34.626	27.869	132284	569360.625	446850.688	402889.406	15.238	9.655	26.404
2015/07/13	25.99	26.47	25.00	26.47	428356.00	1111457152	0	22.642	25.836	34.019	39.319	34.638	27.95	428356	524313.375	464472.094	405714.313	24.56	14.624	44.434
2015/07/14	27.00	29.12	27.00	29.12	567087.00	1621133312	0	24.28	25.204	32.725	38.563	34.69	28.055	567087	588079.375	480770.813	402306.813	42.412	23.887	79.463
2015/07/15	28.00	28.90	26.21	26.21	199527.00	539350144	0	25.546	24.635	31.542	37.78	34.706	28.131	199527	343309.594	471204.813	391744.313	52.172	33.315	89.887
2015/07/16	25.16	27.48	23.59	25.65	419381.00	1063488512	0	26.302	24.329	30.454	36.848	34.693	28.209	419381	349327	479805.813	392065.156	56.863	41.164	88.261
2015/07/17	25.90	28.00	25.20	27.89	338696.00	908575616	0	27.068	24.534	29.68	36.095	34.705	28.3	338696	390609.406	479985	395589.844	67.254	49.861	102.04
2015/07/20	28.00	29.88	26.95	28.37	398686.00	1132083456	0	27.448	25.045	29.146	35.357	34.707	28.393	398686	384675.406	454494.406	402677	73.61	57.777	105.276
2015/07/21	28.40	31.21	27.80	31.21	277164.00	835968320	0	27.866	26.073	28.736	34.7	34.75	28.505	277164	326690.813	457385.094	403863.938	82.407	65.987	115.246
2015/07/22	32.00	33.88	30.02	32.85	503985.00	1617299200	0	29.194	27.37	28.382	34.203	34.841	28.634	503985	387582.406	365446	411597	85.115	72.363	110.62
2015/07/23	32.65	36.14	32.00	35.88	444342.00	1524774912	0	31.24	28.771	28.184	33.802	35.001	28.785	444342	392574.594	370950.813	412019.313	89.386	78.038	112.084
2015/07/24	36.85	38.20	33.38	34.85	526080.00	1896371584	0	32.632	29.85	28.133	33.414	35.144	28.925	526080	430051.406	410330.406	428590.563	85.281	80.452	94.939
2015/07/27	33.60	35.70	31.37	31.37	372115.00	1242849152	0	33.232	30.34	28.088	32.793	35.235	29.038	372115	424737.188	404706.313	434589.188	74.604	78.503	66.808
2015/07/28	28.25	33.37	28.23	29.38	376570.00	1102242176	0	32.866	30.366	27.785	31.939	35.292	29.136	376570	444618.406	385654.594	433212.688	62.946	73.317	42.204
2015/07/29	30.38	32.30	27.90	32.00	296721.00	882532096	0	32.696	30.945	27.79	31.343	35.41	29.259	296721	403165.594	395374	433289.406	59.4	68.678	40.844
2015/07/30	32.00	32.90	30.34	30.62	372116.00	1189135616	0	31.644	31.442	27.885	30.783	35.51	29.373	372116	388720.406	390647.5	435226.656	50.474	62.61	26.202
2015/07/31	29.43	30.50	27.56	28.00	280152.00	806700032	0	30.274	31.453	27.993	30.271	35.591	29.457	280152	339534.813	384793.094	432389.063	35.028	53.416	-1.749
2015/08/03	27.60	27.70	25.20	25.21	299910.00	773791360	0	29.042	31.137	28.091	29.81	35.603	29.518	299910	325093.813	374915.5	414704.938	23.378	43.403	-16.674
2015/08/04	25.50	27.73	25.19	27.73	312428.00	833337344	0	28.712	30.789	28.431	29.42	35.641	29.598	312428	312265.406	378441.906	417913.5	22.093	36.3	-6.321
2015/08/05	28.20	28.75	26.41	26.89	355388.00	981631808	0	27.69	30.193	28.781	28.985	35.669	29.671	355388	323998.813	363582.188	364514.094	19.084	30.561	-3.87
2015/08/06	25.70	27.52	25.65	26.57	172506.00	460307040	0	26.88	29.262	29.017	28.543	35.677	29.745	172506	284076.813	336398.594	353674.688	17.1	26.074	-0.849
2015/08/07	27.50	28.77	26.80	28.39	318657.00	892326656	0	26.958	28.616	29.233	28.294	35.712	29.826	318657	291777.813	315656.313	362993.344	24.44	25.529	22.26
2015/08/10	28.40	31.23	28.40	31.22	350512.00	1056800448	0	28.16	28.601	29.47	28.259	35.816	29.93	350512	301898.188	313496	359101.156	42.363	31.141	64.808
2015/08/11	31.00	34.01	30.10	32.83	425866.00	1360876032	0	29.18	28.946	29.656	28.172	35.905	30.043	425866	324585.813	318425.594	352040.094	57.116	39.799	91.75
2015/08/12	31.80	33.80	30.30	31.01	294548.00	949856192	0	30.004	28.847	29.896	28.142	35.933	30.143	294548	312417.813	318208.313	356791.156	60.073	46.557	87.104
2015/08/13	30.50	32.53	29.62	32.44	307188.00	956089984	0	31.178	29.029	30.236	28.267	35.936	30.247	307188	339354.188	311715.5	351181.5	67.448	53.521	95.304
2015/08/14	32.35	33.65	31.66	32.42	316815.00	1034500736	0	31.984	29.471	30.462	28.486	35.885	30.354	316815	338985.813	315381.813	350087.438	72.29	59.777	97.315
2015/08/17	31.80	32.95	31.50	32.32	253839.00	818303424	0	32.204	30.182	30.66	28.788	35.806	30.464	253839	319651.188	310774.688	342845.094	74.788	64.781	94.803
2015/08/18	32.53	32.79	29.09	29.09	309127.00	936659648	0	31.456	30.318	30.553	29.06	35.671	30.547	309127	296303.406	310444.594	344443.25	63.575	64.379	61.967
2015/08/19	27.50	29.98	26.20	29.00	341873.00	949208064	0	31.054	30.529	30.361	29.364	35.472	30.624	341873	305768.406	309093.094	336337.656	54.334	61.03	40.94
2015/08/20	28.21	30.43	27.45	27.98	400431.00	1151973632	0	30.162	30.67	29.966	29.568	35.189	30.691	400431	324417	331885.594	334142.094	43.82	55.293	20.872
2015/08/21	26.65	27.40	25.18	25.19	368482.00	961537792	0	28.716	30.35	29.483	29.605	34.853	30.743	368482	334750.406	336868.094	326262.188	29.251	46.613	-5.473
2015/08/24	23.71	23.71	22.67	22.67	131939.00	300639136	0	26.786	29.495	29.048	29.479	34.399	30.772	131939	310370.406	315010.813	314253.406	19.501	37.575	-16.649
2015/08/25	20.40	20.85	20.40	20.40	246217.00	504005024	0	25.048	28.252	28.599	29.188	33.875	30.772	246217	297788.406	297045.906	307735.75	13	29.384	-19.766
2015/08/26	20.35	21.40	18.36	18.36	288696.00	562603904	0	22.92	26.987	27.917	28.926	33.353	30.76	288696	287153	296460.688	307334.5	8.667	22.478	-18.955
2015/08/27	19.00	19.48	16.71	19.18	321536.00	592271168	0	21.16	25.661	27.345	28.711	32.779	30.746	321536	271374	297895.5	304805.5	10.848	18.601	-4.659
2015/08/28	19.12	21.10	19.12	21.10	365589.00	729302784	0	20.342	24.529	27	28.484	32.29	30.747	365589	270795.406	302772.906	309077.344	16.332	17.845	13.307
2015/08/31	21.00	21.00	18.99	18.99	267370.00	530770880	0	19.606	23.196	26.689	28.172	31.764	30.733	267370	297881.594	304126	307450.344	16.427	17.372	14.538
2015/09/01	18.52	18.69	17.09	17.09	202306.00	352669216	0	18.944	21.996	26.157	27.701	31.2	30.697	202306	289099.406	293443.906	301944.25	11.875	15.54	4.545
2015/09/02	15.45	17.60	15.38	15.38	426408.00	675117184	0	18.348	20.634	25.581	27.119	30.661	30.647	426408	316641.813	301897.406	305495.25	7.917	12.999	-2.248
2015/09/07	16.01	16.92	15.41	16.88	556743.00	931514432	0	17.888	19.524	25.097	26.485	30.144	30.608	556743	363683.188	317528.594	324707.094	11.28	12.426	8.989
2015/09/08	16.45	17.85	15.71	17.69	434972.00	722508928	0	17.206	18.774	24.562	25.913	29.663	30.578	434972	377559.813	324177.594	330522.844	20.311	15.054	30.824
2015/09/09	17.86	19.10	17.60	18.84	434059.00	798338624	0	17.176	18.391	23.943	25.496	29.144	30.555	434059	410897.594	354389.594	334700.188	32.699	20.936	56.225
2015/09/10	18.09	19.20	17.94	17.99	245891.00	454731040	0	17.356	18.15	23.201	25.116	28.527	30.531	245891	419614.594	354357	325701.438	37.009	26.294	58.44
2015/09/11	17.99	19.79	17.99	19.18	506301.00	975049280	0	18.116	18.232	22.609	24.689	28.016	30.505	506301	435593.188	376117.5	336289.094	46.817	33.135	74.182
2015/09/14	19.25	19.85	17.26	17.26	434772.00	810678848	0	18.192	18.04	21.851	24.243	27.513	30.449	434772	411199	387441.094	342668.313	42.362	36.211	54.665
2015/09/15	16.40	17.08	15.53	15.53	331421.00	533498976	0	17.76	17.483	21.006	23.828	27.049	30.37	331421	390488.813	384024.313	343398.594	29.36	33.927	20.226
2015/09/16	15.64	17.08	15.50	17.08	306180.00	498699744	0	17.408	17.292	20.244	23.557	26.683	30.282	306180	364913	387905.313	346015.656	32.25	33.368	30.015
2015/09/17	17.20	18.76	16.88	17.11	384360.00	682652032	0	17.232	17.294	19.645	23.203	26.311	30.211	384360	392606.813	406110.688	349777.313	34.263	33.666	35.456
2015/09/18	17.50	18.04	17.02	17.84	262387.00	460282720	0	16.964	17.54	19.087	22.901	25.943	30.137	262387	343824	389708.594	345803	40.773	36.035	50.249
2015/09/21	17.50	19.01	17.28	18.90	348033.00	632632832	0	17.292	17.742	18.633	22.645	25.594	30.082	348033	326476.188	368837.594	343183.094	53.236	41.769	76.169
2015/09/22	18.80	20.77	18.61	19.59	467469.00	924318208	0	18.104	17.932	18.353	22.352	25.323	30.033	467469	353685.813	372087.313	348132.438	61.36	48.299	87.482
2015/09/23	19.06	20.60	18.73	19.94	388748.00	759058560	0	18.676	18.042	18.216	21.976	25.118	29.982	388748	370199.406	367556.188	360972.906	68.99	55.196	96.578
2015/09/24	19.83	20.30	19.32	19.99	276202.00	549845120	0	19.252	18.242	18.196	21.548	24.86	29.911	276202	348567.813	370587.313	362472.156	74.393	61.595	99.989
2015/09/25	19.74	19.92	17.99	18.04	289282.00	542968832	0	19.292	18.128	18.18	21.116	24.629	29.824	289282	353946.813	348885.406	362501.438	65.661	62.951	71.083
2015/09/28	18.22	19.18	18.00	19.10	203117.00	378444928	0	19.332	18.312	18.176	20.671	24.469	29.749	203117	324963.594	325719.906	356580.5	66.545	64.149	71.337
2015/09/29	18.76	18.78	18.10	18.33	174885.00	322143712	0	19.08	18.592	18.038	20.201	24.344	29.676	174885	266446.813	310066.313	347045.313	56.788	61.695	46.974
2015/09/30	18.35	18.78	17.98	18.29	123454.00	227452224	0	18.75	18.713	18.003	19.734	24.261	29.611	123454	213388	291793.688	339849.5	49.148	57.513	32.418
2015/10/08	19.16	19.95	19.06	19.43	229408.00	447269728	0	18.638	18.945	18.119	19.412	24.236	29.55	229408	204029.203	276298.5	341204.594	53.3	56.108	47.683
2015/10/09	19.72	20.30	19.25	19.94	220636.00	437545120	0	19.018	19.155	18.347	19.11	24.237	29.484	220636	190300	272123.406	330916	58.95	57.056	62.739
2015/10/12	20.40	21.80	20.15	21.32	320933.00	672136192	0	19.462	19.397	18.569	18.888	24.228	29.437	320933	213863.203	269413.406	319125.5	68.445	60.852	83.631
2015/10/13	21.00	22.09	20.82	21.63	272550.00	586151424	0	20.122	19.601	18.767	18.769	24.187	29.406	272550	233396.203	249921.5	311004.406	75.233	65.646	94.407
2015/10/14	21.10	21.53	20.65	20.72	259634.00	546346112	0	20.608	19.679	18.861	18.704	24.091	29.365	259634	260632.203	237010.094	302283.156	72.377	67.89	81.353
2015/10/15	20.67	22.35	20.51	21.82	275228.00	595805824	0	21.086	19.862	19.052	18.751	23.97	29.33	275228	269796.188	236912.703	303750	77.542	71.107	90.412
2015/10/16	21.95	23.09	21.67	22.49	349233.00	777965056	0	21.596	20.307	19.218	18.889	23.908	29.307	349233	295515.594	242907.797	295896.594	81.114	74.443	94.457
2015/10/19	22.55	22.97	21.50	22.02	284479.00	634384768	0	21.736	20.599	19.455	18.984	23.847	29.27	284479	288224.813	251044	288381.938	80.43	76.438	88.412
2015/10/20	21.90	23.30	21.63	22.99	348872.00	796588800	0	22.008	21.065	19.829	19.047	23.765	29.235	348872	303489.188	268442.688	289254.5	84.516	79.131	95.286
2015/10/21	22.85	24.22	20.69	20.73	596655.00	1350315136	0	22.01	21.309	20.011	19.105	23.638	29.172	596655	370893.406	315762.813	303778.25	66.27	74.844	49.123
2015/10/22	21.10	22.09	20.65	21.91	323123.00	695000960	0	22.028	21.557	20.251	19.265	23.483	29.117	323123	380472.406	325134.313	300716.406	58.595	69.428	36.929
2015/10/23	22.15	23.49	21.71	23.20	394225.00	889270400	0	22.17	21.883	20.519	19.526	23.322	29.082	394225	389470.813	342493.188	307308.313	63.232	67.362	54.971
2015/10/26	23.55	23.56	22.37	23.07	335219.00	766517376	0	22.38	22.058	20.728	19.732	23.109	29.055	335219	399618.813	343921.813	306667.594	65.156	66.627	62.213
2015/10/27	22.50	23.50	21.60	23.28	333928.00	751932544	0	22.438	22.223	20.912	19.919	22.916	29.03	333928	396630	350059.594	299990.563	68.325	67.193	70.589
2015/10/28	22.97	23.34	21.20	21.61	437926.00	971549504	0	22.614	22.312	20.996	20.011	22.753	28.994	437926	364884.188	367888.813	302449.438	54.513	62.966	37.608
2015/10/29	21.75	21.95	20.47	21.02	428232.00	905293248	0	22.436	22.232	21.047	20.112	22.614	28.953	428232	385906	383189.188	310050.938	41.231	55.721	12.251
2015/10/30	20.88	20.88	19.86	20.28	384605.00	782677376	0	21.852	22.011	21.159	20.149	22.419	28.914	384605	383982	386726.406	314817.094	30.698	47.38	-2.665
2015/11/02	19.10	20.25	19.00	19.23	341705.00	668154944	0	21.084	21.732	21.166	20.214	22.229	28.869	341705	385279.188	392449	321746.5	21.934	38.898	-11.994
2015/11/03	19.40	19.57	19.08	19.44	208659.00	403577600	0	20.316	21.377	21.221	20.345	22.086	28.839	208659	360225.406	378427.688	323435.188	17.839	31.879	-10.239
2015/11/04	19.57	21.29	19.57	20.99	394869.00	805975168	0	20.192	21.403	21.356	20.475	22.016	28.81	394869	351614	358249.094	337005.938	26.44	30.066	19.188
2015/11/05	20.87	22.52	20.57	21.32	534345.00	1146308096	0	20.252	21.344	21.451	20.615	21.909	28.775	534345	372836.594	379371.313	352252.813	34.585	31.572	40.612
2015/11/06	22.00	23.45	22.00	23.45	529053.00	1216935168	0	20.886	21.369	21.626	20.802	21.852	28.76	529053	401726.188	392854.094	367673.656	56.02	39.721	88.617
2015/11/09	24.45	25.17	22.73	24.31	814973.00	1949862912	0	21.902	21.493	21.775	20.983	21.814	28.745	814973	496379.813	440829.5	392375.656	66.034	48.492	101.117
2015/11/10	23.85	24.25	23.35	23.82	417823.00	994826624	0	22.778	21.547	21.885	21.124	21.738	28.725	417823	538212.625	449219	399639.313	70.063	55.682	98.823
2015/11/11	24.02	25.30	23.62	24.55	435777.00	1068603648	0	23.49	21.841	22.076	21.277	21.627	28.721	435777	546394.188	449004.094	408446.438	76.073	62.479	103.262
2015/11/12	24.36	24.59	23.09	23.77	579237.00	1369192192	0	23.98	22.116	22.174	21.403	21.476	28.69	579237	555372.625	464104.594	423646.906	75.954	66.971	93.92
2015/11/13	23.41	23.41	22.68	22.96	328123.00	756211520	0	23.882	22.384	22.198	21.567	21.341	28.637	328123	515186.594	458456.406	422591.406	71.429	68.457	77.373
2015/11/16	22.22	23.68	22.22	23.59	371659.00	856877312	0	23.738	22.82	22.276	21.717	21.194	28.565	371659	426523.813	461451.813	426950.406	71.005	69.306	74.402
2015/11/17	23.99	23.99	22.66	22.90	446836.00	1042255488	0	23.554	23.166	22.271	21.869	21.035	28.46	446836	432326.406	485269.5	431848.594	63.757	67.456	56.357
2015/11/18	23.10	23.30	22.38	22.48	241033.00	550730048	0	23.14	23.315	22.359	22.009	20.871	28.339	241033	393377.594	469885.906	414067.5	47.353	60.755	20.548
2015/11/19	22.70	23.49	22.30	23.29	345522.00	791155712	0	23.044	23.512	22.428	22.138	20.775	28.223	345522	346634.594	451003.594	415187.438	43.149	54.886	19.673
2015/11/20	23.20	25.62	23.11	25.62	936293.00	2318566400	0	23.576	23.729	22.549	22.327	20.718	28.095	936293	468268.594	491727.594	442290.844	62.099	57.291	71.716
2015/11/23	26.00	26.27	24.36	24.71	839432.00	2121215104	0	23.8	23.769	22.631	22.44	20.664	27.926	839432	561823.188	494173.5	467501.5	61.893	58.825	68.03
2015/11/24	24.55	25.20	24.18	25.13	453282.00	1123028352	0	24.246	23.9	22.723	22.557	20.663	27.758	453282	563112.375	497719.406	473469.188	65.213	60.954	73.73
2015/11/25	24.94	26.00	24.66	25.49	509904.00	1284552192	0	24.848	23.994	22.917	22.716	20.71	27.554	509904	616886.625	505132.094	477068.094	70.389	64.099	82.968
2015/11/26	25.50	25.65	24.60	25.01	457380.00	1148006016	0	25.192	24.118	23.117	22.822	20.787	27.331	457380	639258.188	492946.406	478525.5	69.889	66.029	77.609
2015/11/27	24.69	25.46	22.51	23.15	511472.00	1238159744	0	24.698	24.137	23.26	22.844	20.867	27.11	511472	554294	511281.313	484868.844	53.729	61.929	37.33
2015/11/30	23.10	23.40	21.03	22.44	442089.00	987829824	0	24.244	24.022	23.421	22.858	20.921	26.85	442089	474825.406	518324.313	489888.063	44.789	56.216	21.936
2015/12/01	22.38	22.68	21.72	22.20	316984.00	703671872	0	23.658	23.952	23.559	22.832	20.939	26.614	316984	447565.813	505339.094	495304.313	37.302	49.911	12.084
2015/12/02	22.19	22.35	20.98	22.31	261722.00	569757632	0	23.022	23.935	23.625	22.884	20.994	26.379	261722	397929.406	507408	488646.938	33.249	44.357	11.032
2015/12/03	22.25	23.11	22.11	23.00	310702.00	704091328	0	22.62	23.906	23.709	22.921	21.093	26.147	310702	368593.813	503926	477464.813	34.894	41.203	22.277
2015/12/04	22.68	23.30	22.10	22.51	292935.00	664758016	0	22.492	23.595	23.662	22.898	21.212	25.936	292935	324886.406	439590.188	465658.906	33.422	38.609	23.048
2015/12/07	22.43	23.12	22.27	22.97	240591.00	548280192	0	22.598	23.421	23.595	22.894	21.313	25.729	240591	284586.813	379706.094	436939.813	35.495	37.571	31.343
2015/12/08	22.81	22.81	21.81	21.89	227836.00	505689824	0	22.536	23.097	23.499	22.848	21.383	25.523	227836	266757.188	357161.5	427440.438	30.159	35.1	20.276
2015/12/09	21.86	22.00	21.19	21.49	175310.00	378851136	0	22.372	22.697	23.345	22.844	21.427	25.286	175310	249474.797	323702.094	414417.094	23.901	31.367	8.967
2015/12/10	21.65	22.28	21.47	21.79	201162.00	441381152	0	22.13	22.375	23.247	22.87	21.491	25.009	201162	227566.797	298080.313	395513.344	27.091	29.942	21.389
2015/12/11	21.64	22.20	21.36	22.17	183748.00	398862912	0	22.062	22.277	23.207	22.933	21.541	24.778	183748	205729.406	265307.906	388294.594	35.158	31.681	42.114
2015/12/14	21.85	22.77	21.75	22.74	244852.00	546011648	0	22.016	22.307	23.164	23.05	21.632	24.573	244852	206581.594	245584.203	381954.25	48.726	37.362	71.454
2015/12/15	22.85	23.70	22.75	23.15	302828.00	705633536	0	22.268	22.402	23.177	23.173	21.759	24.404	302828	221580	244168.594	374753.844	58.513	44.413	86.715
2015/12/16	23.26	23.37	22.86	23.16	218887.00	505501760	0	22.602	22.487	23.211	23.246	21.86	24.272	218887	230295.406	239885.094	373646.563	65.171	51.332	92.848
2015/12/17	23.20	23.69	23.12	23.54	341929.00	801665536	0	22.952	22.541	23.223	23.32	21.968	24.139	341929	258448.797	243007.797	373466.906	74.656	59.107	105.754
2015/12/18	23.43	23.66	22.70	22.82	261507.00	604492928	0	23.082	22.572	23.083	23.299	22.051	23.997	261507	274000.594	239865	339727.594	71.417	63.21	87.831
2015/12/21	22.80	23.35	22.62	23.05	251881.00	579042816	0	23.144	22.58	23	23.257	22.12	23.857	251881	275406.406	240994	310350.063	72.313	66.244	84.449
2015/12/22	23.06	23.75	22.84	23.58	331892.00	773957568	0	23.23	22.749	22.923	23.249	22.186	23.755	331892	281219.188	251399.594	304280.563	79.171	70.553	96.406
2015/12/23	23.45	23.97	23.32	23.40	352256.00	832030592	0	23.278	22.94	22.819	23.21	22.244	23.681	352256	307893	269094.188	296398.156	78.834	73.313	89.875
2015/12/24	23.48	24.46	23.18	24.29	420658.00	1002340160	0	23.428	23.19	22.782	23.228	22.316	23.588	420658	323638.813	291043.813	294562.063	83.798	76.808	97.778
2015/12/25	24.33	24.99	23.85	24.10	393128.00	959727872	0	23.684	23.383	22.83	23.266	22.417	23.523	393128	349963	311981.813	288644.844	76.681	76.766	76.512
2015/12/28	24.17	25.25	23.12	23.19	462323.00	1126197120	0	23.712	23.428	22.868	23.252	22.485	23.477	462323	392051.406	333728.906	289656.563	58.345	70.626	33.784
2015/12/29	23.23	24.72	22.98	24.62	366675.00	874088640	0	23.92	23.575	22.989	23.31	22.59	23.467	366675	399008	340113.594	292141.094	64.245	68.499	55.738
2015/12/30	24.78	27.08	24.58	26.31	1075658.00	2837041152	0	24.502	23.89	23.188	23.437	22.723	23.492	1075658	543688.375	425790.688	332837.906	70.409	69.136	72.955
2015/12/31	25.67	25.93	24.58	24.67	562789.00	1424461184	0	24.578	24.003	23.272	23.483	22.81	23.523	562789	572114.625	447876.688	345442.25	62.261	66.844	53.094
2016/01/04	24.35	24.75	22.20	22.20	364068.00	851986240	0	24.198	23.941	23.257	23.369	22.848	23.542	364068	566302.625	458132.813	348998.906	41.507	58.398	7.725
2016/01/05	20.60	22.00	20.09	21.28	449247.00	949536128	0	23.816	23.764	23.172	23.255	22.847	23.538	449247	563687.375	477869.406	359431.688	33.346	50.048	-0.057
2016/01/06	21.50	21.82	20.70	21.71	322868.00	688827264	0	23.234	23.577	23.163	23.141	22.849	23.518	322868	554926	476967	364183.313	29.956	43.35	3.167
2016/01/07	21.05	21.27	19.54	19.54	94396.00	189595360	0	21.88	23.191	23.066	22.943	22.829	23.46	94396	358673.594	451181	360137.594	19.971	35.557	-11.202
2016/01/08	19.50	20.47	18.01	19.63	387081.00	756910912	0	20.872	22.725	22.958	22.763	22.793	23.381	387081	323532	447823.313	369433.563	19.267	30.127	-2.452
2016/01/11	18.98	19.18	17.67	17.67	334436.00	610692800	0	19.966	22.082	22.733	22.581	22.712	23.31	334436	317605.594	441954.094	376967.938	12.845	24.367	-10.198
2016/01/12	17.57	17.93	16.85	17.61	262190.00	458431904	0	19.232	21.524	22.476	22.42	22.639	23.243	262190	280194.188	421940.813	377834.844	11.04	19.924	-6.729
2016/01/13	17.98	18.18	16.48	16.51	262147.00	457952352	0	18.192	20.713	22.144	22.23	22.531	23.148	262147	268050	411488	375800.813	7.466	15.771	-9.146
2016/01/14	15.69	17.40	15.69	17.12	263114.00	436590720	0	17.708	19.794	21.842	22.057	22.471	23.054	263114	301793.594	330233.594	378012.156	10.238	13.927	2.861
2016/01/15	16.96	17.18	15.77	16.29	282746.00	465888480	0	17.04	18.956	21.479	21.833	22.377	22.93	282746	280926.594	302229.313	375053	9.995	12.616	4.753
2016/01/18	15.97	17.09	15.69	16.83	227518.00	377845184	0	16.872	18.419	21.18	21.644	22.271	22.797	227518	259543	288574.313	373353.563	12.862	12.698	13.191
2016/01/19	16.68	17.58	16.60	17.48	332032.00	571253312	0	16.846	18.039	20.902	21.461	22.178	22.643	332032	273511.406	276852.813	377361.094	19.268	14.888	28.027
2016/01/20	17.21	17.58	16.50	16.93	281205.00	480073984	0	16.93	17.561	20.569	21.296	22.072	22.494	281205	277323	272686.5	374826.75	21.492	17.09	30.298
2016/01/21	16.73	17.36	16.23	16.26	241672.00	409214304	0	16.758	17.233	20.212	21.121	21.983	22.368	241672	273034.594	287414.094	369297.563	19.772	17.984	23.349
2016/01/22	16.45	17.15	16.21	16.87	264998.00	442614528	0	16.874	16.957	19.841	20.957	21.913	22.264	264998	269485	275205.813	361514.563	28.978	21.649	43.637
2016/01/25	17.06	17.30	16.81	17.07	183720.00	313367744	0	16.922	16.897	19.49	20.787	21.86	22.139	183720	260725.406	260134.203	351044.156	37.793	27.03	59.318
2016/01/26	16.80	16.85	15.36	15.36	346908.00	558301696	0	16.498	16.672	19.098	20.541	21.795	22.012	346908	263700.594	268606	345273.406	25.195	26.418	22.749
2016/01/27	15.40	15.55	14.35	15.29	263194.00	396257120	0	16.17	16.55	18.632	20.279	21.726	21.906	263194	260098.406	268710.688	340099.344	26.497	26.445	26.603
2016/01/28	15.31	16.10	14.61	14.83	282952.00	436862784	0	15.884	16.321	18.058	20.002	21.624	21.82	282952	268354.406	270694.5	300464.063	22.619	25.169	17.517
2016/01/29	14.92	15.66	14.69	15.42	245522.00	375236320	0	15.594	16.234	17.595	19.731	21.525	21.717	245522	264459.188	266972.094	284600.688	26.121	25.487	27.391
2016/02/01	15.45	15.57	14.35	14.79	215237.00	321691808	0	15.138	16.03	17.225	19.463	21.381	21.616	215237	270762.594	265744	277159.156	21.955	24.309	17.246
2016/02/02	14.91	15.78	14.82	15.48	244591.00	376941280	0	15.162	15.83	16.934	19.211	21.234	21.524	244591	250299.203	256999.906	266926.344	27.15	25.256	30.939
2016/02/03	15.18	15.47	14.90	15.42	177648.00	269488128	0	15.188	15.679	16.62	18.939	21.094	21.416	177648	233190	246644.203	259665.344	30.191	26.901	36.77
2016/02/04	15.43	15.94	15.36	15.70	317932.00	497971776	0	15.362	15.623	16.428	18.682	20.946	21.287	317932	240186	254270.203	270842.156	35.381	29.728	46.688
2016/02/05	16.20	16.65	15.68	15.78	297408.00	477393728	0	15.434	15.514	16.236	18.399	20.813	21.144	297408	250563.203	257511.203	266358.5	42.654	34.037	59.889
2016/02/15	15.10	16.00	15.02	15.87	236134.00	365418432	0	15.65	15.394	16.146	18.124	20.695	21.018	236134	254742.594	262752.594	261443.406	50.465	39.513	72.37
2016/02/16	16.01	17.07	15.90	16.92	396796.00	655660800	0	15.938	15.55	16.111	17.915	20.584	20.889	396796	285183.594	267741.406	268173.688	65.139	48.055	99.306
2016/02/17	17.10	17.48	16.66	17.18	400192.00	685226368	0	16.29	15.739	16.145	17.667	20.489	20.762	400192	329692.406	281441.188	275075.938	73.564	56.558	107.577
2016/02/18	17.40	17.44	16.71	16.86	270371.00	459964576	0	16.522	15.942	16.132	17.352	20.395	20.633	270371	320180.188	280183.094	275438.813	75.773	62.963	101.394
2016/02/19	16.82	17.23	16.70	17.05	258824.00	438884896	0	16.776	16.105	16.17	17.098	20.291	20.533	258824	312463.406	281513.313	274242.688	78.46	68.129	99.124
2016/02/22	17.40	17.50	17.07	17.37	353019.00	608697344	0	17.076	16.363	16.197	16.937	20.153	20.436	353019	335840.406	295291.5	280517.75	83.974	73.41	105.1
2016/02/23	17.26	17.30	16.56	16.89	344184.00	580174208	0	17.07	16.504	16.167	16.791	20.023	20.343	344184	325318	305250.813	281125.344	81.117	75.979	91.392
2016/02/24	16.88	17.28	16.51	17.15	344773.00	583985280	0	17.064	16.677	16.178	16.639	19.89	20.276	344773	314234.188	321963.313	284303.75	82.707	78.222	91.677
2016/02/25	17.10	17.15	15.44	15.44	462039.00	743731584	0	16.78	16.651	16.137	16.502	19.722	20.216	462039	352567.813	336374	295322.094	60.783	72.409	37.531
2016/02/26	15.58	15.58	14.70	15.02	258435.00	392359168	0	16.374	16.575	16.045	16.349	19.556	20.171	258435	352490	332476.688	294993.938	44.332	63.05	6.895
2016/02/29	15.06	15.08	13.52	13.53	354500.00	487549344	0	15.606	16.341	15.868	16.211	19.396	20.131	354500	352786.188	344313.313	303532.938	29.638	51.913	-14.911
2016/03/01	13.48	14.30	13.01	14.23	318061.00	436514560	0	15.074	16.072	15.811	16.098	19.259	20.09	318061	347561.594	336439.813	302090.594	28.816	44.214	-1.98
2016/03/02	14.15	14.94	13.93	14.82	355679.00	511495456	0	14.608	15.836	15.788	16.042	19.136	20.038	355679	349742.813	331988.5	306714.844	32.648	40.358	17.227
2016/03/03	14.74	15.29	14.62	14.73	322775.00	480805056	0	14.466	15.623	15.783	15.962	19.01	20.002	322775	321890	337228.906	308706	34.534	38.417	26.769
2016/03/04	14.66	14.80	13.59	14.07	280557.00	397755232	0	14.276	15.325	15.715	15.888	18.861	19.977	280557	326314.406	339402.188	310457.75	31.259	36.031	21.715
2016/03/07	14.20	14.60	14.14	14.37	203675.00	292394656	0	14.444	15.025	15.694	15.806	18.725	19.968	203675	296149.406	324467.813	309879.656	31.456	34.506	25.356
2016/03/08	14.38	14.38	13.45	14.31	225493.00	313157888	0	14.46	14.767	15.635	15.7	18.581	19.947	225493	277635.813	312598.688	308924.75	31.438	33.483	27.347
2016/03/09	13.90	14.13	13.66	13.87	167840.00	233268032	0	14.27	14.439	15.558	15.598	18.447	19.915	167840	240068	294905.406	308434.344	32.113	33.026	30.286
2016/03/10	13.86	14.04	13.61	13.62	147929.00	204309616	0	14.048	14.257	15.454	15.51	18.316	19.872	147929	205098.797	263494.406	299934.188	30.327	32.127	26.727
2016/03/11	13.48	13.81	13.35	13.62	139301.00	189569808	0	13.958	14.117	15.346	15.402	18.18	19.835	139301	176847.594	251581	292028.844	29.136	31.13	25.148
2016/03/14	13.78	14.84	13.78	14.38	294114.00	421990144	0	13.96	14.202	15.271	15.312	18.05	19.795	294114	194935.406	245542.406	294927.844	37.122	33.127	45.111
2016/03/15	14.30	15.00	14.27	14.72	377335.00	553914496	0	14.042	14.251	15.161	15.291	17.916	19.774	377335	225303.797	251469.797	293954.813	48.287	38.18	68.501
2016/03/16	14.65	14.77	14.08	14.29	226951.00	326407136	0	14.126	14.198	15.017	15.258	17.768	19.764	226951	237126	238597	285292.75	51.181	42.514	68.516
2016/03/17	14.38	15.00	14.33	14.94	323725.00	477485344	0	14.39	14.219	14.921	15.261	17.632	19.746	323725	272285.188	238692	287960.438	66.242	50.423	97.88
2016/03/18	15.01	15.96	14.83	15.88	475452.00	734390592	0	14.842	14.4	14.863	15.277	17.504	19.736	475452	339515.406	258181.5	298791.844	76.473	59.107	111.206
2016/03/21	16.41	16.43	15.88	16.27	435090.00	703259136	0	15.22	14.59	14.807	15.326	17.395	19.723	435090	367710.594	281323	302895.406	82.584	66.932	113.887
2016/03/22	16.09	17.90	15.82	17.46	1027558.00	1782386176	0	15.768	14.905	14.836	15.392	17.302	19.711	1027558	497755.188	361529.5	337064.094	85.166	73.01	109.477
2016/03/23	16.90	17.39	16.74	17.16	581202.00	989814208	0	16.342	15.234	14.837	15.45	17.194	19.69	581202	568605.375	402865.688	348885.563	84.689	76.903	100.261
2016/03/24	16.96	17.60	16.65	16.70	467829.00	801601472	0	16.694	15.542	14.899	15.483	17.083	19.663	467829	597426.188	434855.688	349175.063	80.084	77.963	84.325
2016/03/25	16.46	16.79	16.30	16.59	259925.00	429499840	0	16.836	15.839	14.978	15.51	16.955	19.635	259925	554320.813	446918.094	349249.563	75.292	77.073	71.729
2016/03/28	16.71	17.46	16.50	16.65	311711.00	529205472	0	16.912	16.066	15.134	15.536	16.83	19.623	311711	529645	448677.813	347110.094	72.62	75.589	66.684
2016/03/29	16.68	16.75	15.66	15.84	276150.00	443898144	0	16.588	16.178	15.215	15.5	16.708	19.596	276150	379363.406	438559.313	345014.563	62.512	71.23	45.078
2016/03/30	16.09	16.88	16.06	16.78	278564.00	457440448	0	16.512	16.427	15.313	15.487	16.577	19.583	278564	318835.813	443720.594	341158.813	62.848	68.436	51.671
2016/03/31	16.96	17.80	16.76	16.78	436984.00	746641280	0	16.528	16.611	15.415	15.484	16.418	19.571	436984	312666.813	455046.5	346869.25	58.565	65.146	45.404
2016/04/01	16.58	16.99	16.36	16.96	272976.00	453226752	0	16.602	16.719	15.559	15.481	16.29	19.55	272976	315277	434798.906	346490.188	58.389	62.893	49.379
2016/04/05	17.03	17.90	16.80	17.66	433244.00	755439936	0	16.804	16.858	15.724	15.491	16.214	19.531	433244	339583.594	434614.313	357968.656	68.688	64.825	76.414
2016/04/06	17.65	18.62	17.44	18.31	497220.00	902204352	0	17.298	16.943	15.924	15.538	16.165	19.506	497220	383797.594	381580.5	371555	75.634	68.428	90.047
2016/04/07	18.82	19.00	17.50	17.59	455325.00	820080896	0	17.46	16.986	16.11	15.553	16.096	19.472	455325	419149.813	368992.813	385929.25	69.684	68.847	71.359
2016/04/08	17.40	18.89	17.15	18.49	631449.00	1148371968	0	17.802	17.165	16.354	15.655	16.079	19.454	631449	458042.813	385354.813	410105.25	74.7	70.798	82.504
2016/04/11	18.52	19.70	18.36	19.19	597765.00	1127199232	0	18.248	17.425	16.632	15.794	16.071	19.432	597765	523000.594	419138.813	433028.438	78.925	73.507	89.762
2016/04/12	19.19	19.19	18.40	18.98	413403.00	775508544	0	18.512	17.658	16.862	15.975	16.093	19.403	413403	519032.406	429308	438992.906	79.357	75.457	87.157
2016/04/13	19.18	19.96	18.75	19.29	494482.00	959077120	0	18.708	18.003	17.09	16.144	16.121	19.38	494482	518484.813	451141.188	444850.25	80.034	76.983	86.137
2016/04/14	19.35	20.79	19.35	20.30	537449.00	1079995136	0	19.25	18.355	17.391	16.327	16.184	19.358	537449	534909.625	477029.688	460375.156	83.002	78.989	91.029
2016/04/15	20.00	20.50	19.81	20.17	275643.00	553296128	0	19.586	18.694	17.653	16.508	16.235	19.353	275643	463748.406	460895.594	457971.063	83.489	80.489	89.488
2016/04/18	19.80	19.93	19.16	19.27	288108.00	560659328	0	19.602	18.925	17.822	16.681	16.285	19.331	288108	401817	462408.813	448603.844	75.073	78.684	67.852
2016/04/19	19.35	19.66	18.71	18.99	281032.00	536980096	0	19.604	19.058	17.958	16.835	16.321	19.296	281032	375342.813	447187.594	440900.938	66.898	74.755	51.185
2016/04/20	19.10	19.20	17.09	17.09	547327.00	975636736	0	19.164	18.936	17.94	16.928	16.314	19.246	547327	385911.813	452198.313	416889.406	44.599	64.703	4.391
2016/04/21	16.90	17.40	16.57	16.67	316493.00	539803520	0	18.438	18.844	17.915	17.021	16.31	19.191	316493	341720.594	438315.094	403653.938	30.523	53.31	-15.052
2016/04/22	16.65	17.36	16.63	17.30	297493.00	510222080	0	17.864	18.725	17.945	17.144	16.327	19.155	297493	346090.594	404919.5	395137.156	26.115	44.245	-10.146
2016/04/25	17.30	17.79	16.77	17.61	279093.00	486757408	0	17.532	18.567	17.996	17.277	16.34	19.126	279093	344287.594	373052.313	396095.563	25.625	38.038	0.798
2016/04/26	17.70	17.86	17.21	17.70	174884.00	306471104	0	17.274	18.439	18.049	17.388	16.35	19.105	174884	323058	349200.406	389254.188	26.009	34.028	9.97
2016/04/27	17.66	17.84	17.26	17.38	164817.00	289637792	0	17.332	18.248	18.125	17.476	16.384	19.09	164817	246556	316233.906	383687.563	24.209	30.755	11.118
2016/04/28	17.16	17.41	16.68	17.22	199259.00	339057984	0	17.442	17.94	18.147	17.574	16.416	19.071	199259	223109.203	282414.906	379722.313	22.588	28.033	11.698
2016/04/29	17.04	17.17	16.75	16.89	116172.00	197005920	0	17.36	17.612	18.153	17.639	16.45	19.037	116172	186845	266467.813	363681.688	18.511	24.859	5.814
2016/05/03	16.85	17.65	16.75	17.60	179818.00	311629856	0	17.358	17.445	18.185	17.696	16.486	19.006	179818	166990	255638.797	359023.813	25.395	25.038	26.11
2016/05/04	17.54	17.75	17.36	17.46	187071.00	328554944	0	17.31	17.292	18.175	17.736	16.531	18.956	187071	169427.406	246242.703	346715.156	39.927	30.001	59.78
2016/05/05	17.28	17.43	16.94	17.29	205006.00	352862336	0	17.292	17.312	18.124	17.73	16.561	18.897	205006	177465.203	212010.594	332104.438	44.504	34.835	63.843
2016/05/06	17.28	17.31	16.06	16.14	317927.00	529952544	0	17.076	17.259	18.052	17.696	16.573	18.833	317927	201198.797	212154	325234.563	31.151	33.607	26.239
2016/05/09	15.90	15.94	14.90	15.08	221512.00	338041920	0	16.714	17.037	17.881	17.642	16.563	18.755	221512	222266.797	204555.906	304737.688	22.794	30.003	8.377
2016/05/10	15.08	15.35	15.01	15.18	113063.00	171833920	0	16.23	16.794	17.681	17.595	16.553	18.683	113063	208915.797	187952.906	280502.594	18.371	26.126	2.861
2016/05/11	15.32	15.40	14.75	14.78	152571.00	229213600	0	15.694	16.502	17.47	17.533	16.535	18.615	152571	202015.797	185721.594	267461	12.581	21.611	-5.479
2016/05/12	14.50	14.69	14.18	14.68	150369.00	217558656	0	15.172	16.232	17.24	17.494	16.497	18.541	150369	191088.406	184276.797	250255.344	13.056	18.759	1.649
2016/05/13	15.31	15.61	14.83	14.90	222963.00	339334592	0	14.924	16	16.97	17.432	16.459	18.474	222963	172095.594	186647.203	234531.047	15.426	17.648	10.983
2016/05/16	14.72	15.79	14.71	15.77	303459.00	465281728	0	15.062	15.888	16.75	17.398	16.441	18.418	303459	188485	205375.906	235921.844	25.13	20.142	35.106
2016/05/17	15.80	15.82	15.35	15.51	202943.00	316278336	0	15.128	15.679	16.562	17.35	16.416	18.353	202943	206461	207688.406	231663.594	30.395	23.56	44.064
2016/05/18	15.23	15.28	14.46	14.79	211203.00	314334752	0	15.13	15.412	16.352	17.254	16.372	18.263	211203	218187.406	210101.594	228172.156	26.759	24.626	31.026
2016/05/19	14.85	15.35	14.85	15.01	161330.00	244057872	0	15.196	15.184	16.248	17.144	16.341	18.182	161330	220379.594	205734	208872.297	33.559	27.604	45.47
2016/05/20	14.83	15.32	14.66	15.31	165414.00	248531296	0	15.278	15.101	16.18	17.068	16.31	18.1	165414	208869.797	190482.703	201318.344	45.34	33.516	68.989
2016/05/23	15.30	15.64	15.21	15.44	144584.00	223251152	0	15.212	15.137	16.087	16.966	16.31	18.017	144584	177094.797	182789.906	193672.906	55.837	40.956	85.597
2016/05/24	15.30	15.38	14.98	15.10	105055.00	158971872	0	15.13	15.129	15.962	16.83	16.312	17.934	105055	157517.203	181989.094	184971	55.924	45.945	75.88
2016/05/25	15.33	15.47	15.02	15.10	120419.00	183555392	0	15.192	15.161	15.832	16.701	16.338	17.867	120419	139360.406	178773.906	182247.75	52.969	48.286	62.333
2016/05/26	15.00	15.22	14.50	15.18	151172.00	224766176	0	15.226	15.211	15.722	16.564	16.354	17.806	151172	137328.797	178854.203	181565.5	52.96	49.844	59.19
2016/05/27	15.06	15.65	15.05	15.52	218971.00	337305792	0	15.268	15.273	15.637	16.404	16.365	17.751	218971	148040.203	178455	182551.094	61.287	53.658	76.544
2016/05/30	16.30	17.07	16.10	17.07	629745.00	1053417280	0	15.594	15.403	15.646	16.301	16.404	17.707	629745	245072.406	211083.594	208229.75	74.191	60.503	101.568
2016/05/31	16.80	17.94	16.80	17.72	547337.00	952347648	0	16.118	15.624	15.651	16.249	16.465	17.663	547337	333528.813	245523	226605.703	80.662	67.223	107.542
2016/06/01	17.98	18.74	17.72	18.35	429375.00	783932032	0	16.768	15.98	15.696	16.228	16.532	17.628	429375	395320	267340.188	238720.906	84.042	72.829	106.468
2016/06/02	18.10	18.61	18.00	18.36	325727.00	596589312	0	17.404	16.315	15.75	16.27	16.599	17.59	325727	430231	283779.906	244756.953	86.374	77.344	104.434
2016/06/03	18.45	19.40	18.40	18.80	425271.00	805460032	0	18.06	16.664	15.882	16.341	16.681	17.564	425271	471491	309765.594	250124.156	86.834	80.508	99.488
2016/06/06	18.80	19.00	18.11	18.92	295760.00	547044608	0	18.43	17.012	16.075	16.395	16.77	17.543	295760	404694	324883.188	253836.547	87.958	82.991	97.891
2016/06/07	18.70	19.66	18.36	19.41	385974.00	739918080	0	18.768	17.443	16.286	16.455	16.866	17.523	385974	372421.406	352975.094	267482.094	90.357	85.446	100.178
2016/06/08	19.30	20.28	18.97	19.38	377920.00	743649600	0	18.974	17.871	16.516	16.511	16.949	17.5	377920	362130.406	378725.188	278749.563	87.835	86.242	91.02
2016/06/13	19.04	20.18	18.60	18.63	415655.00	811588288	0	19.028	18.216	16.713	16.553	17.015	17.465	415655	380116	405173.5	292013.844	78.732	83.739	68.718
2016/06/14	18.45	19.50	18.45	19.47	303076.00	575889280	0	19.162	18.611	16.942	16.628	17.101	17.435	303076	355677	413584	296019.5	78.063	81.847	70.494
2016/06/15	19.18	20.97	19.18	20.29	439554.00	888305536	0	19.436	18.933	17.168	16.741	17.19	17.411	439554	384435.813	394564.906	302824.25	78.401	80.698	73.806
2016/06/16	20.12	20.75	19.70	19.82	419582.00	849381120	0	19.518	19.143	17.383	16.815	17.256	17.38	419582	391157.406	381789.406	313656.188	72.694	78.03	62.021
2016/06/17	20.00	20.35	19.68	20.09	224729.00	449771232	0	19.66	19.317	17.649	16.903	17.319	17.357	224729	360519.188	361324.813	314332.5	71.539	75.867	62.885
2016/06/20	20.20	21.20	20.20	21.04	346458.00	719552512	0	20.142	19.585	17.95	17.028	17.379	17.34	346458	346679.813	363397.906	323588.906	79.3	77.011	83.879
2016/06/21	21.25	21.40	20.47	20.72	233589.00	486126048	0	20.392	19.777	18.22	17.181	17.438	17.316	233589	332782.406	344229.688	326997.656	78.744	77.589	81.055
2016/06/22	20.51	20.90	20.21	20.73	240236.00	491714816	0	20.48	19.958	18.485	17.369	17.506	17.294	240236	292918.813	338677.313	331780.25	78.259	77.812	79.152
2016/06/23	20.90	22.03	20.87	21.82	465266.00	1002668416	0	20.88	20.199	18.821	17.59	17.593	17.274	465266	302055.594	346606.5	349790.813	83.551	79.725	91.202
2016/06/24	21.76	22.20	20.29	21.42	460129.00	989383296	0	21.146	20.403	19.137	17.812	17.672	17.251	460129	349135.594	354827.406	366776.313	82.1	80.517	85.268
2016/06/27	21.11	22.22	21.10	22.02	268215.00	583294656	0	21.342	20.742	19.479	18.056	17.775	17.242	268215	333487	340083.406	372628.438	85.874	82.302	93.017
2016/06/28	21.80	21.95	21.15	21.24	255092.00	548726016	0	21.446	20.919	19.765	18.268	17.85	17.213	255092	337787.594	335285	374434.5	77.722	80.776	71.614
2016/06/29	21.14	21.32	20.10	20.43	564882.00	1153162368	0	21.386	20.933	19.933	18.423	17.91	17.164	564882	402716.813	347817.813	371191.344	61.657	74.403	36.166
2016/06/30	20.20	20.56	19.42	19.88	519326.00	1034176512	0	20.998	20.939	20.041	18.569	17.959	17.125	519326	413528.813	357792.188	369790.813	46.581	65.129	9.485
2016/07/01	19.90	20.09	19.53	19.71	280405.00	554480384	0	20.656	20.901	20.109	18.733	17.993	17.104	280405	377584	363359.813	362342.313	34.506	54.921	-6.324
2016/07/04	19.65	20.14	19.61	19.94	340852.00	679179008	0	20.24	20.791	20.188	18.897	18.021	17.093	340852	392111.406	362799.188	363098.563	29.195	46.346	-5.107
2016/07/05	19.90	20.30	19.24	20.28	610921.00	1205518336	0	20.048	20.747	20.262	19.063	18.065	17.081	610921	463277.188	400532.406	372381.063	31.096	41.263	10.764
2016/07/06	20.02	20.20	19.90	19.97	300184.00	601089856	0	19.956	20.671	20.314	19.214	18.09	17.084	300184	410337.594	406527.188	372602.25	28.896	37.14	12.408
2016/07/07	19.91	21.97	19.79	21.97	801825.00	1703820544	0	20.374	20.686	20.442	19.443	18.136	17.104	801825	466837.406	440183.094	393394.813	49.801	41.361	66.682
2016/07/08	21.80	22.77	21.60	21.84	640604.00	1425856640	0	20.8	20.728	20.566	19.667	18.184	17.139	640604	538877.188	458230.594	406529	57.752	46.825	79.608
2016/07/11	22.01	23.50	21.69	22.72	627302.00	1414675968	0	21.356	20.798	20.77	19.919	18.241	17.181	627302	596167.188	494139.313	417111.344	65.732	53.127	90.941
2016/07/12	22.50	23.03	21.80	22.50	356822.00	797958016	0	21.8	20.924	20.921	20.151	18.278	17.231	356822	545347.375	504312.313	419798.656	69.33	58.528	90.933
2016/07/13	22.77	23.12	22.23	22.69	341991.00	776296960	0	22.344	21.15	21.042	20.339	18.32	17.277	341991	553708.813	482023.188	414920.5	73.215	63.424	92.798
2016/07/14	22.42	22.60	21.78	22.24	292123.00	644581632	0	22.398	21.386	21.163	20.489	18.369	17.327	292123	451768.406	459302.906	408547.563	72.284	66.377	84.098
2016/07/15	22.24	22.55	21.90	21.98	222201.00	491027648	0	22.426	21.613	21.257	20.61	18.419	17.37	222201	368087.813	453482.5	408421.156	69.629	67.461	73.965
2016/07/18	22.00	22.28	21.35	21.83	196831.00	428535776	0	22.248	21.802	21.296	20.726	18.498	17.406	196831	281993.594	439080.406	400939.813	64.748	66.557	61.131
2016/07/19	21.95	24.01	21.71	24.01	620539.00	1422037376	0	22.55	22.175	21.461	20.9	18.621	17.465	620539	334737	440042.188	420287.313	76.499	69.871	89.755
2016/07/20	23.56	23.86	23.08	23.19	413754.00	968693568	0	22.65	22.497	21.584	21.042	18.719	17.523	413754	349089.594	451399.188	428963.188	74.057	71.266	79.638
2016/07/21	23.24	23.83	23.01	23.22	297411.00	698049088	0	22.846	22.622	21.654	21.169	18.812	17.576	297411	350147.188	400957.813	420570.438	72.805	71.779	74.856
2016/07/22	23.01	23.73	22.81	23.37	259662.00	606914048	0	23.124	22.775	21.751	21.302	18.907	17.628	259662	357639.406	362863.594	410547.094	73.85	72.469	76.611
2016/07/25	23.72	24.20	22.35	22.45	393365.00	919637120	0	23.248	22.748	21.773	21.429	18.991	17.687	393365	396946.188	339469.906	416804.594	62.099	69.012	48.271
2016/07/26	22.12	22.93	22.12	22.84	207987.00	469310432	0	23.014	22.782	21.853	21.542	19.085	17.75	207987	314435.813	324586.406	414449.344	58.826	65.617	45.244
2016/07/27	22.84	22.98	20.56	20.79	422507.00	905334528	0	22.534	22.592	21.871	21.558	19.15	17.8	422507	316186.406	332638	407330.594	41.324	57.519	8.932
2016/07/28	20.75	20.93	19.44	20.31	407631.00	818147648	0	21.952	22.399	21.892	21.575	19.195	17.841	407631	338230.406	344188.813	401745.844	33.642	49.56	1.805
2016/07/29	20.20	20.32	19.65	20.05	169721.00	339895232	0	21.288	22.206	21.91	21.573	19.238	17.885	169721	320242.188	338940.813	396211.656	26.699	41.94	-3.781
2016/08/01	19.80	19.94	18.68	19.21	268061.00	513803584	0	20.64	21.944	21.873	21.512	19.27	17.916	268061	295181.406	346063.813	392572.094	21	34.96	-6.92
2016/08/02	19.30	19.95	19.15	19.84	206903.00	407864384	0	20.04	21.527	21.851	21.483	19.332	17.952	206903	294964.594	304700.188	372371.188	21.005	30.308	2.398
2016/08/03	19.76	19.90	19.49	19.88	158333.00	311596992	0	19.858	21.196	21.847	21.455	19.412	17.987	158333	242129.797	279158.094	365278.656	21.25	27.289	9.172
2016/08/04	19.95	20.46	19.50	20.16	277185.00	556287936	0	19.828	20.89	21.756	21.399	19.495	18.024	277185	216040.594	277135.5	339046.656	23.104	25.894	17.524
2016/08/05	19.92	20.39	19.78	19.98	199177.00	399857376	0	19.814	20.551	21.663	21.351	19.581	18.058	199177	221931.797	271087	316975.313	25.48	25.756	24.928
2016/08/08	19.90	20.19	19.40	20.16	204840.00	407385664	0	20.004	20.322	21.535	21.289	19.673	18.085	204840	209287.594	252234.5	295852.188	28.459	26.657	32.064
2016/08/09	20.15	20.48	20.01	20.44	211375.00	427804608	0	20.124	20.082	21.432	21.263	19.765	18.112	211375	210182	252573.297	288579.844	45.047	32.787	69.567
2016/08/10	20.36	20.78	19.87	19.90	239560.00	485014720	0	20.128	19.993	21.292	21.245	19.834	18.138	239560	226427.406	234278.594	283458.313	49.396	38.323	71.542
2016/08/11	19.91	19.92	19.21	19.46	246418.00	479718752	0	19.988	19.908	21.153	21.231	19.9	18.158	246418	220274	218157.297	281173.063	45.312	40.653	54.63
2016/08/12	19.33	19.85	19.23	19.82	170747.00	333381248	0	19.956	19.885	21.045	21.235	19.984	18.178	170747	214588	218259.906	278600.344	43.909	41.738	48.251
2016/08/15	19.83	20.82	19.40	20.49	348518.00	703877696	0	20.022	20.013	20.979	21.253	20.075	18.208	348518	243323.594	226305.594	286184.688	55.774	46.417	74.488
2016/08/16	20.50	20.67	20.28	20.36	201426.00	411568288	0	20.006	20.065	20.796	21.256	20.159	18.235	201426	241333.797	225757.906	265229.063	60.992	51.275	80.426
2016/08/17	20.21	20.81	20.15	20.54	218227.00	446962208	0	20.134	20.131	20.663	21.275	20.244	18.277	218227	237067.203	231747.297	255452.703	68.198	56.916	90.761
2016/08/18	20.50	20.85	20.29	20.39	215606.00	443674912	0	20.32	20.154	20.522	21.222	20.332	18.322	215606	230904.797	225589.406	251362.453	69.449	61.094	86.159
2016/08/19	20.40	20.57	19.88	20.06	160439.00	322259744	0	20.368	20.162	20.357	21.163	20.415	18.376	160439	228843.203	221715.594	246401.297	63.576	61.921	66.885
2016/08/22	20.07	20.09	19.54	19.58	169785.00	335451872	0	20.186	20.104	20.213	21.058	20.488	18.421	169785	193096.594	218210.094	235222.297	49.904	57.915	33.882
2016/08/23	19.58	19.83	19.50	19.73	103548.00	203446512	0	20.06	20.033	20.057	20.966	20.559	18.462	103548	173521	207427.406	230000.344	43.839	53.223	25.069
2016/08/24	19.75	20.15	19.67	19.87	129731.00	258084960	0	19.926	20.03	20.011	20.872	20.605	18.505	129731	155821.797	196444.5	215361.547	42.394	49.614	27.956
2016/08/25	19.67	19.74	19.25	19.56	110030.00	214848896	0	19.76	20.04	19.974	20.782	20.636	18.551	110030	134706.594	182805.703	200481.5	34.721	44.649	14.865
2016/08/26	19.52	19.95	19.50	19.57	134347.00	265214752	0	19.662	20.015	19.95	20.702	20.656	18.594	134347	129488.203	179165.703	198712.797	29.814	39.704	10.034
2016/08/29	19.40	19.62	19.21	19.34	152665.00	296008480	0	19.614	19.9	19.956	20.619	20.673	18.636	152665	126064.203	159580.406	192943	22.518	33.976	-0.396
2016/08/30	19.34	19.48	19.15	19.24	116363.00	224614880	0	19.516	19.788	19.927	20.46	20.68	18.681	116363	128627.203	151074.094	188416	16.777	28.243	-6.155
2016/08/31	19.23	19.29	18.68	19.05	182812.00	346195104	0	19.352	19.639	19.885	20.322	20.682	18.726	182812	139243.406	147532.594	189639.953	17.71	24.732	3.667
2016/09/01	19.00	19.32	18.84	19.04	138490.00	264904048	0	19.248	19.504	19.829	20.183	20.676	18.771	138490	144935.406	139821	182705.203	19.97	23.145	13.621
2016/09/02	18.95	19.09	18.55	18.80	124681.00	234711824	0	19.094	19.378	19.77	20.03	20.666	18.808	124681	143002.203	136245.203	178980.406	18.522	21.604	12.358
2016/09/05	18.88	18.98	18.72	18.77	89570.00	168993296	0	18.98	19.297	19.701	19.908	20.668	18.842	89570	130383.203	128223.703	173216.906	16.931	20.046	10.701
2016/09/06	18.82	19.81	18.71	19.63	265895.00	515542688	0	19.058	19.287	19.66	19.801	20.671	18.886	265895	160289.594	144458.406	175942.906	37.002	25.698	59.609
2016/09/07	19.70	19.76	19.41	19.44	134781.00	263053792	0	19.136	19.244	19.637	19.756	20.657	18.924	134781	150683.406	144963.406	170703.953	45.858	32.418	72.739
2016/09/08	19.50	19.55	19.22	19.42	123705.00	239500160	0	19.212	19.23	19.635	19.726	20.65	18.953	123705	147726.406	146330.906	164568.297	53.588	39.475	81.815
2016/09/09	19.59	19.59	18.89	18.91	127808.00	245724656	0	19.234	19.164	19.59	19.688	20.631	18.975	127808	148351.797	145677	162421.344	45.249	41.4	52.948
2016/09/12	18.28	18.41	17.87	17.89	264045.00	476879872	0	19.058	19.019	19.459	19.644	20.578	18.979	264045	183246.797	156815	158197.703	30.51	37.77	15.99
2016/09/13	17.97	18.09	17.50	17.71	153223.00	271738304	0	18.674	18.866	19.327	19.573	20.528	18.983	153223	160712.406	160501	155787.547	23.37	32.97	4.171
2016/09/14	17.70	17.81	17.28	17.36	141155.00	247137600	0	18.258	18.697	19.168	19.489	20.472	18.989	141155	161987.203	156335.297	151933.953	16.634	27.525	-5.147
2016/09/19	17.44	17.88	17.44	17.80	109577.00	193491104	0	17.934	18.573	19.038	19.41	20.405	18.999	109577	159161.594	153444	146632.5	17.941	24.33	5.162
2016/09/20	17.81	17.81	17.48	17.70	85343.00	150214304	0	17.692	18.463	18.92	19.334	20.343	19.008	85343	150668.594	149510.203	142877.703	17.494	22.051	8.379
2016/09/21	17.69	17.92	17.62	17.74	99960.00	177618016	0	17.662	18.36	18.829	19.254	20.271	19.023	99960	117851.602	150549.203	139386.453	17.845	20.649	12.238
2016/09/22	17.93	17.95	17.70	17.77	90632.00	161402720	0	17.674	18.174	18.73	19.165	20.214	19.032	90632	105333.398	133022.906	138740.656	18.968	20.089	16.725
2016/09/23	17.86	17.94	17.61	17.67	86060.00	152498112	0	17.736	17.997	18.621	19.09	20.168	19.039	86060	94314.398	128150.797	136557.094	18.273	19.483	15.852
2016/09/26	17.62	17.63	16.93	17.00	155786.00	268435872	0	17.576	17.755	18.493	19.008	20.12	19.039	155786	103556.203	131358.906	138844.906	13.758	17.575	6.125
2016/09/27	17.10	17.77	17.01	17.73	175171.00	304660832	0	17.582	17.637	18.4	18.939	20.087	19.04	175171	121521.797	136095.203	140886.094	32.161	22.437	51.608
2016/09/28	17.73	17.98	17.63	17.69	144862.00	257785280	0	17.572	17.617	18.318	18.845	20.049	19.035	144862	130502.203	124176.898	140495.953	45.568	30.147	76.408
2016/09/29	17.62	17.84	17.62	17.69	62377.00	110583200	0	17.556	17.615	18.24	18.756	20.006	19.036	62377	124851.203	115092.297	137796.656	54.505	38.267	86.983
2016/09/30	17.70	17.92	17.64	17.90	83234.00	148510720	0	17.602	17.669	18.183	18.668	19.972	19.031	83234	124286	109300.203	132817.75	67.131	47.888	105.616
2016/10/10	18.20	19.24	18.14	19.08	254876.00	477439488	0	18.018	17.797	18.185	18.625	19.923	19.03	254876	144104	123830.102	138637.047	75.778	57.185	112.965
2016/10/11	18.95	19.63	18.85	19.37	276447.00	536078368	0	18.346	17.964	18.214	18.602	19.882	19.033	276447	164359.203	142940.5	146225.344	80.642	65.004	111.919
2016/10/12	19.29	19.55	19.06	19.34	122415.00	236406224	0	18.676	18.124	18.242	18.594	19.826	19.034	122415	159869.797	145186	147867.594	83.515	71.174	108.196
2016/10/13	19.34	19.72	19.19	19.39	169440.00	330472704	0	19.016	18.286	18.23	18.582	19.774	19.026	169440	181282.406	153066.797	143044.844	85.067	75.805	103.591
2016/10/14	19.34	19.40	18.88	19.15	128713.00	245850384	0	19.266	18.434	18.215	18.558	19.715	19.017	128713	190378.203	157332.094	142741.453	83.034	78.215	92.672
2016/10/17	19.31	20.05	19.15	19.59	328413.00	650237184	0	19.368	18.693	18.224	18.559	19.671	19.02	328413	205085.594	174594.797	152976.844	82.379	79.603	87.932
2016/10/18	19.52	20.05	19.50	19.77	231333.00	456955712	0	19.448	18.897	18.267	18.566	19.634	19.027	231333	196062.797	180211	158153.094	84.412	81.206	90.824
2016/10/19	19.85	19.98	19.60	19.79	140518.00	278111744	0	19.538	19.107	18.362	18.581	19.6	19.049	140518	199683.406	179776.594	151976.75	86.012	82.808	92.42
2016/10/20	19.76	19.79	19.62	19.68	78882.00	155263360	0	19.596	19.306	18.461	18.596	19.528	19.074	78882	181571.797	181427.094	148259.703	84.217	83.278	86.097
2016/10/21	19.70	19.72	18.90	19.10	187442.00	360308960	0	19.586	19.426	18.548	18.597	19.46	19.089	187442	193317.594	191847.906	150574.047	63.089	76.548	36.172
2016/10/24	19.15	19.54	19.00	19.31	132340.00	255387168	0	19.53	19.449	18.623	18.606	19.395	19.103	132340	154103	179594.297	151712.203	54.31	69.136	24.66
2016/10/25	19.32	20.06	19.26	20.02	213857.00	420753344	0	19.58	19.514	18.739	18.647	19.339	19.123	213857	150607.797	173335.297	158137.906	68.41	68.894	67.443
2016/10/26	20.25	20.45	19.65	19.80	188004.00	375995616	0	19.582	19.56	18.842	18.681	19.295	19.143	188004	160105	179894.203	162540.094	65.14	67.642	60.134
2016/10/27	19.79	19.79	19.26	19.55	115442.00	224446688	0	19.556	19.576	18.931	18.679	19.24	19.162	115442	167417	174494.406	163780.594	57.405	64.23	43.755
2016/10/28	19.63	19.67	19.29	19.32	69260.00	134610112	0	19.6	19.593	19.014	18.675	19.215	19.183	69260	143780.594	168549.094	162940.594	47.302	58.587	24.732
2016/10/31	18.89	18.89	18.12	18.44	231244.00	427277824	0	19.426	19.478	19.086	18.642	19.184	19.19	231244	163561.406	158832.203	166713.5	36.113	51.096	6.147
2016/11/01	18.45	18.57	18.36	18.51	101353.00	187179472	0	19.124	19.352	19.125	18.629	19.158	19.198	101353	141060.594	145834.203	163022.594	29.655	43.949	1.066
2016/11/02	18.50	18.50	17.96	18.19	176515.00	319564800	0	18.802	19.192	19.149	18.639	19.141	19.206	176515	138762.797	149433.906	164605.25	22.849	36.915	-5.285
2016/11/03	18.10	18.38	18.00	18.27	109197.00	199136608	0	18.546	19.051	19.178	18.657	19.115	19.223	109197	137513.797	152465.406	166946.25	19.382	31.071	-3.995
2016/11/04	18.27	18.78	18.25	18.40	154230.00	285765600	0	18.362	18.981	19.204	18.692	19.09	19.251	154230	154507.797	149144.203	170496.047	18.812	26.985	2.466
2016/11/07	18.40	18.41	18.05	18.24	66768.00	121565280	0	18.322	18.874	19.162	18.707	19.059	19.277	66768	121612.602	142587	161090.656	16.29	23.42	2.029
2016/11/08	18.31	18.62	18.21	18.40	89279.00	164398320	0	18.3	18.712	19.113	18.73	19.032	19.307	89279	119197.797	130129.203	151732.25	18.874	21.905	12.814
2016/11/09	18.40	18.48	17.71	18.14	128241.00	232368160	0	18.29	18.546	19.053	18.743	18.999	19.336	128241	109543	124152.898	152023.547	19.896	21.235	17.217
2016/11/10	18.23	18.60	18.21	18.36	93366.00	172002000	0	18.308	18.427	19.001	18.763	18.964	19.365	93366	106376.797	121945.297	148219.844	31.625	24.698	45.48
2016/11/11	18.40	18.89	18.32	18.74	172831.00	321894752	0	18.376	18.369	18.981	18.799	18.944	19.389	172831	110097	132302.406	150425.75	50.18	33.192	84.155
2016/11/14	18.74	19.10	18.58	18.64	172635.00	325283456	0	18.456	18.389	18.934	18.853	18.931	19.415	172635	131270.406	126441.5	142636.844	55.755	40.713	85.839
2016/11/15	18.69	18.81	18.48	18.80	101817.00	189628656	0	18.536	18.418	18.885	18.889	18.914	19.449	101817	133778	126487.898	136161.047	63.309	48.245	93.437
2016/11/16	18.88	19.33	18.72	19.01	156384.00	297299456	0	18.71	18.5	18.846	18.933	18.889	19.482	156384	139406.594	124474.797	136954.344	68.955	55.149	96.568
2016/11/17	18.93	18.93	18.46	18.52	145375.00	270833120	0	18.742	18.525	18.788	18.961	18.858	19.509	145375	149808.406	128092.602	140279	62.637	57.645	72.621
2016/11/18	18.52	18.62	18.13	18.15	114756.00	210086656	0	18.624	18.5	18.74	18.969	18.819	19.531	114756	138193.406	124145.203	136644.703	50.811	55.367	41.7
2016/11/21	18.38	18.80	18.24	18.48	158571.00	293414720	0	18.592	18.524	18.699	18.949	18.787	19.56	158571	135380.594	133325.5	137956.25	49.718	53.484	42.186
2016/11/22	18.45	18.48	18.16	18.44	141633.00	258979200	0	18.52	18.528	18.62	18.918	18.76	19.587	141633	143343.797	138560.906	134345.047	41.756	49.575	26.12
2016/11/23	18.50	18.52	18.23	18.26	118209.00	217455312	0	18.37	18.54	18.543	18.882	18.738	19.613	118209	135708.797	137557.703	130855.297	31.449	43.533	7.281
2016/11/24	18.25	18.30	17.92	18.02	137795.00	248915648	0	18.27	18.506	18.466	18.836	18.709	19.634	137795	134192.797	142000.594	131972.953	23.33	36.798	-3.607
2016/11/25	17.83	18.16	17.65	18.07	117260.00	210716544	0	18.254	18.439	18.404	18.8	18.679	19.642	117260	134693.594	136443.5	134372.953	23.887	32.494	6.671
2016/11/28	18.07	18.20	17.99	18.10	83866.00	151635920	0	18.178	18.385	18.387	18.751	18.655	19.645	83866	119752.602	127566.602	127004.047	24.853	29.947	14.664
2016/11/29	18.12	18.12	17.78	17.84	101123.00	181467856	0	18.058	18.289	18.354	18.686	18.626	19.641	101123	111650.602	127497.203	126992.547	21.517	27.137	10.276
2016/11/30	17.86	18.03	17.55	17.93	86765.00	154938464	0	17.992	18.181	18.34	18.624	18.603	19.638	86765	105361.797	120535.297	122505.047	24.478	26.251	20.932
2016/12/01	17.93	18.28	17.86	18.18	113918.00	206632544	0	18.024	18.147	18.336	18.574	18.585	19.632	113918	100586.398	117389.602	122741.102	33.119	28.54	42.276
2016/12/02	18.10	18.24	17.83	18.02	92476.00	166870656	0	18.014	18.134	18.317	18.538	18.568	19.625	92476	95629.602	115161.602	119653.398	38.23	31.77	51.151
2016/12/05	17.73	17.98	17.40	17.48	125006.00	220813328	0	17.89	18.034	18.279	18.477	18.542	19.609	125006	103857.602	111805.102	122565.297	27.868	30.469	22.665
2016/12/06	17.55	17.66	17.43	17.45	67824.00	118793472	0	17.812	17.935	18.232	18.392	18.519	19.593	67824	97197.797	104424.203	121492.547	20.43	27.123	7.045
2016/12/07	17.49	17.59	17.13	17.58	100969.00	174943728	0	17.742	17.867	18.204	18.318	18.5	19.584	100969	100038.602	102700.203	120128.953	26.664	26.97	26.051
2016/12/08	17.58	17.60	17.17	17.19	106488.00	184259504	0	17.544	17.784	18.145	18.239	18.459	19.565	106488	98552.602	99569.5	120785.047	19.515	24.485	9.575
2016/12/09	17.21	17.25	16.82	16.95	149400.00	253383280	0	17.33	17.672	18.056	18.16	18.417	19.537	149400	109937.398	102783.5	119613.5	15.978	21.649	4.636
2016/12/12	16.91	16.94	15.62	15.68	200658.00	323556448	0	16.97	17.43	17.907	18.068	18.355	19.503	200658	125067.797	114462.703	121014.648	11.404	18.234	-2.257
2016/12/13	15.79	15.83	15.30	15.49	148571.00	231456992	0	16.578	17.195	17.742	17.967	18.298	19.464	148571	141217.203	119207.5	123352.352	9.728	15.399	-1.614
2016/12/14	15.54	15.81	15.49	15.58	122210.00	191005488	0	16.178	16.96	17.57	17.88	18.26	19.419	122210	145465.406	122752	121643.648	9.66	13.486	2.008
2016/12/15	15.56	15.88	15.46	15.74	102439.00	161129216	0	15.888	16.716	17.431	17.796	18.227	19.377	102439	144655.594	121604.102	119496.852	11.913	12.961	9.815
2016/12/16	15.74	15.95	15.58	15.88	77642.00	122758312	0	15.674	16.502	17.318	17.712	18.202	19.337	77642	130304	120120.703	117641.148	16.134	14.019	20.364
2016/12/19	15.89	15.89	15.67	15.69	58549.00	92243040	0	15.676	16.323	17.179	17.627	18.167	19.286	58549	101882.203	113475	112640.047	16.408	14.815	19.594
2016/12/20	15.79	15.93	15.71	15.88	65082.00	103045440	0	15.754	16.166	17.051	17.543	18.136	19.24	65082	85184.398	113200.797	108812.5	19.344	16.325	25.383
2016/12/21	15.95	16.54	15.95	16.28	140893.00	229711936	0	15.894	16.036	16.951	17.481	18.112	19.192	140893	88921	117193.203	109946.703	29.648	20.766	47.413
2016/12/22	16.16	16.32	16.14	16.25	65205.00	105815888	0	15.996	15.942	16.863	17.411	18.087	19.15	65205	81474.203	113064.898	106317.203	39.075	26.869	63.486
2016/12/23	16.24	16.58	16.00	16.05	106717.00	173893472	0	16.03	15.852	16.762	17.321	18.06	19.114	106717	87289.203	108796.602	105790.047	45.581	33.106	70.53
2016/12/26	15.80	16.21	15.63	16.19	70968.00	112951880	0	16.13	15.903	16.667	17.239	18.046	19.083	70968	89773	95827.602	105145.148	52.114	39.442	77.456
2016/12/27	16.10	16.35	16.05	16.18	51540.00	83487616	0	16.19	15.972	16.583	17.152	18.021	19.054	51540	87064.602	86124.5	102666	56.171	45.018	78.476
2016/12/28	16.25	16.30	15.99	16.00	58313.00	93716128	0	16.134	16.014	16.487	17.052	17.992	19.021	58313	70548.602	79734.797	101243.398	51.447	47.161	60.019
2016/12/29	16.09	16.20	15.94	15.95	55231.00	88579528	0	16.074	16.035	16.375	16.966	17.963	18.985	55231	68553.797	75014	98309.047	45.526	46.616	43.346
2016/12/30	15.93	16.04	15.82	15.87	51488.00	81841680	0	16.038	16.034	16.268	16.89	17.93	18.951	51488	57508	72398.602	96259.648	38.772	44.001	28.313
2017/01/03	15.94	16.09	15.92	16.01	46932.00	75109856	0	16.002	16.066	16.194	16.808	17.878	18.901	46932	52700.801	71236.898	92355.953	39.181	42.395	32.754
2017/01/04	16.03	16.28	15.94	16.26	89942.00	145069680	0	16.018	16.104	16.135	16.735	17.826	18.854	89942	60381.199	73722.898	93461.852	48.226	44.339	56.001
2017/01/05	16.29	16.60	16.15	16.38	130556.00	213564976	0	16.094	16.114	16.075	16.672	17.777	18.802	130556	74829.797	72689.203	94941.203	57.924	48.867	76.038
2017/01/06	16.30	17.09	16.25	16.67	214315.00	357828576	0	16.238	16.156	16.049	16.627	17.732	18.753	214315	106646.602	87600.203	100332.547	62.36	53.365	80.351
2017/01/09	16.63	17.05	16.48	16.99	173191.00	291711520	0	16.462	16.25	16.051	16.591	17.696	18.705	173191	130987.203	94247.602	101522.102	72.282	59.671	97.505
2017/01/10	16.95	17.00	16.70	16.75	100737.00	169608848	0	16.61	16.306	16.104	16.546	17.649	18.66	100737	141748.203	97224.5	96526.047	72.598	63.98	89.834
2017/01/11	16.69	16.74	16.40	16.48	85291.00	140955360	0	16.654	16.336	16.154	16.501	17.594	18.614	85291	140818	100599.602	93362.047	65.721	64.56	68.043
2017/01/12	16.43	16.67	16.28	16.32	68859.00	113384888	0	16.642	16.368	16.191	16.447	17.536	18.568	68859	128478.602	101654.203	90694.5	56.937	62.019	46.774
2017/01/13	16.30	16.46	16.12	16.16	59220.00	96373456	0	16.54	16.389	16.212	16.38	17.477	18.503	59220	97459.602	102053.102	88533.547	44.796	56.278	21.832
2017/01/16	16.13	16.15	14.62	15.15	145414.00	223586496	0	16.172	16.317	16.175	16.284	17.411	18.435	145414	91904.203	111445.703	91922.148	37.016	49.858	11.334
2017/01/17	15.12	15.44	14.89	15.34	86119.00	131082632	0	15.89	16.25	16.158	16.213	17.345	18.37	86119	88980.602	115364.398	93300.648	34.394	44.703	13.776
2017/01/18	15.31	15.48	15.20	15.33	64792.00	99377624	0	15.66	16.157	16.131	16.142	17.267	18.303	64792	84880.797	112849.398	93286.148	32.511	40.639	16.255
2017/01/19	15.30	15.56	15.21	15.39	49598.00	76457872	0	15.474	16.058	16.086	16.069	17.194	18.244	49598	81028.602	104753.602	88721.398	32.237	37.838	21.033
2017/01/20	15.37	15.63	15.28	15.57	55959.00	86801376	0	15.356	15.948	16.052	16.015	17.127	18.183	55959	80376.398	88918	88259.102	34.796	36.824	30.74
2017/01/23	15.59	15.70	15.51	15.60	57181.00	89205304	0	15.446	15.809	16.029	15.97	17.065	18.14	57181	62729.801	77317	85782.297	38.606	37.418	40.982
2017/01/24	15.56	15.61	15.26	15.34	68309.00	104893752	0	15.446	15.668	15.987	15.959	17.014	18.099	68309	59167.801	74074.203	85649.352	37.445	37.427	37.48
2017/01/25	15.03	15.21	14.90	15.10	82326.00	124115952	0	15.4	15.53	15.933	15.946	16.957	18.058	82326	62674.602	73777.703	87188.648	33.659	36.171	28.635
2017/01/26	15.01	15.25	15.01	15.24	84361.00	127871328	0	15.37	15.422	15.895	15.935	16.907	18.024	84361	69627.203	75327.898	88491.047	35.947	36.096	35.648
2017/02/03	15.22	15.34	15.15	15.29	45735.00	69720256	0	15.314	15.335	15.862	15.92	16.858	17.986	45735	67582.398	73979.398	88016.25	40.426	37.539	46.198
2017/02/06	15.29	15.54	15.19	15.52	70664.00	108760328	0	15.298	15.372	15.844	15.908	16.81	17.95	70664	70279	66504.398	88975.047	52.784	42.621	73.109
2017/02/07	15.50	15.50	15.32	15.45	50538.00	77811168	0	15.32	15.383	15.816	15.9	16.763	17.911	50538	66724.797	62946.301	89155.352	58.106	47.782	78.752
2017/02/08	15.46	15.59	15.36	15.58	53143.00	82427920	0	15.416	15.408	15.783	15.89	16.716	17.874	53143	60888.199	61781.398	87315.398	67.071	54.212	92.788
2017/02/09	15.55	15.81	15.48	15.67	64669.00	101173816	0	15.502	15.436	15.747	15.869	16.675	17.837	64669	56949.801	63288.5	84021.047	72.919	60.447	97.861
2017/02/10	15.68	15.68	15.49	15.58	76777.00	119429392	0	15.56	15.437	15.693	15.847	16.629	17.796	76777	63158.199	65370.301	77144.148	73.521	64.805	90.952
2017/02/13	15.50	15.70	15.45	15.65	81679.00	127512288	0	15.586	15.442	15.625	15.834	16.577	17.761	81679	65361.199	67820.102	72568.547	76.486	68.699	92.061
2017/02/14	15.57	15.65	15.43	15.49	73122.00	113508960	0	15.594	15.457	15.563	15.81	16.525	17.728	73122	69878	68301.398	71187.797	70.991	69.463	74.047
2017/02/15	15.50	15.59	15.43	15.54	78881.00	122257832	0	15.586	15.501	15.516	15.789	16.471	17.692	78881	75025.602	67956.898	70867.297	67.024	68.65	63.773
2017/02/16	15.54	15.95	15.50	15.92	171029.00	270694976	0	15.636	15.569	15.495	15.786	16.419	17.654	171029	96297.602	76623.703	75975.797	76.7	71.334	87.434
2017/02/17	15.95	16.20	15.76	15.99	141650.00	226477392	0	15.718	15.639	15.487	15.788	16.377	17.618	141650	109272.203	86215.203	80097.297	76.512	73.06	83.417
2017/02/20	15.98	16.28	15.68	16.09	129811.00	207119600	0	15.806	15.696	15.534	15.795	16.343	17.581	129811	118898.602	92129.898	79317.148	77.458	74.526	83.321
2017/02/21	16.00	16.30	15.92	16.29	138234.00	223137408	0	15.966	15.78	15.582	15.804	16.306	17.546	138234	131921	100899.5	81922.898	84.589	77.88	98.006
2017/02/22	16.29	16.95	16.29	16.75	301798.00	505711296	0	16.208	15.897	15.653	15.821	16.278	17.519	301798	176504.406	125765	93773.203	85.34	80.367	95.286
2017/02/23	16.78	16.92	16.61	16.80	144804.00	243038288	0	16.384	16.01	15.723	15.835	16.253	17.496	144804	171259.406	133778.5	98533.5	86.937	82.557	95.698
2017/02/24	16.77	17.22	16.76	16.77	211222.00	359512992	0	16.54	16.129	15.783	15.838	16.233	17.471	211222	185173.797	147223	106296.648	82.911	82.675	83.384
2017/02/27	16.86	16.99	16.50	16.59	119370.00	199993344	0	16.64	16.223	15.833	15.825	16.208	17.444	119370	183085.594	150992.094	109406.102	76.876	80.742	69.144
2017/02/28	16.57	16.86	16.38	16.74	114474.00	190347648	0	16.73	16.348	15.903	15.824	16.185	17.42	114474	178333.594	155127.297	111714.352	75.282	78.922	68.001
2017/03/01	16.75	16.76	16.40	16.59	145989.00	241354592	0	16.698	16.453	15.977	15.828	16.164	17.395	145989	147171.797	161838.094	114897.5	69.885	75.909	57.835
2017/03/02	16.59	16.63	16.24	16.31	98805.00	161520992	0	16.6	16.492	16.031	15.828	16.138	17.37	98805	137972	154615.703	115619.703	60.226	70.682	39.315
2017/03/03	16.31	17.16	16.25	16.96	220711.00	370923232	0	16.638	16.589	16.114	15.854	16.117	17.351	220711	139869.797	162521.797	124368.5	66.817	69.394	61.665
2017/03/06	16.95	17.27	16.88	17.03	196295.00	334608832	0	16.726	16.683	16.19	15.917	16.101	17.334	196295	155254.797	169170.203	130650.047	70.111	69.633	71.068
2017/03/07	17.00	17.07	16.75	16.90	123896.00	209019744	0	16.758	16.744	16.262	15.969	16.091	17.316	123896	157139.203	167736.406	134317.953	68.1	69.122	66.056
2017/03/08	16.93	17.67	16.85	17.29	328704.00	569610112	0	16.898	16.798	16.347	16.034	16.088	17.304	328704	193682.203	170427	148096	69.876	69.373	70.881
2017/03/09	17.20	17.35	17.00	17.21	117849.00	202176576	0	17.078	16.839	16.424	16.095	16.082	17.291	117849	197491	167731.5	150755	69.194	69.314	68.956
2017/03/10	17.26	17.50	16.98	16.99	114048.00	196473568	0	17.084	16.861	16.495	16.142	16.079	17.269	114048	176158.406	158014.094	152618.547	63.612	67.413	56.01
2017/03/13	16.98	17.17	16.53	16.94	169353.00	284652096	0	17.066	16.896	16.559	16.187	16.079	17.248	169353	170770	163012.406	157002.25	58.725	64.517	47.141
2017/03/14	16.90	17.45	16.86	17.43	176048.00	302086752	0	17.172	16.965	16.656	16.257	16.108	17.231	176048	181200.406	169169.797	162148.547	66.889	65.308	70.052
2017/03/15	17.26	17.60	17.22	17.33	153539.00	266918880	0	17.18	17.039	16.746	16.331	16.139	17.218	153539	146167.406	169924.797	165881.453	69.945	66.853	76.128
2017/03/16	17.40	17.60	17.26	17.50	139084.00	242632832	0	17.238	17.158	16.825	16.406	16.17	17.215	139084	150414.406	173952.703	164284.203	74.992	69.566	85.844
2017/03/17	17.48	17.58	16.94	17.01	184860.00	318517600	0	17.242	17.163	16.876	16.464	16.192	17.209	184860	164576.797	170367.594	166444.703	64.03	67.721	56.648
2017/03/20	16.99	17.08	16.44	16.73	179499.00	299691904	0	17.2	17.133	16.908	16.504	16.206	17.204	179499	166606	168688	168929.094	50.546	61.996	27.645
2017/03/21	16.74	17.07	16.71	16.90	147303.00	248802000	0	17.094	17.133	16.938	16.552	16.226	17.196	147303	160857	171028.703	169382.547	46.916	56.969	26.808
2017/03/22	16.75	16.84	16.50	16.62	83897.00	139583232	0	16.952	17.066	16.932	16.587	16.238	17.187	83897	146928.594	146548	158487.5	36.449	50.129	9.09
2017/03/23	16.68	17.13	16.52	17.09	143325.00	241616560	0	16.87	17.054	16.947	16.634	16.252	17.182	143325	147776.797	149095.594	158413.547	42.978	47.745	33.443
2017/03/24	16.96	17.10	16.84	16.94	98542.00	166825088	0	16.856	17.049	16.955	16.68	16.263	17.175	98542	130513.203	147545	152779.547	43.02	46.17	36.719
2017/03/27	16.94	17.05	16.70	16.93	82136.00	138565056	0	16.896	17.048	16.972	16.722	16.278	17.169	82136	111040.602	138823.297	150917.844	42.76	45.034	38.214
2017/03/28	16.93	16.93	16.70	16.75	48215.00	80852344	0	16.866	16.98	16.972	16.764	16.287	17.167	48215	91223	126040	147604.906	37.415	42.494	27.257
2017/03/29	16.76	16.82	16.22	16.24	138263.00	226890592	0	16.79	16.871	16.955	16.788	16.288	17.154	138263	102096.203	124512.398	147218.594	25.433	36.807	2.686
2017/03/30	16.15	16.35	15.69	15.77	154361.00	245973472	0	16.526	16.698	16.928	16.783	16.285	17.138	154361	104303.398	126040.102	149996.406	18.808	30.807	-5.192
2017/03/31	15.80	16.01	15.74	15.89	82590.00	130940736	0	16.316	16.586	16.875	16.779	16.284	17.123	82590	101113	115813.102	143090.344	17.168	26.261	-1.018
2017/04/05	16.00	16.55	16.00	16.41	135843.00	221760784	0	16.212	16.554	16.844	16.79	16.292	17.111	135843	111854.398	111447.5	140067.75	28.112	26.878	30.58
2017/04/06	16.35	16.48	16.31	16.38	62621.00	102742856	0	16.138	16.502	16.817	16.793	16.299	17.089	62621	114735.602	102979.297	137004	34.714	29.49	45.161
2017/04/07	16.39	17.03	16.30	16.73	142412.00	238035632	0	16.236	16.513	16.789	16.792	16.306	17.066	142412	115565.398	108830.797	127689.398	47.729	35.569	72.047
2017/04/10	16.75	16.89	16.48	16.81	113621.00	189607056	0	16.444	16.485	16.77	16.793	16.314	17.045	113621	107417.398	105860.398	127478	59.27	43.47	90.871
2017/04/11	16.76	16.98	16.60	16.91	147937.00	248925888	0	16.648	16.482	16.765	16.797	16.318	17.025	147937	120486.797	110799.898	129172.453	69.862	52.267	105.051
2017/04/12	16.70	16.78	16.33	16.46	116683.00	192963296	0	16.658	16.435	16.742	16.793	16.309	17.002	116683	116654.797	114254.602	126538.953	65.729	56.754	83.678
2017/04/13	16.42	16.89	16.37	16.65	90522.00	150917216	0	16.712	16.425	16.702	16.79	16.307	16.978	90522	122235	118485.297	122262.648	67.7	60.403	82.294
2017/04/14	16.74	16.90	16.61	16.79	109083.00	182619136	0	16.724	16.48	16.676	16.797	16.312	16.953	109083	115569.203	115567.297	120039.852	72.265	64.357	88.081
2017/04/17	16.65	17.39	16.35	17.18	226391.00	386097824	0	16.798	16.621	16.66	16.826	16.327	16.931	226391	138123.203	122770.297	124405.203	76.474	68.396	92.63
2017/04/18	17.10	17.23	16.88	16.96	142580.00	243041216	0	16.808	16.728	16.657	16.826	16.34	16.909	142580	137051.797	128769.297	122291.203	71.166	69.319	74.86
2017/04/19	17.09	17.45	16.55	17.14	244343.00	416475232	0	16.944	16.801	16.677	16.829	16.373	16.892	244343	162583.797	139619.297	125533.398	71.792	70.143	75.089
2017/04/20	16.99	17.32	16.83	17.25	209840.00	358738912	0	17.064	16.888	16.695	16.841	16.405	16.875	209840	186447.406	154341.203	128660.25	75.242	71.843	82.04
2017/04/21	17.16	17.35	16.59	17.04	198684.00	338889120	0	17.114	16.919	16.716	16.833	16.434	16.85	198684	204367.594	159968.406	134399.594	71.292	71.66	70.558
2017/04/24	16.60	16.95	15.69	16.24	202858.00	332434848	0	16.926	16.862	16.674	16.8	16.448	16.821	202858	199661	168892.094	137376.25	57.945	67.088	39.659
2017/04/25	16.18	16.31	15.89	15.93	91838.00	147919760	0	16.72	16.764	16.623	16.765	16.454	16.79	91838	189512.594	163282.203	137041.047	43.175	59.117	11.292
2017/04/26	15.77	16.65	15.75	16.47	117834.00	192271808	0	16.586	16.765	16.6	16.749	16.468	16.767	117834	164210.797	163397.297	138825.953	43.556	53.93	22.809
2017/04/27	16.33	17.10	16.30	17.06	206761.00	348859584	0	16.548	16.806	16.615	16.737	16.497	16.755	206761	163595	175021.203	146753.25	54.985	54.282	56.39
2017/04/28	16.98	17.10	16.74	16.97	106145.00	179736736	0	16.534	16.824	16.652	16.725	16.528	16.742	106145	145087.203	174727.406	145147.344	60.899	56.487	69.722
2017/05/02	16.90	17.24	16.75	17.01	85362.00	144894672	0	16.688	16.807	16.714	16.709	16.558	16.733	85362	121588	160624.5	141697.406	65.599	59.525	77.748
