'600690'	青岛海尔	日线
日期	开盘	最高	最低	收盘	成交量	成交额	成交笔数	MA1	MA2	MA3	MA4	MA5	MA6		MA1	MA2	MA3	K	D	J
2014/12/30	18.22	18.50	17.91	17.99	405744.00	737083776	0	18.378	18.62	18.639	18.208	17.203	16.509	405744	410001.406	445120.313	577769.125	17.144	27.835	-4.237
2014/12/31	18.15	18.64	18.08	18.56	354161.00	651739776	0	18.408	18.63	18.659	18.263	17.249	16.546	354161	406957.406	436733.094	554251.313	22.656	26.108	15.75
2015/01/05	18.86	20.25	18.71	19.99	910666.00	1799932160	0	18.706	18.746	18.736	18.364	17.315	16.595	910666	512055	479992.5	559745.313	44.733	32.317	69.567
2015/01/06	19.78	21.30	19.60	20.35	704044.00	1441701120	0	19.044	18.912	18.851	18.474	17.385	16.65	704044	565649.813	512075	559049.563	53.814	39.483	82.478
2015/01/07	20.34	20.34	19.78	20.00	375932.00	750748416	0	19.378	18.987	18.919	18.563	17.453	16.703	375932	550109.375	489922	536828.313	56.427	45.131	79.019
2015/01/08	20.00	20.25	19.51	19.84	316442.00	629245824	0	19.748	19.063	18.996	18.635	17.524	16.751	316442	532249	471125.188	490160.156	56.595	48.952	71.882
2015/01/09	19.87	20.38	19.50	19.60	392842.00	788852928	0	19.956	19.182	19.005	18.7	17.588	16.795	392842	539985.188	473471.313	473166.313	54.348	50.751	61.542
2015/01/12	19.78	20.69	19.65	20.40	509777.00	1033325952	0	20.038	19.372	19.07	18.803	17.665	16.846	509777	459807.406	485931.188	473074.563	60.716	54.072	74.002
2015/01/13	20.50	21.28	20.38	20.97	458457.00	958256576	0	20.162	19.603	19.177	18.932	17.756	16.903	458457	410690	488169.906	473038.188	70.566	59.57	92.557
2015/01/14	21.18	21.22	20.50	20.95	375877.00	785052096	0	20.352	19.865	19.278	19.046	17.846	16.958	375877	410679	480394.188	468006.688	76.754	65.298	99.666
2015/01/15	20.80	21.08	20.30	20.98	232692.00	483530560	0	20.58	20.164	19.392	19.148	17.932	17.011	232692	393929	463089	454104.656	80.384	70.327	100.499
2015/01/16	20.76	21.43	20.59	21.24	297048.00	625278144	0	20.908	20.432	19.531	19.25	18.027	17.062	297048	374770.188	457377.688	447055.406	83.641	74.765	101.394
2015/01/19	20.35	20.85	19.12	19.38	550129.00	1103529984	0	20.704	20.371	19.559	19.281	18.091	17.097	550129	382840.594	421324	450658.25	59.513	69.681	39.176
2015/01/20	19.55	20.35	19.52	20.30	343492.00	688662912	0	20.57	20.366	19.639	19.356	18.173	17.137	343492	359847.594	385268.813	448671.906	56.702	65.355	39.398
2015/01/21	20.45	20.69	20.12	20.62	310839.00	636136064	0	20.504	20.428	19.708	19.422	18.258	17.176	310839	346840	378759.5	434340.75	59.447	63.385	51.569
2015/01/22	20.52	20.85	20.11	20.40	253438.00	517062912	0	20.388	20.484	19.774	19.492	18.339	17.212	253438	350989.188	372459.094	421792.156	58.102	61.624	51.056
2015/01/23	20.39	20.60	20.02	20.18	241323.00	488110464	0	20.176	20.542	19.862	19.517	18.414	17.247	241323	339844.188	357307.188	415389.25	54.03	59.093	43.905
2015/01/26	20.22	20.51	20.04	20.50	214317.00	434563200	0	20.4	20.552	19.962	19.564	18.493	17.282	214317	272681.813	327761.188	406846.188	55.934	58.04	51.721
2015/01/27	20.50	20.69	19.96	20.55	247141.00	503705664	0	20.45	20.51	20.056	19.621	18.56	17.319	247141	253411.594	306629.594	397399.75	57.924	58.001	57.77
2015/01/28	20.41	20.45	20.06	20.13	174790.00	353129408	0	20.352	20.428	20.146	19.661	18.618	17.352	174790	226201.797	286520.906	383457.563	53.19	56.397	46.776
2015/01/29	19.92	20.05	19.70	19.79	165991.00	330005952	0	20.23	20.309	20.236	19.698	18.671	17.381	165991	208712.406	279850.813	371469.906	48.37	53.722	37.666
2015/01/30	19.90	20.35	19.85	19.95	261201.00	525048288	0	20.184	20.18	20.306	19.747	18.734	17.408	261201	212688	276266.094	366821.906	43.023	50.155	28.759
2015/02/02	19.58	20.11	19.46	19.68	172846.00	341923552	0	20.02	20.21	20.291	19.776	18.79	17.433	172846	204393.797	238537.797	329930.906	33.958	44.756	12.361
2015/02/03	19.99	20.15	19.70	20.03	162119.00	323771968	0	19.916	20.183	20.274	19.82	18.853	17.466	162119	187389.406	220400.5	302834.656	36.308	41.94	25.043
2015/02/04	20.15	20.60	20.01	20.34	259011.00	525582912	0	19.958	20.155	20.292	19.857	18.908	17.506	259011	204233.594	215217.703	296988.594	48.053	43.978	56.204
2015/02/05	20.66	20.68	19.76	19.79	233379.00	474067712	0	19.958	20.094	20.289	19.88	18.958	17.542	233379	217711.203	213211.797	292835.438	40.979	42.978	36.98
2015/02/06	19.73	19.98	19.11	19.15	180357.00	352523840	0	19.798	19.991	20.267	19.905	18.989	17.571	180357	201542.406	207115.203	282211.188	28.163	38.04	8.409
2015/02/09	19.33	19.39	18.63	19.05	236404.00	449167168	0	19.672	19.846	20.199	19.923	19.018	17.601	236404	214254	209323.906	268542.563	25.605	33.895	9.024
2015/02/10	19.23	19.89	19.05	19.82	160880.00	315092448	0	19.63	19.773	20.142	19.962	19.053	17.635	160880	214006.203	200697.797	253663.703	36.419	34.736	39.785
2015/02/11	19.82	20.58	19.75	20.12	202805.00	411077184	0	19.586	19.772	20.1	20.022	19.097	17.674	202805	202765	203499.297	245010.094	48.507	39.327	66.868
2015/02/12	20.30	20.42	19.96	20.14	199184.00	401854144	0	19.656	19.807	20.058	20.093	19.15	17.71	199184	195926	206818.594	243334.703	56.891	45.181	80.31
2015/02/13	20.33	20.43	20.05	20.15	183909.00	371996448	0	19.856	19.827	20.003	20.146	19.205	17.743	183909	196636.406	199089.406	237677.75	62.643	51.002	85.925
2015/02/16	20.18	20.38	20.01	20.36	292926.00	592299136	0	20.118	19.895	20.052	20.159	19.261	17.778	292926	207940.797	211097.406	224817.594	69.892	57.299	95.079
2015/02/17	20.44	21.00	20.36	20.56	268061.00	553568768	0	20.266	19.948	20.066	20.166	19.32	17.814	268061	229377	221691.594	221046.047	73.739	62.779	95.661
2015/02/25	20.56	20.68	20.23	20.48	245641.00	503145792	0	20.338	19.962	20.059	20.182	19.372	17.852	245641	237944.203	220354.594	217786.156	75.179	66.912	91.713
2015/02/26	20.48	20.48	20.07	20.44	215400.00	436075872	0	20.398	20.027	20.06	20.202	19.418	17.889	215400	241187.406	218556.703	215884.25	75.577	69.8	87.129
2015/02/27	20.40	20.51	20.18	20.44	170801.00	347795584	0	20.456	20.156	20.073	20.23	19.465	17.929	170801	238565.797	217601.094	212358.156	74.145	71.249	79.938
2015/03/02	20.45	20.76	20.32	20.54	287729.00	591884544	0	20.492	20.305	20.076	20.234	19.519	17.974	287729	237526.406	222733.594	216028.75	70.497	70.998	69.494
2015/03/03	20.46	20.68	20.05	20.10	287091.00	582590080	0	20.4	20.333	20.053	20.205	19.569	18.014	287091	241332.406	235354.703	218026.25	51.485	64.494	25.468
2015/03/04	20.22	20.51	20.08	20.30	260958.00	528904288	0	20.364	20.351	20.062	20.184	19.615	18.056	260958	244395.797	241170	222334.656	44.088	57.692	16.88
2015/03/05	20.17	20.17	19.64	19.83	257997.00	511728640	0	20.242	20.32	20.063	20.145	19.646	18.089	257997	252915.203	247051.297	226934.953	34.049	49.811	2.525
2015/03/06	19.95	20.00	19.22	19.36	307990.00	604051520	0	20.026	20.241	20.034	20.083	19.666	18.116	307990	280353	259459.406	229274.406	25.321	41.647	-7.332
2015/03/09	19.20	19.85	19.08	19.68	351282.00	687773952	0	19.854	20.173	20.034	20.093	19.687	18.146	351282	293063.594	265295	238196.203	28.785	37.36	11.636
2015/03/10	19.66	20.43	19.50	20.03	308234.00	618355584	0	19.84	20.12	20.034	20.084	19.72	18.176	308234	297292.188	269312.313	245501.953	38.039	37.587	38.945
2015/03/11	20.30	22.03	20.30	22.03	587527.00	1275606528	0	20.186	20.275	20.118	20.131	19.776	18.218	587527	362606	303500.906	261927.75	58.693	44.622	86.835
2015/03/12	22.69	22.89	21.83	22.34	891092.00	1987586944	0	20.688	20.465	20.246	20.195	19.844	18.262	891092	489225	371070.094	294813.406	67.65	52.298	98.354
2015/03/13	22.30	23.88	22.30	22.80	540385.00	1244392704	0	21.376	20.701	20.428	20.283	19.9	18.311	540385	535704	408028.5	312814.813	70.933	58.51	95.781
2015/03/16	23.05	23.50	22.70	23.22	391680.00	907503040	0	22.084	20.969	20.637	20.373	19.969	18.367	391680	543783.625	418423.594	320578.594	76.039	64.353	99.411
2015/03/17	23.10	23.71	22.90	23.31	476484.00	1109991680	0	22.74	21.29	20.812	20.465	20.043	18.42	476484	577433.625	437362.906	336358.813	80.068	69.591	101.021
2015/03/18	23.35	24.09	22.99	23.90	513328.00	1205640576	0	23.114	21.65	21	20.591	20.126	18.478	513328	562593.813	462599.906	351884.938	85.448	74.877	106.59
2015/03/19	23.90	23.90	22.88	23.18	534530.00	1242005632	0	23.282	21.985	21.153	20.704	20.201	18.529	534530	491281.406	490253.188	368652.25	84.244	77.999	96.734
2015/03/20	23.17	23.21	22.74	22.99	400153.00	917337280	0	23.32	22.348	21.295	20.805	20.276	18.583	400153	463235	499469.5	379464.438	81.508	79.169	86.186
2015/03/23	22.99	23.61	22.99	23.29	406072.00	946883392	0	23.334	22.709	21.441	20.926	20.351	18.64	406072	466113.406	504948.5	385121.75	80.636	79.658	82.592
2015/03/24	23.50	24.00	22.70	23.99	589336.00	1376623744	0	23.47	23.105	21.612	21.058	20.439	18.704	589336	488683.813	533058.688	401185.5	85.615	81.644	93.559
2015/03/25	23.79	24.86	23.46	24.53	680387.00	1655682048	0	23.596	23.355	21.815	21.197	20.527	18.771	680387	522095.594	542344.688	422922.813	86.113	83.134	92.073
2015/03/26	24.40	24.41	23.46	23.59	433526.00	1034455360	0	23.678	23.48	21.972	21.324	20.602	18.832	433526	501894.813	496588.094	433829.094	71.144	79.137	55.157
2015/03/27	23.60	23.83	23.32	23.76	246035.00	580036672	0	23.832	23.576	22.139	21.478	20.691	18.89	246035	471071.188	467153.094	437590.813	63.787	74.02	43.321
2015/03/30	24.10	24.75	23.88	24.48	377667.00	917209472	0	24.07	23.702	22.336	21.659	20.791	18.955	377667	465390.188	465751.813	442087.688	69.994	72.678	64.625
2015/03/31	26.79	26.80	25.51	25.84	821543.00	2142298112	0	24.44	23.955	22.622	21.859	20.911	19.03	821543	511831.594	500257.688	468810.313	72.191	72.516	71.542
2015/04/01	25.68	26.29	25.68	26.02	464193.00	1206436224	0	24.738	24.167	22.909	22.056	21.039	19.107	464193	468592.813	495344.188	478972.063	75.119	73.384	78.591
2015/04/02	26.15	27.99	25.86	27.79	655367.00	1761758208	0	25.578	24.628	23.306	22.311	21.202	19.202	655367	512961	507427.906	498840.563	82.153	76.307	93.845
2015/04/03	27.50	28.25	27.02	27.68	737449.00	2024289280	0	26.362	25.097	23.722	22.562	21.354	19.301	737449	611243.813	541157.5	520313.5	84.678	79.097	95.841
2015/04/07	27.55	27.85	27.11	27.37	841825.00	2307097856	0	26.94	25.505	24.107	22.796	21.477	19.396	841825	704075.375	584732.813	544840.625	83.836	80.677	90.153
2015/04/08	27.50	27.55	26.47	26.72	824055.00	2217467136	0	27.116	25.778	24.441	23.001	21.583	19.484	824055	704577.813	608204.688	570631.688	78.879	80.077	76.482
2015/04/09	26.79	26.84	25.60	26.05	619987.00	1614979072	0	27.122	25.93	24.642	23.187	21.684	19.569	619987	735736.625	602164.688	572254.688	71.044	77.066	59
2015/04/10	26.50	27.35	26.30	27.29	686086.00	1856952448	0	27.022	26.3	24.89	23.415	21.808	19.666	686086	741880.375	627420.688	562004.375	73.374	75.835	68.45
2015/04/13	27.38	27.46	26.77	26.97	708403.00	1917668608	0	26.88	26.621	25.098	23.633	21.931	19.76	708403	736071.188	673657.5	570405.313	66.677	72.783	54.466
2015/04/14	26.97	26.97	26.31	26.45	506137.00	1341977600	0	26.696	26.818	25.26	23.83	22.032	19.849	506137	668933.625	686504.5	576128.125	55.143	66.903	31.624
2015/04/15	26.49	26.90	25.90	25.93	469485.00	1236129408	0	26.538	26.827	25.391	24.024	22.115	19.935	469485	598019.625	651298.688	575778.188	40.913	58.24	6.26
2015/04/16	25.90	27.08	25.69	26.81	544891.00	1442129792	0	26.69	26.906	25.537	24.241	22.212	20.029	544891	583000.375	659368.5	577356.375	42.496	52.992	21.503
2015/04/17	27.10	27.70	26.85	27.44	848778.00	2319383296	0	26.72	26.871	25.75	24.495	22.32	20.126	848778	615538.813	678709.625	593068.75	55.59	53.858	59.054
2015/04/20	27.35	27.57	26.43	26.50	633894.00	1705972864	0	26.626	26.753	25.925	24.733	22.408	20.217	633894	600637	668354.125	604755.813	51.345	53.02	47.996
2015/04/21	26.80	28.81	26.40	28.75	964584.00	2668701952	0	27.086	26.891	26.198	25.035	22.564	20.328	964584	692326.375	680630	632681.375	66.941	57.66	85.501
2015/04/22	28.80	29.14	28.30	28.97	809400.00	2321668352	0	27.694	27.116	26.447	25.333	22.708	20.441	809400	760309.375	679164.5	643684.625	76.318	63.88	101.195
2015/04/23	29.00	29.10	28.01	28.32	610940.00	1736340096	0	27.996	27.343	26.636	25.543	22.837	20.547	610940	773519.188	678259.813	640212.25	76.289	68.016	92.835
2015/04/24	27.70	28.55	27.46	27.69	567118.00	1577727488	0	28.046	27.383	26.841	25.721	22.958	20.649	567118	717187.188	666363	646891.875	70.183	68.738	73.073
2015/04/27	27.92	28.45	27.55	27.97	482055.00	1346146560	0	28.34	27.483	27.052	25.893	23.088	20.751	482055	686819.375	643728.188	658692.875	68.818	68.765	68.924
2015/04/28	28.05	28.98	27.27	27.57	783309.00	2211003392	0	28.104	27.595	27.207	26.038	23.206	20.85	783309	650564.375	671445.375	678974.938	64.043	67.191	57.747
2015/04/29	27.61	28.19	27.30	27.78	449477.00	1249056256	0	27.866	27.78	27.303	26.187	23.326	20.943	449477	578579.813	669444.625	660371.625	59.484	64.622	49.207
2015/04/30	27.90	27.98	27.07	27.11	639288.00	1750133120	0	27.624	27.81	27.358	26.294	23.443	21.031	639288	584249.375	678884.313	669126.375	48.293	59.179	26.522
2015/05/04	27.25	27.25	26.51	26.88	485996.00	1298904192	0	27.462	27.754	27.313	26.418	23.561	21.116	485996	568025	642606.125	660657.875	38.035	52.131	9.843
2015/05/05	26.60	26.83	25.67	25.69	475075.00	1244667776	0	27.006	27.673	27.213	26.508	23.656	21.195	475075	566629	626724.188	647539.125	25.549	43.27	-9.894
2015/05/06	25.91	26.32	25.33	25.59	386067.00	1001103168	0	26.61	27.357	27.124	26.584	23.755	21.273	386067	487180.594	568872.5	624751.25	19.331	35.291	-12.587
2015/05/07	25.75	26.05	25.58	25.74	295957.00	763711488	0	26.202	27.034	27.075	26.643	23.85	21.351	295957	456476.594	517528.188	598346.375	16.632	29.071	-8.246
2015/05/08	26.10	26.58	25.90	26.55	389188.00	1023517376	0	26.09	26.857	27.1	26.71	23.954	21.431	389188	406456.594	495353	586806.375	22.229	26.79	13.107
2015/05/11	26.80	26.99	26.20	26.98	580635.00	1541901696	0	26.11	26.786	27.084	26.823	24.073	21.516	580635	425384.406	496704.688	581533.875	29.888	27.823	34.018
2015/05/12	26.98	27.00	26.53	26.72	479864.00	1282391296	0	26.316	26.661	27.072	26.922	24.2	21.594	479864	426342.188	496485.594	570106.875	36.126	30.591	47.196
2015/05/13	26.72	27.48	26.51	27.06	589147.00	1594622208	0	26.61	26.61	27.102	27.008	24.333	21.676	589147	466958.188	477069.406	574257.375	45.845	35.675	66.184
2015/05/14	27.05	27.09	26.67	26.81	323022.00	867179648	0	26.824	26.513	27.146	27.04	24.45	21.751	323022	472371.188	464423.906	566934.25	53.509	41.62	77.287
2015/05/15	26.72	26.73	25.80	25.90	370281.00	965897344	0	26.694	26.392	27.101	27.036	24.546	21.821	370281	468589.813	437523.188	558203.75	44.51	42.583	48.363
2015/05/18	25.80	26.25	25.52	25.83	302364.00	781708672	0	26.464	26.287	27.021	26.971	24.641	21.896	302364	412935.594	419160	530883.063	37.425	40.864	30.548
2015/05/19	26.11	26.97	25.85	26.81	455718.00	1212645248	0	26.482	26.399	27.036	26.942	24.752	21.978	455718	408106.406	417224.313	521974.25	46.889	42.872	54.922
2015/05/20	26.98	28.26	26.97	27.58	816075.00	2265066496	0	26.586	26.598	26.977	26.949	24.872	22.067	816075	453492	460225.094	514548.813	56.32	47.355	74.251
2015/05/21	27.61	29.68	27.61	29.16	812947.00	2345284096	0	27.056	26.94	26.987	27.03	25.015	22.168	812947	551477	511924.094	514726.156	66.713	53.808	92.525
2015/05/22	29.32	30.60	29.32	29.98	769567.00	2311320064	0	27.872	27.283	27.07	27.161	25.174	22.273	769567	631334.188	549962	522657.5	73.741	60.452	100.318
2015/05/26	32.00	32.98	31.18	31.43	991843.00	3171871232	0	28.992	27.728	27.257	27.299	25.357	22.388	991843	769230	591082.813	543893.75	75.568	65.491	95.723
2015/05/27	31.81	31.88	30.63	30.97	692061.00	2149208064	0	29.824	28.153	27.407	27.432	25.532	22.499	692061	816498.625	612302.5	554394.063	74.731	68.571	87.051
2015/05/28	30.95	31.35	29.00	29.10	813507.00	2482258944	0	30.128	28.357	27.483	27.521	25.675	22.597	813507	815985	634738.5	555903.938	65.817	67.653	62.145
2015/05/29	29.08	29.55	27.51	29.35	710563.00	2044521472	0	30.166	28.611	27.562	27.635	25.829	22.699	710563	795508.188	673492.625	568958.25	60.991	65.432	52.11
2015/06/01	29.44	30.91	28.78	30.79	679747.00	2044972544	0	30.328	29.1	27.746	27.767	26.004	22.809	679747	777544.188	704439.188	570981.188	63.756	64.874	61.521
2015/06/02	30.80	31.03	30.17	30.92	585021.00	1792199040	0	30.226	29.609	27.948	27.883	26.189	22.918	585021	696179.813	732704.875	575932.438	64.412	64.72	63.796
2015/06/03	30.92	32.20	30.51	31.92	656784.00	2076241536	0	30.416	30.12	28.26	28.064	26.398	23.032	656784	689124.375	752811.5	585017.875	69.815	66.418	76.609
2015/06/04	32.25	32.29	28.98	31.53	623498.00	1931404544	0	30.902	30.515	28.556	28.157	26.596	23.141	623498	651122.625	733553.813	596889.438	71.041	67.959	77.204
2015/06/05	32.15	32.46	31.00	31.81	726262.00	2312679680	0	31.394	30.78	28.86	28.251	26.792	23.256	726262	654262.375	724885.313	618404.688	73.564	69.827	81.037
2015/06/08	32.00	32.32	31.30	32.15	682595.00	2176076800	0	31.666	30.997	29.14	28.379	26.961	23.369	682595	654832	716188.125	633075.063	80.288	73.314	94.237
2015/06/09	32.44	32.97	31.61	32.20	703854.00	2279483648	0	31.922	31.074	29.401	28.529	27.125	23.484	703854	678598.625	687389.188	639236	82.158	76.262	93.95
2015/06/10	31.50	32.70	31.23	32.19	555308.00	1782063872	0	31.976	31.196	29.674	28.67	27.282	23.591	555308	658303.375	673713.875	643008.188	83.343	78.623	92.785
2015/06/11	32.20	32.20	31.47	31.69	483957.00	1533676288	0	32.008	31.455	29.906	28.807	27.423	23.696	483957	630395.188	640758.875	637748.688	78.713	78.653	78.833
2015/06/12	31.65	31.98	31.01	31.22	647050.00	2027701632	0	31.89	31.642	30.126	28.922	27.555	23.799	647050	614552.813	634407.625	653950.125	71.189	76.165	61.236
2015/06/15	31.32	31.58	30.33	30.59	539458.00	1661889280	0	31.578	31.622	30.361	29.038	27.666	23.896	539458	585925.375	620378.688	662408.938	60.909	71.08	40.569
2015/06/16	30.30	30.94	29.61	29.82	488146.00	1480779904	0	31.102	31.512	30.56	29.136	27.777	23.989	488146	542783.813	610691.188	671698.063	47.624	63.261	16.349
2015/06/17	29.82	30.21	29.30	30.19	425928.00	1270336512	0	30.702	31.339	30.729	29.286	27.897	24.087	425928	516907.813	587605.625	670208.563	39.833	55.452	8.595
2015/06/18	30.00	30.15	28.58	28.60	415301.00	1226347904	0	30.084	31.046	30.781	29.386	27.985	24.168	415301	503176.594	566785.875	650169.875	26.707	45.87	-11.619
2015/06/19	28.56	28.88	27.00	27.02	451895.00	1270779776	0	29.244	30.567	30.674	29.429	28.036	24.237	451895	464145.594	539349.188	632117.25	17.916	36.552	-19.355
2015/06/23	27.32	29.65	27.03	29.61	748967.00	2123279488	0	29.048	30.313	30.655	29.531	28.121	24.324	748967	506047.406	545986.375	631087.25	27.207	33.437	14.748
2015/06/24	29.70	30.92	29.07	30.53	695783.00	2083733120	0	29.19	30.146	30.61	29.649	28.236	24.419	695783	547574.813	545179.313	616284.25	40.766	35.88	50.539
2015/06/25	30.49	30.94	28.53	29.22	606161.00	1828936192	0	28.996	29.849	30.523	29.733	28.327	24.509	606161	583621.375	550264.625	611989.25	42.037	37.933	50.246
2015/06/26	28.82	29.15	26.30	27.19	723668.00	2003700864	0	28.714	29.399	30.427	29.737	28.372	24.582	723668	645294.813	574235.688	607497.313	33.643	36.503	27.925
2015/06/29	28.03	28.80	24.80	27.84	989856.00	2722896896	0	28.878	29.061	30.351	29.771	28.406	24.658	989856	752887	608516.313	621461.938	38.933	37.313	42.173
2015/06/30	27.47	30.45	27.05	30.33	893304.00	2587583232	0	29.022	29.035	30.329	29.919	28.478	24.758	893304	781754.375	643900.875	632139.813	55.977	43.534	80.862
2015/07/01	30.00	30.48	28.24	28.31	639135.00	1893109248	0	28.578	28.884	30.198	30.002	28.486	24.844	639135	770424.813	658999.813	634845.5	56.373	47.814	73.492
2015/07/02	28.81	28.99	25.63	26.31	723331.00	1970139776	0	27.996	28.496	29.917	29.985	28.463	24.909	723331	793858.813	688740.125	638172.875	45.78	47.136	43.068
2015/07/03	25.79	27.11	24.00	25.22	627493.00	1585855872	0	27.602	28.158	29.602	29.906	28.427	24.952	627493	774623.813	709959.313	638372.625	36.38	43.55	22.038
2015/07/06	27.74	27.74	25.45	26.73	1036652.00	2775080448	0	27.38	28.129	29.348	29.825	28.428	25.006	1036652	783983	768435	653892.125	37.365	41.489	29.119
2015/07/07	26.40	26.65	24.53	25.39	898893.00	2295974144	0	26.392	27.707	29.01	29.672	28.417	25.05	898893	785100.813	783427.625	664707	31.587	38.188	18.384
2015/07/08	23.00	25.39	22.85	24.53	1390159.00	3333961472	0	25.636	27.107	28.626	29.442	28.371	25.09	1390159	935305.625	852865.188	699022.25	28.397	34.924	15.343
2015/07/09	24.53	26.98	23.57	26.98	652728.00	1691084416	0	25.77	26.883	28.366	29.309	28.371	25.151	652728	921185	857521.875	703893.25	36.974	35.608	39.707
2015/07/10	27.63	29.68	27.01	29.68	801102.00	2339662336	0	26.662	27.132	28.265	29.329	28.425	25.228	801102	955906.813	865265.313	719750.5	54.488	41.901	79.661
2015/07/13	30.00	31.59	29.20	31.26	1060797.00	3227237376	0	27.568	27.474	28.267	29.392	28.514	25.314	1060797	960735.813	872359.375	740437.875	68.4	50.734	103.732
2015/07/14	30.55	31.01	28.91	29.26	815084.00	2439246592	0	28.342	27.367	28.201	29.341	28.554	25.383	815084	943974	864537.375	754219.125	70.047	57.172	95.798
2015/07/15	28.96	29.00	26.90	28.95	595681.00	1681479296	0	29.226	27.431	28.157	29.276	28.58	25.45	595681	785078.375	860192	759595.875	69.963	61.435	87.017
2015/07/16	13.71	14.57	13.36	13.93	388356.00	547128832	0	26.616	26.193	27.344	28.676	28.37	25.389	388356	732204	826694.5	757717.313	47.684	56.852	29.349
2015/07/17	13.93	14.47	13.55	14.21	1243982.00	1745340672	0	23.522	25.092	26.625	28.099	28.128	25.346	1243982	820780	888343.375	799151.375	33.344	49.016	2
2015/07/20	14.00	14.05	13.50	13.66	986846.00	1361119104	0	20.002	23.785	25.957	27.494	27.872	25.29	986846	805989.813	883362.813	825898.875	22.778	40.27	-12.206
2015/07/21	13.52	13.53	13.12	13.18	1059732.00	1407992320	0	16.786	22.564	25.135	26.861	27.62	25.228	1059732	854919.375	899446.688	841437.125	15.293	31.944	-18.008
2015/07/22	13.10	13.50	12.94	13.15	830852.00	1096087424	0	13.626	21.426	24.267	26.226	27.378	25.168	830852	901953.625	843516	848190.625	10.571	24.82	-17.927
2015/07/23	13.15	13.38	13.12	13.29	860580.00	1141033088	0	13.498	20.057	23.47	25.596	27.133	25.111	860580	996398.375	864301.188	860911.563	7.673	19.104	-15.19
2015/07/24	13.31	13.35	12.81	12.91	967158.00	1265770112	0	13.238	18.38	22.756	24.97	26.889	25.047	967158	941033.625	880906.813	873086.063	5.298	14.502	-13.109
2015/07/27	12.68	12.80	11.62	11.62	944490.00	1155499008	0	12.83	16.416	21.945	24.317	26.619	24.973	944490	932562.375	869276.125	870817.75	3.532	10.846	-11.094
2015/07/28	11.34	11.65	10.48	11.27	1083365.00	1207079424	0	12.448	14.617	20.992	23.673	26.355	24.899	1083365	937289	896104.188	880320.813	8.793	10.161	6.057
2015/07/29	11.49	11.76	11.15	11.71	596817.00	678686336	0	12.16	12.893	20.162	23.069	26.103	24.832	596817	890482	896217.813	878204.875	16.138	12.154	24.106
2015/07/30	11.68	11.68	10.91	11.00	652564.00	742556160	0	11.702	12.6	19.396	22.43	25.858	24.757	652564	848878.813	922638.625	874666.563	15.614	13.307	20.228
2015/07/31	10.90	11.20	10.78	11.18	490171.00	538413952	0	11.356	12.297	18.694	21.849	25.618	24.686	490171	753481.375	847257.5	867800.438	18.06	14.891	24.396
2015/08/03	11.03	11.38	10.96	11.34	508810.00	565718720	0	11.3	12.065	17.925	21.326	25.378	24.614	508810	666345.375	799453.875	841408.375	21.532	17.105	30.386
2015/08/04	11.34	11.76	11.27	11.74	595946.00	685446784	0	11.394	11.921	17.243	20.731	25.131	24.542	595946	568861.625	753075.313	826261	28.837	21.016	44.481
2015/08/05	11.65	11.69	11.30	11.34	432474.00	497457568	0	11.32	11.74	16.583	20.091	24.87	24.472	432474	535993	713237.5	778376.75	29.213	23.748	40.144
2015/08/06	11.04	11.30	10.98	11.13	290131.00	323675424	0	11.346	11.524	15.79	19.488	24.61	24.405	290131	463506.406	656192.625	760246.875	28.815	25.437	35.57
2015/08/07	11.30	11.53	11.20	11.35	462973.00	526083776	0	11.38	11.368	14.874	18.96	24.348	24.341	462973	458066.813	605774.125	743340.438	41.866	30.913	63.771
2015/08/10	11.87	12.22	11.66	12.08	895591.00	1063761856	0	11.528	11.414	13.915	18.435	24.103	24.276	895591	535423	600884.188	735080.125	58.003	39.943	94.123
2015/08/11	12.07	12.62	11.91	12.30	752198.00	929881920	0	11.64	11.517	13.067	17.834	23.876	24.211	752198	566673.375	567767.5	731935.875	66.205	48.697	101.221
2015/08/12	12.19	12.45	12.04	12.05	427281.00	521961856	0	11.782	11.551	12.222	17.292	23.647	24.144	427281	565634.813	550813.875	723515.875	67.144	54.846	91.74
2015/08/13	12.49	12.49	12.08	12.31	742274.00	913363712	0	12.018	11.682	12.141	16.825	23.405	24.078	742274	656063.375	559784.875	741211.75	71.871	60.521	94.571
2015/08/14	12.30	12.39	12.17	12.21	584238.00	715697856	0	12.19	11.785	12.041	16.391	23.149	24.01	584238	680316.375	569191.625	708224.563	72.914	64.652	89.438
2015/08/17	12.22	12.22	11.87	12.01	776110.00	928037632	0	12.176	11.852	11.958	15.901	22.863	23.939	776110	656420.188	595921.625	697687.75	69.544	66.283	76.067
2015/08/18	12.01	12.25	11.10	11.37	861948.00	1024315200	0	11.99	11.815	11.868	15.433	22.553	23.863	861948	678370.188	622521.813	687798.563	54.29	62.285	38.299
2015/08/19	11.12	11.66	10.70	11.51	753164.00	845140672	0	11.882	11.832	11.786	14.999	22.221	23.789	753164	743546.813	654590.813	683914.125	50.256	58.275	34.216
2015/08/20	11.84	12.18	11.41	11.53	926115.00	1095977216	0	11.726	11.872	11.698	14.484	21.897	23.715	926115	780315	718189.188	687190.875	47.913	54.821	34.098
2015/08/21	11.20	11.38	10.52	10.63	868882.00	945357440	0	11.41	11.8	11.584	13.849	21.589	23.632	868882	837243.813	758780.125	682277.125	33.688	47.777	5.511
2015/08/24	10.05	10.24	9.57	9.57	962438.00	929653632	0	10.922	11.549	11.481	13.126	21.259	23.544	962438	874509.375	765464.813	683174.5	22.459	39.338	-11.299
2015/08/25	8.83	9.46	8.61	8.61	1198294.00	1061864704	0	10.37	11.18	11.349	12.438	20.89	23.447	1198294	941778.625	810074.375	688920.938	14.973	31.216	-17.514
2015/08/26	8.76	9.22	8.37	8.81	1042517.00	921619392	0	9.83	10.856	11.203	11.767	20.521	23.355	1042517	999649.188	871598	711205.938	13.63	25.354	-9.818
2015/08/27	9.02	9.50	8.80	9.47	897361.00	814442752	0	9.418	10.572	11.127	11.618	20.147	23.273	897361	993898.375	887106.688	723445.813	18.537	23.082	9.447
2015/08/28	9.56	9.97	9.36	9.82	871366.00	837248640	0	9.256	10.333	11.059	11.472	19.785	23.191	871366	994395.188	915819.5	742505.563	24.815	23.659	27.126
2015/08/31	9.67	10.10	9.11	10.04	978994.00	929871552	0	9.35	10.136	10.994	11.351	19.422	23.107	978994	997706.375	936107.875	766014.75	31.154	26.158	41.147
2015/09/01	9.72	10.13	9.31	10.11	1067751.00	1052284800	0	9.65	10.01	10.913	11.249	19.055	23.008	1067751	971597.813	956688.188	789605	35.992	29.436	49.106
2015/09/02	9.65	10.47	9.58	10.35	1273171.00	1299173120	0	9.958	9.894	10.863	11.155	18.691	22.908	1273171	1017728.625	1008688.875	831639.875	45.922	34.931	67.903
2015/09/07	10.29	10.48	9.66	9.77	879904.00	886534208	0	10.018	9.718	10.795	11.038	18.317	22.799	879904	1014237.188	1004067.813	861128.5	52.731	40.865	76.465
2015/09/08	9.70	9.96	9.39	9.89	391045.00	379015616	0	10.032	9.644	10.722	10.937	17.954	22.688	391045	918173	956284.125	857532.125	59.167	46.965	83.57
2015/09/09	9.98	10.14	9.81	10.02	528445.00	528208960	0	10.028	9.689	10.619	10.884	17.601	22.578	528445	828063.188	912884.813	839174.813	65.511	53.147	90.238
2015/09/10	9.84	10.10	9.77	9.93	344696.00	341400928	0	9.992	9.821	10.5	10.839	17.256	22.461	344696	683452.188	827525	818799.688	66.095	57.463	83.358
2015/09/11	9.85	9.97	9.70	9.78	239995.00	235944064	0	9.878	9.918	10.387	10.775	16.922	22.35	239995	476817	747272.813	809435.375	60.365	58.43	64.234
2015/09/14	9.88	9.95	9.28	9.92	648756.00	626314688	0	9.908	9.963	10.267	10.739	16.584	22.241	648756	430587.406	722412.313	804759.5	59.951	58.937	61.979
2015/09/15	9.65	9.79	9.41	9.66	394312.00	379837600	0	9.862	9.947	10.14	10.688	16.269	22.127	394312	431240.813	674706.875	795263.188	50.523	56.133	39.304
2015/09/16	9.65	10.49	9.53	10.18	442270.00	440792480	0	9.894	9.961	10.049	10.65	15.988	22.012	442270	414005.813	621034.5	778571.188	58.475	56.914	61.599
2015/09/17	10.18	10.18	9.75	9.76	439638.00	439617536	0	9.86	9.926	9.968	10.584	15.657	21.889	439638	432994.188	558223.188	757455.688	52.207	55.345	45.931
2015/09/18	9.91	10.02	9.70	9.88	285504.00	281781504	0	9.88	9.879	9.887	10.535	15.313	21.775	285504	442096	459456.5	734072.688	51.333	54.008	45.985
2015/09/21	9.85	9.98	9.77	9.95	306701.00	303821632	0	9.886	9.897	9.807	10.496	14.992	21.66	306701	373685	402136.188	703102	52.68	53.565	50.909
2015/09/22	9.99	10.04	9.91	9.97	368694.00	367697056	0	9.948	9.905	9.774	10.45	14.705	21.539	368694	368561.406	399901.094	678092.625	54.128	53.753	54.879
2015/09/23	9.82	9.85	9.61	9.64	341444.00	332119136	0	9.84	9.867	9.778	10.368	14.401	21.404	341444	348396.188	381201	647042.875	46.003	51.169	35.67
2015/09/24	9.74	9.77	9.60	9.69	292245.00	282374368	0	9.826	9.843	9.832	10.281	14.057	21.267	292245	318917.594	375955.906	601740.438	41.963	48.101	29.688
2015/09/25	9.62	9.68	9.26	9.43	352102.00	331810880	0	9.736	9.808	9.863	10.194	13.743	21.115	352102	332237.188	387166.594	567219.688	32.583	42.928	11.892
2015/09/28	9.43	9.44	9.22	9.37	199391.00	185740832	0	9.62	9.753	9.858	10.096	13.46	20.962	199391	310775.188	342230.094	532321.188	25.659	37.172	2.633
2015/09/29	9.21	9.23	9.01	9.03	241105.00	219485120	0	9.432	9.69	9.819	9.99	13.191	20.809	241105	285257.406	326909.406	500808.156	17.676	30.673	-8.319
2015/09/30	9.05	9.14	9.03	9.06	195163.00	177306976	0	9.316	9.578	9.769	9.892	12.896	20.662	195163	256001.203	302198.688	461616.594	13.402	24.916	-9.626
2015/10/08	9.45	9.53	9.31	9.34	376789.00	353163392	0	9.246	9.536	9.731	9.824	12.629	20.523	376789	272910	295913.813	427068.5	19.614	23.149	12.545
2015/10/09	9.31	9.45	9.20	9.37	365250.00	341402912	0	9.234	9.485	9.682	9.753	12.376	20.373	365250	275539.594	303888.406	381672.438	24.727	23.675	26.831
2015/10/12	9.42	9.79	9.38	9.72	527741.00	508466464	0	9.304	9.462	9.68	9.692	12.088	20.23	527741	341209.594	325992.406	364064.313	44.659	30.669	72.638
2015/10/13	9.70	9.75	9.62	9.72	440335.00	426483104	0	9.442	9.437	9.671	9.662	11.756	20.09	440335	381055.594	333156.5	366528.813	60.115	40.484	99.375
2015/10/14	9.69	9.70	9.53	9.56	330459.00	317845216	0	9.542	9.429	9.648	9.662	11.394	19.954	330459	408114.813	332058	356629.5	63.581	48.183	94.376
2015/10/15	9.51	9.80	9.50	9.78	424121.00	410535744	0	9.63	9.438	9.641	9.701	11.069	19.812	424121	417581.188	345245.594	360600.75	74.877	57.081	110.468
2015/10/16	9.85	10.10	9.75	9.92	592894.00	587501696	0	9.74	9.487	9.648	9.738	10.752	19.666	592894	463110	369324.813	378245.688	77.746	63.969	105.3
2016/02/01	8.93	9.38	8.93	8.93	405675.00	362911776	0	9.582	9.443	9.598	9.72	10.669	19.519	405675	438696.813	389953.188	366091.656	51.831	59.923	35.646
2016/02/02	8.18	8.80	8.18	8.51	1046399.00	888538496	0	9.34	9.391	9.54	9.676	10.574	19.351	1046399	559909.625	470482.594	398696	40.283	53.377	14.096
2016/02/03	8.28	8.45	8.15	8.27	580667.00	480591776	0	9.082	9.312	9.445	9.617	10.484	19.178	580667	609951.188	509033	405615.844	28.907	45.22	-3.72
2016/02/04	8.31	8.60	8.30	8.40	435835.00	367487040	0	8.806	9.218	9.377	9.56	10.404	19.012	435835	612294	514937.594	405425.688	23.545	37.995	-5.356
2016/02/05	8.48	8.49	8.25	8.28	269144.00	224471600	0	8.478	9.109	9.297	9.491	10.323	18.851	269144	547544	505327	404607.688	17.919	31.303	-8.85
2016/02/15	8.00	8.19	7.92	8.11	246250.00	198665040	0	8.314	8.948	9.205	9.436	10.237	18.685	246250	515659	477177.906	401585.156	14.851	25.819	-7.085
2016/02/16	8.16	8.44	8.13	8.41	335975.00	279971808	0	8.294	8.817	9.127	9.386	10.162	18.525	335975	373574.188	466741.906	399949.188	17.393	23.01	6.159
2016/02/17	8.40	8.57	8.33	8.47	318818.00	268879744	0	8.334	8.708	9.069	9.335	10.109	18.364	318818	321204.406	465577.813	398817.906	20.005	22.009	15.998
2016/02/18	8.55	8.58	8.39	8.40	340014.00	288312832	0	8.334	8.57	9.004	9.284	10.062	18.208	340014	302040.188	457167.094	401206.344	24.296	22.771	27.345
2016/02/19	8.38	8.42	8.27	8.33	318834.00	265606224	0	8.344	8.411	8.949	9.235	10.005	18.054	318834	311978.188	429761.094	399542.938	31.727	25.756	43.669
2016/02/22	8.43	8.53	8.38	8.52	414989.00	351395296	0	8.426	8.37	8.906	9.189	9.964	17.911	414989	345726	430692.5	410322.844	50.563	34.025	83.639
2016/02/23	8.50	8.53	8.31	8.40	245909.00	206927696	0	8.424	8.359	8.875	9.147	9.918	17.768	245909	327712.813	350643.5	410563.063	57.238	41.763	88.189
2016/02/24	8.38	8.44	8.18	8.35	351063.00	291362528	0	8.4	8.367	8.84	9.086	9.868	17.623	351063	334161.813	327683.094	418358.063	59.876	47.801	84.027
2016/02/25	8.34	8.34	7.62	7.78	551813.00	442140800	0	8.276	8.305	8.762	9.02	9.802	17.466	551813	376521.594	339280.906	427109.25	45.473	47.025	42.369
2016/02/26	7.90	7.95	7.55	7.79	282295.00	219290656	0	8.168	8.256	8.682	8.95	9.743	17.306	282295	369213.813	340596	422961.5	38.082	44.044	26.159
2016/02/29	7.80	7.80	7.24	7.48	406899.00	301908512	0	7.96	8.193	8.571	8.868	9.682	17.146	406899	367595.813	356660.906	416919.406	31.358	39.815	14.444
2016/03/01	7.48	8.23	7.40	8.23	590286.00	465252704	0	7.926	8.175	8.496	8.81	9.63	16.989	590286	436471.188	382092	424416.938	45.532	41.721	53.155
2016/03/02	8.23	8.63	8.17	8.59	795748.00	670732608	0	7.974	8.187	8.448	8.775	9.571	16.837	795748	525408.188	429785	447681.406	62.729	48.724	90.74
2016/03/03	8.50	8.63	8.43	8.56	501532.00	426918720	0	8.13	8.203	8.387	8.737	9.509	16.693	501532	515352	445936.813	451551.938	73.474	56.974	106.474
2016/03/04	8.55	8.80	8.39	8.70	620430.00	534945088	0	8.312	8.24	8.326	8.713	9.453	16.55	620430	582979	476096.406	452928.75	80.179	64.709	111.12
2016/03/07	8.70	8.84	8.49	8.59	409774.00	352966976	0	8.534	8.247	8.309	8.687	9.391	16.398	409774	583554	475574.906	453133.688	81.578	70.332	104.07
2016/03/08	8.58	8.59	8.18	8.57	315963.00	263866224	0	8.602	8.264	8.311	8.671	9.331	16.24	315963	528689.375	482580.313	416611.906	82.094	74.252	97.776
2016/03/09	8.40	8.59	8.26	8.58	228119.00	192086384	0	8.6	8.287	8.327	8.655	9.274	16.068	228119	415163.594	470285.906	398984.5	82.646	77.05	93.837
2016/03/10	8.42	8.57	8.29	8.32	172220.00	145330112	0	8.552	8.341	8.323	8.621	9.223	15.888	172220	349301.188	432326.594	385803.75	77.597	77.233	78.326
2016/03/11	8.25	8.34	8.20	8.27	122007.00	100775664	0	8.466	8.389	8.323	8.585	9.169	15.695	122007	249616.594	416297.813	378446.906	71.87	75.445	64.721
2016/03/14	8.36	8.62	8.32	8.47	224179.00	190650144	0	8.442	8.488	8.34	8.543	9.118	15.507	224179	212497.594	398025.813	377343.344	62.839	71.243	46.031
2016/03/15	8.50	8.53	8.38	8.50	157669.00	133503496	0	8.428	8.515	8.345	8.502	9.082	15.336	157669	180838.797	354764.094	368428.063	58.054	66.847	40.469
2016/03/16	8.50	8.75	8.50	8.64	389923.00	337517216	0	8.44	8.52	8.354	8.472	9.067	15.163	389923	213199.594	314181.594	371983.313	61.935	65.21	55.386
2016/03/17	8.64	8.72	8.56	8.67	255312.00	221115072	0	8.51	8.531	8.367	8.435	9.068	14.979	255312	229818	289559.594	367748.188	66.038	65.486	67.142
2016/03/18	8.69	8.88	8.69	8.77	406772.00	357718304	0	8.61	8.538	8.389	8.396	9.067	14.794	406772	286771	268193.813	372145.094	72.12	67.697	80.967
2016/03/21	8.84	8.97	8.78	8.92	390275.00	345882464	0	8.7	8.571	8.409	8.396	9.058	14.602	390275	319990.188	266243.906	370909.406	79.249	71.548	94.652
2016/03/22	8.87	8.88	8.80	8.81	208351.00	183987568	0	8.762	8.595	8.43	8.406	9.041	14.413	208351	330126.594	255482.703	369031.5	79.24	74.112	89.495
2016/03/23	8.79	8.89	8.73	8.79	159598.00	140551312	0	8.792	8.616	8.451	8.423	9.02	14.221	159598	284061.594	248630.594	359458.25	78.368	75.53	84.042
2016/03/24	8.73	8.73	8.53	8.54	247754.00	213525424	0	8.766	8.638	8.49	8.428	8.994	14.024	247754	282550	256184	344255.313	63.527	71.529	47.523
2016/03/25	8.54	8.58	8.40	8.50	239025.00	202612992	0	8.712	8.661	8.525	8.435	8.963	13.827	239025	249000.594	267885.813	342091.813	49.131	64.063	19.267
2016/03/28	8.50	8.62	8.42	8.47	180637.00	154216208	0	8.622	8.661	8.575	8.447	8.941	13.629	180637	207073	263531.594	330778.688	36.848	54.991	0.56
2016/03/29	8.47	8.49	8.32	8.37	182074.00	152896736	0	8.534	8.648	8.582	8.446	8.916	13.435	182074	201817.594	265972.094	310368.094	27.129	45.704	-10.02
2016/03/30	8.41	8.54	8.40	8.53	261114.00	221410848	0	8.482	8.637	8.578	8.448	8.891	13.246	261114	222120.797	253091.203	283636.406	28.855	40.088	6.391
2016/03/31	8.56	8.57	8.45	8.47	234646.00	199317600	0	8.468	8.617	8.574	8.45	8.867	13.062	234646	219499.203	251024.594	270292.094	26.929	35.702	9.385
2016/04/01	8.47	8.56	8.37	8.55	198182.00	168132816	0	8.478	8.595	8.566	8.458	8.847	12.884	198182	211330.594	230165.594	249179.703	31.403	34.269	25.672
2016/04/05	8.55	8.68	8.38	8.59	503863.00	430137408	0	8.502	8.562	8.566	8.46	8.824	12.704	503863	275975.813	241524.406	253884.156	36.725	35.087	40
2016/04/06	8.52	8.60	8.50	8.55	270540.00	231003040	0	8.538	8.536	8.566	8.465	8.806	12.537	270540	293669	247743.297	251613	43.183	37.786	53.976
2016/04/07	8.58	8.59	8.45	8.47	215750.00	183756656	0	8.526	8.504	8.56	8.469	8.777	12.383	215750	284596.188	253358.5	250994.547	42.677	39.416	49.199
2016/04/08	8.41	8.42	8.24	8.31	239455.00	199644400	0	8.494	8.481	8.559	8.487	8.753	12.205	239455	285558	252528.594	254356.297	33.755	37.529	26.206
2016/04/11	8.33	8.51	8.33	8.44	188561.00	159201456	0	8.472	8.475	8.568	8.508	8.729	12.021	188561	283633.813	247482.203	257684	37.655	37.571	37.822
2016/04/12	8.40	8.49	8.33	8.38	148142.00	124211856	0	8.43	8.466	8.564	8.538	8.703	11.847	148142	212489.594	244232.703	253882.156	35.709	36.95	33.227
2016/04/13	8.41	8.52	8.39	8.41	475638.00	402533248	0	8.402	8.47	8.559	8.544	8.677	11.691	475638	253509.203	273589.094	269780.594	36.685	36.862	36.331
2016/04/14	8.45	8.46	8.38	8.44	204792.00	172359872	0	8.396	8.461	8.549	8.539	8.657	11.529	204792	251317.594	267956.906	260524.047	39.608	37.777	43.27
2016/04/15	8.46	8.46	8.38	8.41	207750.00	174422272	0	8.416	8.455	8.536	8.534	8.636	11.347	207750	244976.594	265267.313	258145.953	39.284	38.28	41.293
2016/04/18	8.35	8.38	8.28	8.29	201013.00	167358224	0	8.386	8.429	8.512	8.521	8.617	11.18	201013	247467	265550.406	247858	30.819	35.793	20.872
2016/04/19	8.30	8.35	8.27	8.33	113558.00	94372136	0	8.376	8.403	8.483	8.512	8.599	11.03	113558	240550.203	226519.906	234022.156	29.117	33.568	20.217
2016/04/20	8.34	8.35	7.83	8.11	353440.00	285922784	0	8.316	8.359	8.448	8.497	8.584	10.887	353440	216110.594	234809.906	241276.594	32.938	33.358	32.099
2016/04/21	8.08	8.10	7.98	7.99	196086.00	157549280	0	8.226	8.311	8.408	8.477	8.566	10.731	196086	214369.406	232843.5	243101	29.688	32.135	24.796
2016/04/22	7.97	8.06	7.94	8.00	170390.00	136383568	0	8.144	8.28	8.38	8.466	8.544	10.586	170390	206897.406	225937	239232.797	28.005	30.758	22.498
2016/04/25	8.00	8.02	7.90	7.96	158239.00	125965840	0	8.078	8.232	8.354	8.456	8.52	10.448	158239	198342.594	222904.797	235193.5	24.95	28.822	17.206
2016/04/26	7.99	7.99	7.85	7.91	214280.00	169531728	0	7.994	8.185	8.325	8.437	8.49	10.289	214280	218487	229518.594	236875.656	20.866	26.17	10.258
2016/04/27	7.92	7.94	7.87	7.89	196050.00	154915456	0	7.95	8.133	8.302	8.417	8.46	10.108	196050	187009	201559.797	237574.453	17.085	23.142	4.972
2016/04/28	7.89	8.00	7.85	8.00	225265.00	177972704	0	7.952	8.089	8.275	8.396	8.434	9.914	225265	192844.797	203607.094	235782	21.693	22.659	19.762
2016/04/29	8.00	8.53	7.91	8.33	551855.00	459347328	0	8.018	8.081	8.268	8.384	8.41	9.739	551855	269137.813	238017.594	251642.453	38.272	27.863	59.089
2016/05/03	8.34	8.85	8.28	8.71	991801.00	862189888	0	8.168	8.123	8.276	8.382	8.389	9.571	991801	435850.188	317096.406	291323.406	54.273	36.666	89.485
2016/05/04	8.66	8.83	8.61	8.64	403014.00	350378112	0	8.314	8.154	8.278	8.373	8.384	9.527	403014	473597	346042	286280.938	62.515	45.283	96.98
2016/05/05	8.64	8.69	8.55	8.66	265260.00	228558624	0	8.468	8.209	8.284	8.368	8.387	9.48	265260	487439	337224	286016.938	68.677	53.081	99.869
2016/05/06	8.70	8.72	8.32	8.33	346230.00	293434176	0	8.534	8.243	8.277	8.353	8.388	9.436	346230	511632	352238.406	292540.938	61.784	55.982	73.39
2016/05/09	8.30	8.38	8.08	8.25	329515.00	271678080	0	8.518	8.268	8.274	8.343	8.385	9.395	329515	467164	368150.906	297043.938	54.523	55.496	52.578
2016/05/10	8.25	8.83	8.17	8.66	865091.00	741211712	0	8.508	8.338	8.285	8.348	8.392	9.358	865091	441822	438836.094	330870.438	63.349	58.113	73.819
2016/05/11	8.68	9.38	8.63	9.11	1347616.00	1220023808	0	8.602	8.458	8.321	8.37	8.408	9.323	1347616	630742.375	552169.688	390844.156	69.683	61.97	85.11
2016/05/12	9.04	9.39	8.82	9.07	903704.00	820744640	0	8.684	8.576	8.354	8.393	8.42	9.291	903704	758431.188	622935.125	412247.438	72.582	65.507	86.731
2016/05/13	9.00	9.08	8.86	8.98	679990.00	608722176	0	8.814	8.674	8.382	8.408	8.428	9.269	679990	825183.188	668407.625	436007.344	71.289	67.434	78.997
2016/05/16	8.90	9.08	8.80	9.07	597495.00	534661280	0	8.978	8.748	8.415	8.428	8.439	9.25	597495	878779.188	672971.625	455494.594	72.717	69.195	79.759
2016/05/17	9.08	9.08	8.82	8.83	423922.00	377140640	0	9.012	8.76	8.441	8.437	8.448	9.226	423922	790545.375	616183.688	466640.063	67.562	68.651	65.384
2016/05/18	8.82	8.93	8.65	8.88	442543.00	386796512	0	8.966	8.784	8.469	8.447	8.453	9.209	442543	609530.813	620136.625	483089.313	65.397	67.566	61.06
2016/05/19	8.84	9.05	8.81	8.84	347860.00	310579104	0	8.92	8.802	8.505	8.457	8.461	9.189	347860	498362	628396.625	482810.313	62.937	66.023	56.764
2016/05/20	8.74	9.15	8.74	9.14	553904.00	500503040	0	8.952	8.883	8.563	8.479	8.474	9.171	553904	473144.813	649164	500701.188	68.46	66.836	71.71
2016/05/23	9.14	9.16	9.01	9.10	319377.00	289932800	0	8.958	8.968	8.618	8.505	8.496	9.149	319377	417521.188	648150.188	508150.563	66.254	66.642	65.48
2016/05/24	9.12	9.14	8.92	8.98	268878.00	242646512	0	8.988	9	8.669	8.523	8.516	9.129	268878	386512.406	588528.875	513682.5	59.034	64.106	48.891
2016/05/25	9.07	9.10	8.82	8.86	272022.00	243421792	0	8.984	8.975	8.717	8.539	8.539	9.11	272022	352408.188	480969.5	516569.594	53.082	60.431	38.383
2016/05/26	8.85	8.92	8.66	8.89	272966.00	239817280	0	8.994	8.957	8.766	8.555	8.55	9.09	272966	337429.406	417895.688	520415.406	51.074	57.312	38.598
2016/05/27	8.85	9.02	8.79	8.96	257474.00	229795792	0	8.958	8.955	8.814	8.573	8.556	9.064	257474	278143.406	375644.094	522025.844	54.311	56.312	50.309
2016/05/30	8.92	8.94	8.76	8.77	258530.00	228659936	0	8.892	8.925	8.837	8.585	8.559	9.034	258530	265974	341747.594	507359.594	44.05	52.225	27.702
2016/05/31	8.77	9.30	8.76	9.15	617597.00	560848320	0	8.926	8.957	8.858	8.613	8.567	9.01	617597	335717.813	361115.094	488649.406	54.888	53.112	58.439
2016/06/01	9.16	9.30	9.10	9.12	415569.00	382074048	0	8.978	8.981	8.882	8.64	8.576	8.984	415569	364427.188	358417.688	489277.156	60.55	55.592	70.467
2016/06/02	9.08	9.30	9.06	9.30	423321.00	389270816	0	9.06	9.027	8.915	8.679	8.588	8.959	423321	394498.188	365963.813	497180.188	73.7	61.628	97.845
2016/06/03	9.29	9.50	9.28	9.37	471567.00	443026112	0	9.142	9.05	8.967	8.725	8.601	8.937	471567	437316.813	357730.094	503447.063	77.308	66.855	98.215
2016/06/06	9.35	9.37	9.21	9.27	281973.00	261546864	0	9.242	9.067	9.017	8.768	8.617	8.92	281973	442005.406	353989.688	501069.938	75.745	69.818	87.599
2016/06/07	9.27	9.30	9.16	9.25	187843.00	173095472	0	9.262	9.094	9.047	8.811	8.633	8.901	187843	356054.594	345886.188	467207.563	73.909	71.182	79.365
2016/06/08	9.26	9.29	9.13	9.18	184865.00	169649536	0	9.274	9.126	9.05	8.853	8.645	8.881	184865	309913.813	337170.5	409070	68.192	70.185	64.205
2016/06/13	9.07	9.17	8.88	8.90	289228.00	262296768	0	9.194	9.127	9.042	8.887	8.652	8.867	289228	283095.188	338796.688	378346.188	51.768	64.046	27.211
2016/06/14	8.88	8.95	8.78	8.92	271132.00	240158192	0	9.104	9.123	9.039	8.917	8.656	8.862	271132	243008.203	340162.5	357903.313	41.719	56.604	11.949
2016/06/15	8.80	9.11	8.78	9.04	402735.00	361985888	0	9.058	9.15	9.038	8.941	8.663	8.865	402735	267160.594	354583	348165.313	39.85	51.019	17.511
2016/06/16	9.01	9.02	8.82	8.88	244397.00	217808656	0	8.984	9.123	9.04	8.947	8.665	8.866	244397	278471.406	317263	339189.063	31.196	44.411	4.766
2016/06/17	8.90	9.17	8.87	8.91	331257.00	298417920	0	8.93	9.102	9.042	8.956	8.664	8.861	331257	307749.813	308831.813	333624.75	26.816	38.546	3.355
2016/06/20	8.91	9.00	8.79	8.90	198050.00	175855440	0	8.93	9.062	9.045	8.964	8.666	8.853	198050	289514.188	286304.688	326134.25	24.657	33.916	6.138
2016/06/21	8.93	8.97	8.80	8.82	278990.00	247589904	0	8.91	9.007	9.028	8.98	8.666	8.843	278990	291085.813	267047	312388.563	19.002	28.945	-0.884
2016/06/22	8.80	8.88	8.75	8.88	168069.00	148365744	0	8.878	8.968	9.017	9.001	8.672	8.833	168069	244152.594	255656.594	304823.156	20.693	26.194	9.69
2016/06/23	8.87	8.87	8.75	8.80	186266.00	164005984	0	8.862	8.923	9.009	9.006	8.677	8.82	186266	232526.406	255498.906	300692.563	17.763	23.384	6.522
2016/06/24	8.78	8.83	8.51	8.63	370701.00	321674176	0	8.806	8.868	8.997	8.99	8.68	8.811	370701	240415.203	274082.5	305626.5	17.903	21.557	10.595
2016/06/27	8.56	8.83	8.52	8.80	208194.00	181782368	0	8.786	8.858	8.993	8.981	8.687	8.802	208194	242444	265979.094	302387.906	26.582	23.232	33.281
2016/06/28	8.75	8.79	8.67	8.79	172935.00	150986848	0	8.78	8.845	8.984	8.974	8.691	8.791	172935	221233	256159.406	298160.938	31.863	26.109	43.37
2016/06/29	8.80	8.87	8.79	8.83	154818.00	136695936	0	8.77	8.824	8.987	8.966	8.697	8.782	154818	218582.797	231367.703	292975.344	37.403	29.874	52.463
2016/06/30	8.85	8.98	8.84	8.88	221121.00	197040176	0	8.786	8.824	8.974	8.968	8.703	8.775	221121	225553.797	229040.094	273151.563	50.106	36.618	77.082
2016/07/01	8.88	8.95	8.85	8.91	170895.00	152152176	0	8.842	8.824	8.963	8.969	8.708	8.766	170895	185592.594	213003.906	260917.844	61.773	45.003	95.312
2016/07/04	8.89	9.18	8.89	9.15	484153.00	440315808	0	8.912	8.849	8.955	8.979	8.718	8.762	484153	240784.406	241614.203	263959.438	73.022	54.343	110.382
2016/07/05	9.13	9.30	9.13	9.24	361427.00	333554272	0	9.002	8.891	8.949	8.983	8.731	8.754	361427	278482.813	249857.906	258452.453	79.483	62.723	113.004
2016/07/06	9.23	9.28	9.12	9.22	224430.00	206759440	0	9.08	8.925	8.946	8.987	8.746	8.75	224430	292405.188	255494	255575.297	82.947	69.464	109.912
2016/07/07	9.25	9.60	9.25	9.57	575241.00	543793856	0	9.218	9.002	8.962	9.006	8.765	8.747	575241	363229.188	294391.5	274945.188	87.705	75.544	112.027
2016/07/08	9.51	9.64	9.46	9.55	306097.00	292528576	0	9.346	9.094	8.981	9.029	8.784	8.744	306097	390269.594	287931.094	281006.813	88.711	79.933	106.266
2016/07/11	9.55	9.60	9.44	9.47	451666.00	429845536	0	9.41	9.161	9.009	9.049	8.802	8.74	451666	383772.188	312278.313	289128.688	85.807	81.891	93.639
2016/07/12	9.49	10.37	9.49	10.35	1028471.00	1029790272	0	9.632	9.317	9.081	9.095	8.834	8.745	1028471	517181	397831.906	326995.656	90.102	84.628	101.051
2016/07/13	10.30	10.37	10.11	10.22	480855.00	491741408	0	9.832	9.456	9.14	9.143	8.864	8.75	480855	568466	430435.594	330901.656	90.112	86.456	97.424
2016/07/14	10.18	10.22	9.94	10.11	346660.00	349040160	0	9.94	9.579	9.201	9.175	8.894	8.755	346660	522749.813	442989.5	336014.813	87.552	86.822	89.014
2016/07/15	10.09	10.56	10.09	10.36	659602.00	684634560	0	10.102	9.724	9.274	9.217	8.928	8.764	659602	593450.813	491860.188	352432.063	87.072	86.905	87.406
2016/07/18	10.25	10.68	10.13	10.37	466367.00	484436512	0	10.282	9.846	9.347	9.252	8.966	8.775	466367	596391	490081.594	365847.906	84.757	86.189	81.894
2016/07/19	10.30	10.41	10.01	10.10	355241.00	360809856	0	10.232	9.932	9.411	9.277	9.001	8.784	355241	461745	489463	369660.438	76.318	82.899	63.157
2016/07/20	10.15	10.35	10.11	10.20	220139.00	225420880	0	10.228	10.03	9.477	9.308	9.038	8.791	220139	409601.813	489033.906	372263.938	71.309	79.036	55.856
2016/07/21	10.23	10.64	10.23	10.42	461739.00	482772096	0	10.29	10.115	9.559	9.347	9.079	8.8	461739	432617.594	477683.688	386037.594	73.883	77.318	67.014
2016/07/22	10.38	10.58	10.25	10.33	301906.00	313436928	0	10.284	10.193	9.644	9.385	9.119	8.805	301906	361078.406	477264.594	382597.844	72.785	75.807	66.741
2016/07/25	10.33	10.39	10.16	10.26	283454.00	290535392	0	10.262	10.272	9.717	9.43	9.158	8.809	283454	324495.813	460443.406	386360.844	62.938	71.517	45.779
2016/07/26	10.13	10.40	10.00	10.35	355966.00	363444192	0	10.312	10.272	9.795	9.478	9.198	8.816	355966	324640.813	393192.906	395512.406	60.427	67.821	45.64
2016/07/27	10.33	10.42	9.92	10.30	549108.00	558364416	0	10.332	10.28	9.868	9.52	9.231	8.82	549108	390434.594	400018.188	415226.906	56.951	64.197	42.459
2016/07/28	10.27	10.84	10.13	10.72	652047.00	691515264	0	10.392	10.341	9.96	9.581	9.264	8.827	652047	428496.188	430556.906	436773.188	66.953	65.116	70.627
2016/07/29	10.65	11.33	10.64	10.94	843803.00	927270848	0	10.514	10.399	10.061	9.649	9.302	8.843	843803	536875.625	448977	470418.594	68.749	66.327	73.593
2016/08/01	10.94	10.98	10.42	10.58	517225.00	552675904	0	10.578	10.42	10.133	9.705	9.334	8.861	517225	583629.813	454062.813	472072.188	61.435	64.696	54.913
2016/08/02	10.60	10.67	10.34	10.55	335464.00	351010720	0	10.618	10.465	10.198	9.763	9.371	8.88	335464	579529.375	452085.094	470774.063	55.851	61.748	44.056
2016/08/03	10.52	10.67	10.46	10.61	257401.00	271952992	0	10.68	10.506	10.268	9.82	9.411	8.898	257401	521188	455811.313	472422.594	53.546	59.014	42.61
2016/08/04	10.57	10.60	10.33	10.41	272037.00	283532256	0	10.618	10.505	10.31	9.874	9.44	8.916	272037	445186	436841.094	457262.406	47.281	55.103	31.637
2016/08/05	10.41	10.59	10.34	10.46	250327.00	262214272	0	10.522	10.518	10.356	9.935	9.462	8.935	250327	326490.813	431683.188	454473.906	44.287	51.497	29.865
2016/08/08	10.46	10.51	10.26	10.50	244348.00	254026720	0	10.506	10.542	10.407	9.992	9.486	8.953	244348	271915.406	427772.594	444108	43.236	48.744	32.221
2016/08/09	10.51	10.64	10.44	10.63	309212.00	326913792	0	10.522	10.57	10.421	10.053	9.514	8.971	309212	266665	423097.188	408145.063	42.713	46.733	34.672
2016/08/10	10.59	10.70	10.37	10.46	275019.00	288658560	0	10.492	10.586	10.433	10.107	9.537	8.988	275019	270188.594	395688.313	397853.25	34.706	42.724	18.669
2016/08/11	10.39	10.47	10.25	10.27	266039.00	274978304	0	10.464	10.541	10.441	10.154	9.561	9.004	266039	268989	357087.5	393822.188	24.05	36.5	-0.848
2016/08/12	10.30	10.45	10.14	10.39	302609.00	310877056	0	10.45	10.486	10.443	10.203	9.586	9.02	302609	279445.406	302968.094	375972.563	30.915	34.638	23.468
2016/08/15	10.36	10.79	10.33	10.64	486951.00	516576640	0	10.478	10.492	10.456	10.253	9.616	9.038	486951	327966	299940.688	377001.75	46.251	38.509	61.735
2016/08/16	10.62	10.74	10.51	10.53	434978.00	462143648	0	10.458	10.49	10.477	10.296	9.639	9.057	434978	353119.188	309892.094	380988.594	50.834	42.617	67.267
2016/08/17	10.58	10.62	10.40	10.56	318708.00	334747104	0	10.478	10.485	10.496	10.34	9.663	9.08	318708	361857	316022.813	385917.063	55.428	46.887	72.508
2016/08/18	10.55	10.58	10.41	10.45	208521.00	218397776	0	10.514	10.489	10.497	10.37	9.688	9.102	208521	350353.406	309671.188	373256.156	52.849	48.875	60.798
2016/08/19	10.47	10.48	10.19	10.30	246463.00	254215648	0	10.496	10.473	10.496	10.395	9.712	9.125	246463	339124.188	309284.813	370484	43.438	47.062	36.189
2016/08/22	10.34	10.38	10.16	10.26	195133.00	200268144	0	10.42	10.449	10.496	10.421	9.735	9.142	195133	280760.594	304363.313	366067.938	35.112	43.079	19.179
2016/08/23	10.26	10.38	10.17	10.26	151904.00	156048160	0	10.366	10.412	10.491	10.418	9.757	9.156	151904	224145.797	288632.5	355864.844	29.562	38.573	11.54
2016/08/24	10.29	10.31	10.20	10.25	89458.00	91752568	0	10.304	10.391	10.488	10.419	9.781	9.17	89458	178295.797	270076.406	332882.344	25.349	34.165	7.717
2016/08/25	10.20	10.23	10.10	10.21	143035.00	145519488	0	10.256	10.385	10.463	10.422	9.799	9.183	143035	165198.594	257776	307431.75	22.213	30.181	6.277
2016/08/26	10.20	10.33	10.19	10.23	138654.00	142462704	0	10.242	10.369	10.427	10.418	9.817	9.197	138654	143636.797	241380.5	272174.313	21.58	27.314	10.111
2016/08/29	10.22	10.36	10.16	10.19	127919.00	130794080	0	10.228	10.324	10.408	10.412	9.832	9.21	127919	130194	205477.297	252709	20.156	24.928	10.611
2016/08/30	10.18	10.32	10.18	10.31	152805.00	156988528	0	10.238	10.302	10.396	10.419	9.848	9.224	152805	130374.203	177260	243576.047	28.02	25.959	32.144
2016/08/31	10.40	10.53	10.35	10.48	334067.00	349173984	0	10.284	10.294	10.389	10.428	9.868	9.243	334067	179296	178795.906	247409.344	48.138	33.352	77.709
2016/09/01	10.49	10.55	10.29	10.35	200004.00	208713008	0	10.312	10.284	10.387	10.426	9.886	9.26	200004	190689.797	177944.203	243807.703	50.61	39.105	73.622
2016/09/02	10.46	10.74	10.40	10.72	522268.00	551883520	0	10.41	10.326	10.399	10.439	9.912	9.279	522268	267412.594	205524.703	257404.75	66.032	48.08	101.935
2016/09/05	10.72	10.80	10.56	10.60	333450.00	355963456	0	10.492	10.36	10.405	10.45	9.94	9.296	333450	308518.813	219356.406	261859.844	67.831	54.664	94.165
2016/09/06	10.65	10.75	10.55	10.68	284869.00	303653504	0	10.566	10.402	10.407	10.461	9.97	9.313	284869	334931.594	232652.906	260642.703	72.84	60.722	97.074
2016/09/07	10.71	10.74	10.48	10.52	295825.00	313241600	0	10.574	10.429	10.41	10.469	9.994	9.328	295825	327283.188	253289.594	261683	67.31	62.918	76.093
2016/09/08	10.53	10.55	10.43	10.46	126293.00	132081936	0	10.596	10.454	10.42	10.46	10.021	9.343	126293	312541	251615.406	254695.703	60.498	62.112	57.271
2016/09/09	10.45	10.48	10.26	10.27	187954.00	194591680	0	10.506	10.458	10.413	10.438	10.043	9.354	187954	245678.203	256545.406	248962.953	45.171	56.465	22.583
2016/09/12	10.13	10.24	9.92	10.22	403278.00	405081728	0	10.43	10.461	10.392	10.426	10.065	9.366	403278	259643.797	284081.313	244779.297	41.478	51.469	21.495
2016/09/13	10.15	10.21	10.11	10.19	126308.00	128282320	0	10.332	10.449	10.375	10.414	10.088	9.377	126308	227931.594	281431.594	229345.797	37.879	46.939	19.759
2016/09/14	10.16	10.17	9.98	10.05	146595.00	147436624	0	10.238	10.406	10.35	10.395	10.108	9.39	146595	198085.594	262684.406	220740.156	30.177	41.352	7.827
2016/09/19	10.05	10.88	10.03	10.64	444761.00	465167008	0	10.274	10.435	10.359	10.403	10.138	9.408	444761	261779.203	287160.094	232552.156	45.118	42.607	50.14
2016/09/20	10.46	10.84	10.43	10.51	460732.00	488548576	0	10.322	10.414	10.37	10.404	10.17	9.425	460732	316334.813	281006.5	243265.594	50.565	45.26	61.175
2016/09/21	10.60	10.63	10.33	10.36	233554.00	243981424	0	10.35	10.39	10.375	10.4	10.196	9.441	233554	282390	271016.906	245186.656	48.988	46.502	53.958
2016/09/22	10.36	10.57	10.36	10.49	239905.00	251400288	0	10.41	10.371	10.387	10.395	10.224	9.458	239905	305109.406	266520.5	249586.703	52.45	48.485	60.38
2016/09/23	10.46	10.52	10.35	10.43	160804.00	167815856	0	10.486	10.362	10.396	10.394	10.251	9.474	160804	307951.188	253018.406	253154	52.675	49.882	58.262
2016/09/26	10.43	10.44	10.06	10.10	235307.00	239739616	0	10.378	10.326	10.39	10.388	10.271	9.487	235307	266060.406	263919.813	257767.594	41.367	47.043	30.014
2016/09/27	10.09	10.22	10.06	10.19	116407.00	117885368	0	10.314	10.318	10.388	10.382	10.292	9.5	116407	197195.406	256765.094	256655.25	35.356	43.147	19.772
2016/09/28	10.20	10.20	10.09	10.10	100493.00	101716520	0	10.262	10.306	10.384	10.364	10.308	9.513	100493	170583.203	226486.594	255283.953	28.015	38.103	7.838
2016/09/29	10.09	10.17	10.08	10.10	100782.00	101947144	0	10.184	10.297	10.373	10.349	10.323	9.527	100782	142758.594	223934	252682.797	21.422	32.543	-0.82
2016/09/30	10.10	10.20	10.09	10.14	101826.00	103313984	0	10.126	10.306	10.356	10.335	10.338	9.542	101826	130963	219457.094	241070.75	17.7	27.595	-2.09
2016/10/10	10.18	10.38	10.14	10.35	205093.00	210789056	0	10.176	10.277	10.356	10.332	10.351	9.558	205093	124920.203	195490.297	241325.203	28.759	27.983	30.311
2016/10/11	10.34	10.38	10.28	10.32	153273.00	158332880	0	10.202	10.258	10.336	10.333	10.364	9.574	153273	132293.406	164744.406	222875.453	36.166	30.711	47.077
2016/10/12	10.30	10.30	10.17	10.20	136781.00	139707344	0	10.222	10.242	10.316	10.331	10.376	9.589	136781	139551	155067.094	213042	34.256	31.892	38.982
2016/10/13	10.22	10.23	10.15	10.16	103950.00	105757728	0	10.234	10.209	10.29	10.327	10.373	9.603	103950	140184.594	141471.594	203996.047	31.609	31.798	31.231
2016/10/14	10.15	10.20	10.10	10.15	150256.00	152168528	0	10.236	10.181	10.271	10.324	10.372	9.618	150256	149870.594	140416.797	196717.594	30.448	31.348	28.647
2016/10/17	10.17	10.27	10.09	10.12	145395.00	147879312	0	10.19	10.183	10.255	10.321	10.372	9.633	145395	137931	131425.594	197672.703	24.743	29.146	15.936
2016/10/18	10.11	10.21	10.10	10.21	125433.00	127530736	0	10.168	10.185	10.252	10.32	10.369	9.649	125433	132363	132328.203	194546.656	30.94	29.744	33.331
2016/10/19	10.21	10.24	10.11	10.15	121367.00	123358168	0	10.158	10.19	10.248	10.319	10.366	9.666	121367	129280.203	134415.594	180451.094	27.523	29.004	24.562
2016/10/20	10.15	10.17	10.12	10.13	77417.00	78487624	0	10.152	10.193	10.245	10.313	10.366	9.684	77417	123973.602	132079.094	178006.547	22.946	26.985	14.87
2016/10/21	10.12	10.23	10.11	10.21	156612.00	159410704	0	10.164	10.2	10.253	10.304	10.366	9.702	156612	125244.797	137557.703	178507.406	29.091	27.687	31.899
2016/10/24	10.22	10.38	10.17	10.29	226560.00	232796880	0	10.198	10.194	10.236	10.302	10.364	9.721	226560	141477.797	139704.406	167597.344	42.382	32.585	61.976
2016/10/25	10.30	10.34	10.25	10.28	154745.00	159023504	0	10.212	10.19	10.224	10.287	10.363	9.741	154745	147340.203	139851.594	152298	50.094	38.421	73.439
2016/10/26	10.28	10.30	10.15	10.15	129784.00	132500600	0	10.212	10.185	10.214	10.272	10.361	9.76	129784	149023.594	139151.906	147109.5	40.292	39.045	42.787
2016/10/27	10.20	10.20	10.13	10.18	93150.00	94606824	0	10.222	10.187	10.198	10.256	10.359	9.778	93150	152170.203	138071.906	139771.75	37.206	38.432	34.755
2016/10/28	10.17	10.23	10.16	10.20	90658.00	92385616	0	10.22	10.192	10.186	10.245	10.357	9.794	90658	138979.406	132112.094	136264.453	36.709	37.858	34.411
2016/10/31	10.10	10.10	9.96	9.98	326466.00	326543424	0	10.158	10.178	10.181	10.229	10.344	9.804	326466	158960.594	150219.203	140822.406	26.06	33.925	10.329
2016/11/01	9.98	10.04	9.97	10.03	131012.00	131140256	0	10.108	10.16	10.172	10.221	10.329	9.816	131012	154214	150777.094	141552.656	22.929	30.26	8.267
2016/11/02	10.01	10.03	9.95	9.95	147251.00	146990384	0	10.068	10.14	10.165	10.212	10.319	9.827	147251	157707.406	153365.5	143890.547	15.286	25.268	-4.679
2016/11/03	9.96	10.04	9.95	10.01	154257.00	154308320	0	10.034	10.128	10.16	10.206	10.31	9.841	154257	169928.797	161049.5	146564.297	14.842	21.793	0.94
2016/11/04	10.02	10.03	9.95	9.96	144358.00	144028352	0	9.986	10.103	10.151	10.203	10.299	9.855	144358	180668.797	159824.094	148690.906	10.749	18.112	-3.976
2016/11/07	9.96	10.01	9.95	9.98	124490.00	124185424	0	9.986	10.072	10.133	10.181	10.292	9.866	124490	140273.594	149617.094	144660.75	10.023	15.416	-0.761
2016/11/08	10.01	10.05	9.98	10.03	142314.00	142534576	0	9.986	10.047	10.118	10.165	10.285	9.873	142314	142534	148374	144112.797	16.206	15.679	17.26
2016/11/09	10.02	10.04	9.79	9.91	190213.00	188907248	0	9.978	10.023	10.104	10.15	10.275	9.88	190213	151126.406	154416.906	146784.406	19.895	17.084	25.516
2016/11/10	9.96	10.01	9.92	9.96	207032.00	206500224	0	9.968	10.001	10.094	10.132	10.264	9.889	207032	161681.406	165805.094	151938.5	31.543	21.904	50.821
2016/11/11	9.99	10.00	9.94	9.98	165340.00	164832688	0	9.972	9.979	10.085	10.117	10.256	9.896	165340	165877.797	173273.297	152692.703	45.387	29.732	76.699
2016/11/14	9.99	10.02	9.88	9.95	317678.00	316461920	0	9.966	9.976	10.077	10.112	10.25	9.906	317678	204515.406	172394.5	161306.844	50.771	36.745	78.824
2016/11/15	9.95	10.02	9.91	9.99	190572.00	190056560	0	9.958	9.972	10.066	10.106	10.244	9.915	190572	214167	178350.5	164563.797	59.488	44.326	89.813
2016/11/16	10.00	10.02	9.96	9.98	134533.00	134311600	0	9.972	9.975	10.057	10.102	10.233	9.924	134533	203031	177078.703	165222.094	64.018	50.89	90.274
2016/11/17	9.99	10.01	9.93	9.98	150623.00	149959520	0	9.976	9.972	10.05	10.098	10.224	9.931	150623	191749.203	176715.297	168882.406	67.037	56.272	88.567
2016/11/18	9.95	9.98	9.90	9.91	139888.00	138952032	0	9.962	9.967	10.035	10.09	10.213	9.938	139888	186658.797	176268.297	168046.203	60.076	57.54	65.148
2016/11/21	9.91	9.99	9.89	9.93	162101.00	161168736	0	9.958	9.962	10.017	10.076	10.204	9.946	162101	155543.406	180029.406	164823.25	58.718	57.933	60.287
2016/11/22	9.93	10.05	9.92	10.00	238546.00	238502160	0	9.96	9.959	10.003	10.065	10.199	9.955	238546	165138.203	189652.594	169013.297	62.674	59.513	68.997
2016/11/23	10.00	10.27	10.00	10.21	450451.00	458127552	0	10.006	9.989	10.006	10.066	10.198	9.967	450451	228321.797	215676.406	185046.656	69.988	63.005	83.954
2016/11/24	10.20	10.54	10.10	10.39	658136.00	679856448	0	10.088	10.032	10.016	10.073	10.2	9.978	658136	329824.406	260786.797	213295.953	72.416	66.142	84.965
2016/11/25	10.37	10.39	10.17	10.29	360117.00	369999392	0	10.164	10.063	10.021	10.078	10.201	9.991	360117	373870.188	280264.5	226768.906	68.79	67.025	72.321
2016/11/28	10.40	10.83	10.30	10.67	917659.00	968806656	0	10.312	10.135	10.056	10.096	10.209	10.004	917659	524981.813	340262.594	256328.547	73.52	69.19	82.18
2016/11/29	10.63	11.30	10.52	10.79	1302297.00	1423967360	0	10.47	10.215	10.094	10.116	10.218	10.018	1302297	737732	451435.094	314892.813	70.29	69.556	71.756
2016/11/30	10.79	10.92	10.62	10.70	547551.00	586507328	0	10.568	10.287	10.131	10.134	10.226	10.029	547551	757152	492736.906	334907.813	66.009	68.374	61.279
2016/12/01	11.08	11.20	10.78	10.89	863440.00	948025984	0	10.668	10.378	10.175	10.159	10.236	10.042	863440	798212.813	564018.625	370366.938	67.647	68.131	66.677
2016/12/02	10.81	11.06	10.55	10.68	537276.00	577648960	0	10.746	10.455	10.211	10.175	10.24	10.054	537276	833644.625	603757.375	390012.844	63.455	66.573	57.22
2016/12/05	10.48	10.48	10.21	10.33	495265.00	511435168	0	10.678	10.495	10.229	10.176	10.239	10.063	495265	749165.813	637073.813	408551.594	50.765	61.303	29.688
2016/12/06	10.32	10.45	10.28	10.34	196275.00	203399952	0	10.588	10.529	10.244	10.178	10.233	10.072	196275	527961.375	632846.688	411249.656	40.51	54.372	12.785
2016/12/07	10.29	10.36	10.23	10.34	213241.00	219384560	0	10.516	10.542	10.266	10.185	10.229	10.084	213241	461099.406	609125.688	412401.063	32.021	46.922	2.22
2016/12/08	10.36	10.38	10.23	10.25	215192.00	221472928	0	10.388	10.528	10.28	10.187	10.221	10.095	215192	331449.813	564831.313	412809.063	22.571	38.805	-9.897
2016/12/09	10.24	10.41	10.21	10.28	315757.00	325175840	0	10.308	10.527	10.295	10.19	10.217	10.106	315757	287146	560395.313	420329.906	17.188	31.599	-11.635
2016/12/12	10.24	10.26	9.98	10.12	450887.00	455146880	0	10.266	10.472	10.304	10.194	10.212	10.116	450887	278270.406	513718.094	426990.344	15.284	26.161	-6.47
2016/12/13	10.08	10.14	10.00	10.07	157499.00	158582064	0	10.212	10.4	10.307	10.196	10.208	10.126	157499	270515.188	399238.313	425336.688	12.648	21.657	-5.369
2016/12/14	10.07	10.14	9.98	9.98	182239.00	182865120	0	10.14	10.328	10.307	10.197	10.204	10.135	182239	264314.813	362707.094	427722	8.432	17.248	-9.2
2016/12/15	9.98	10.03	9.85	9.92	187089.00	186012768	0	10.074	10.231	10.304	10.194	10.2	10.144	187089	258694.203	295072	429545.313	9.325	14.607	-1.239
2016/12/16	9.91	10.04	9.88	10.00	140298.00	139744480	0	10.018	10.163	10.309	10.195	10.199	10.153	140298	223602.406	255374.203	429565.813	14.55	14.588	14.474
2016/12/19	10.01	10.01	9.90	9.92	112436.00	111868648	0	9.978	10.122	10.309	10.193	10.187	10.163	112436	155912.203	217091.297	427082.563	13.867	14.348	12.905
2016/12/20	9.88	9.94	9.88	9.93	107537.00	106531320	0	9.95	10.081	10.305	10.19	10.177	10.174	107537	145919.797	208217.5	420532.094	14.006	14.234	13.551
2016/12/21	9.91	10.00	9.90	9.97	151716.00	151059728	0	9.948	10.044	10.293	10.192	10.171	10.183	151716	139815.203	202065	405595.344	16.48	14.983	19.476
2016/12/22	9.91	9.97	9.91	9.95	90774.00	90197016	0	9.954	10.014	10.271	10.191	10.162	10.193	90774	120552.203	189623.203	377227.25	19.117	16.361	24.629
2016/12/23	9.96	9.96	9.85	9.90	135672.00	134225072	0	9.934	9.976	10.252	10.189	10.153	10.202	135672	119627	171614.703	366005	18.492	17.071	21.333
2016/12/26	9.87	9.88	9.74	9.86	138914.00	136043296	0	9.922	9.95	10.211	10.186	10.149	10.21	138914	124922.602	140417.406	327067.75	22.328	18.823	29.337
2016/12/27	9.87	9.93	9.82	9.87	98519.00	97467456	0	9.91	9.93	10.165	10.182	10.144	10.218	98519	123119	134519.406	266878.844	29.33	22.325	43.338
2016/12/28	9.90	9.93	9.83	9.88	72793.00	71763192	0	9.892	9.92	10.124	10.178	10.14	10.224	72793	107334.398	123574.797	243140.953	35.109	26.587	52.153
2016/12/29	9.85	9.88	9.78	9.79	103837.00	101932904	0	9.86	9.907	10.069	10.172	10.135	10.229	103837	109947	115249.602	205160.797	29.579	27.584	33.568
2016/12/30	9.79	9.89	9.79	9.88	122279.00	120208904	0	9.856	9.895	10.029	10.171	10.13	10.234	122279	107268.398	113447.703	184410.953	37.668	30.945	51.113
2017/01/03	9.88	9.96	9.87	9.94	128429.00	127512992	0	9.872	9.897	10.009	10.171	10.124	10.237	128429	105171.398	115047	166069.156	50.753	37.548	77.163
2017/01/04	9.95	10.05	9.92	10.04	176103.00	175952928	0	9.906	9.908	9.995	10.173	10.119	10.241	176103	120688.203	121903.602	165060.547	66.093	47.063	104.154
2017/01/05	10.07	10.07	10.00	10.04	128011.00	128404544	0	9.938	9.915	9.979	10.167	10.116	10.246	128011	131731.797	119533.102	160799.047	74.365	56.164	110.768
2017/01/06	10.03	10.05	9.99	10.02	115292.00	115478432	0	9.984	9.922	9.968	10.155	10.114	10.243	115292	134022.797	121984.898	155804.047	77.86	63.396	106.788
2017/01/09	10.03	10.03	9.96	10.01	79633.00	79648672	0	10.01	9.933	9.955	10.145	10.112	10.242	79633	125493.602	116381	143997.844	78.343	68.378	98.273
2017/01/10	10.01	10.06	9.98	10.02	73431.00	73623584	0	10.026	9.949	9.95	10.124	10.11	10.241	73431	114494	109832.703	125125.047	79.815	72.191	95.064
2017/01/11	10.01	10.05	9.97	10.01	118223.00	118294544	0	10.02	9.963	9.946	10.098	10.107	10.238	118223	102918	111803.102	123161.25	79.647	74.676	89.589
2017/01/12	9.99	10.02	9.94	9.95	89342.00	89206888	0	10.002	9.97	9.945	10.073	10.103	10.234	89342	95184.203	113458	118516.398	72.146	73.833	68.772
2017/01/13	9.96	9.98	9.82	9.92	268154.00	265682320	0	9.982	9.983	9.945	10.04	10.1	10.233	268154	125756.602	129889.703	122569.648	61.43	69.699	44.894
2017/01/16	9.86	10.13	9.70	10.08	487939.00	484450048	0	9.996	10.003	9.949	10.02	10.098	10.232	487939	207417.797	166455.703	139951.703	70.411	69.936	71.361
2017/01/17	10.04	10.08	9.92	10.03	133112.00	133015888	0	9.998	10.012	9.955	10.01	10.093	10.229	133112	219354	166924	140985.5	72.522	70.798	75.97
2017/01/18	10.02	10.08	9.94	10.03	167570.00	167861040	0	10.002	10.011	9.96	10	10.089	10.226	167570	229223.406	166070.703	143987.156	73.929	71.842	78.105
2017/01/19	10.03	10.03	9.90	9.92	173430.00	172554752	0	9.996	9.999	9.957	9.986	10.085	10.223	173430	246041	170612.594	145072.844	66.341	70.008	59.005
2017/01/20	9.91	10.03	9.88	9.95	136881.00	136740128	0	10.002	9.992	9.957	9.976	10.082	10.22	136881	219786.406	172771.5	147378.203	63.607	67.874	55.072
2017/01/23	9.95	10.05	9.95	10.00	152818.00	152915152	0	9.986	9.991	9.962	9.967	10.078	10.217	152818	152762.203	180090	148235.5	65.66	67.136	62.708
2017/01/24	10.01	10.07	9.99	10.04	126527.00	126845248	0	9.988	9.993	9.971	9.964	10.079	10.212	126527	151445.203	185399.594	147616.156	70.13	68.134	74.122
2017/01/25	10.03	10.08	10.01	10.06	80991.00	81387392	0	9.994	9.998	9.981	9.964	10.08	10.205	80991	134129.406	181676.406	146739.75	74.66	70.31	83.362
2017/01/26	10.07	10.23	10.07	10.11	153824.00	156154640	0	10.032	10.014	9.992	9.968	10.082	10.201	153824	130208.203	188124.594	150791.297	75.56	72.06	82.56
2017/02/03	10.11	10.18	10.07	10.15	120301.00	121803928	0	10.072	10.037	10.01	9.976	10.085	10.197	120301	126892.203	173339.297	151614.5	76.087	73.402	81.458
2017/02/06	10.18	10.21	10.03	10.08	164354.00	166271968	0	10.088	10.037	10.02	9.978	10.087	10.193	164354	129199.398	140980.797	153718.25	69.773	72.192	64.933
2017/02/07	10.08	10.12	10.00	10.03	120417.00	120822648	0	10.086	10.037	10.024	9.982	10.087	10.19	120417	127977.398	139711.297	153317.656	60.801	68.395	45.612
2017/02/08	10.02	10.06	9.99	10.03	162644.00	163121936	0	10.08	10.037	10.024	9.985	10.087	10.186	162644	144308	139218.703	152644.703	54.82	63.87	36.719
2017/02/09	10.04	10.09	9.97	10.04	312910.00	313372992	0	10.066	10.049	10.024	9.988	10.09	10.182	312910	176125.203	153166.703	161889.656	47.261	58.334	25.115
2017/02/10	10.03	10.07	10.01	10.05	278001.00	279184416	0	10.046	10.059	10.026	9.991	10.091	10.177	278001	207665.203	167278.703	170025.094	41.764	52.81	19.67
2017/02/13	10.06	10.20	10.05	10.16	560639.00	567351552	0	10.062	10.075	10.033	10	10.094	10.175	560639	286922.188	208060.797	194075.406	52.201	52.607	51.39
2017/02/14	10.16	10.20	10.11	10.18	339589.00	345164608	0	10.092	10.089	10.041	10.01	10.098	10.174	339589	330756.594	229367	207383.297	61.724	55.646	73.88
2017/02/15	10.19	10.23	10.06	10.07	345353.00	350439840	0	10.1	10.09	10.044	10.017	10.099	10.172	345353	367298.406	255803.203	218739.797	53.97	55.087	51.735
2017/02/16	10.06	10.14	10.03	10.13	182916.00	184476032	0	10.118	10.092	10.053	10.025	10.102	10.167	182916	341299.594	258712.406	223418.5	56.493	55.556	58.367
2017/02/17	10.17	10.33	10.12	10.23	411413.00	420818048	0	10.154	10.1	10.068	10.04	10.106	10.165	411413	367982	287823.594	230581.453	61.736	57.616	69.976
2017/02/20	10.27	10.65	10.27	10.63	814629.00	855822464	0	10.248	10.155	10.096	10.065	10.118	10.165	814629	418780	352851.094	246915.953	73.51	62.914	94.703
2017/02/21	10.65	10.75	10.50	10.65	468808.00	497896416	0	10.342	10.217	10.127	10.089	10.13	10.167	468808	444623.813	387690.188	263700.75	78.067	67.965	98.27
2017/02/22	10.61	10.75	10.50	10.66	322483.00	342332384	0	10.46	10.28	10.158	10.109	10.141	10.17	322483	440049.813	403674.094	271446.406	81.324	72.418	99.135
2017/02/23	10.65	10.70	10.38	10.47	418736.00	439844896	0	10.528	10.323	10.186	10.124	10.145	10.172	418736	487213.813	414256.688	283711.688	74.586	73.141	77.477
2017/02/24	10.44	10.55	10.39	10.52	222673.00	233251184	0	10.586	10.37	10.215	10.14	10.148	10.174	222673	449465.813	408723.906	288001.313	72.409	72.897	71.434
2017/02/27	10.55	10.88	10.52	10.63	526855.00	564988288	0	10.586	10.417	10.246	10.161	10.153	10.177	526855	391911	405345.5	306703.156	71.802	72.532	70.343
2017/02/28	10.98	11.33	10.80	10.91	984635.00	1086931968	0	10.638	10.49	10.29	10.191	10.157	10.183	984635	495076.406	469850.094	349608.563	70.432	71.832	67.633
2017/03/01	10.75	10.95	10.67	10.81	444360.00	480218720	0	10.668	10.564	10.327	10.217	10.158	10.188	444360	519451.813	479750.813	367777	65.963	69.876	58.138
2017/03/02	10.82	10.99	10.76	10.85	467153.00	508477792	0	10.744	10.636	10.364	10.247	10.16	10.193	467153	529135.188	508174.5	383443.438	62.214	67.322	51.999
2017/03/03	10.81	10.92	10.63	10.86	329322.00	355652896	0	10.812	10.699	10.399	10.279	10.16	10.198	329322	550465	499965.406	393894.5	58.318	64.321	46.314
2017/03/06	10.89	11.17	10.78	11.06	451842.00	497587072	0	10.898	10.742	10.448	10.311	10.166	10.203	451842	535462.375	463686.688	408268.906	62.739	63.793	60.629
2017/03/07	11.07	11.22	11.00	11.12	404813.00	449101312	0	10.94	10.789	10.503	10.348	10.179	10.209	404813	419498	457287.188	422488.688	67.791	65.126	73.12
2017/03/08	11.13	11.18	10.91	11.01	341857.00	376933760	0	10.98	10.824	10.552	10.38	10.19	10.212	341857	398997.406	459224.594	431449.344	67.18	65.81	69.918
2017/03/09	11.00	11.04	10.75	10.77	318110.00	344908800	0	10.964	10.854	10.589	10.409	10.197	10.213	318110	369188.813	449162	431709.344	55.074	62.232	40.76
2017/03/10	10.75	11.07	10.70	11.03	422838.00	463589632	0	10.998	10.905	10.637	10.445	10.21	10.216	422838	387892	469178.5	438951.188	55.764	60.076	47.14
2017/03/13	11.05	11.40	10.95	11.29	712079.00	800984448	0	11.044	10.971	10.694	10.488	10.227	10.222	712079	439939.406	487700.906	446523.188	65.747	61.966	73.309
2017/03/14	11.28	11.29	11.13	11.27	291548.00	327035040	0	11.074	11.007	10.748	10.529	10.246	10.229	291548	417286.406	418392.188	444121.156	71.537	65.157	84.298
2017/03/15	11.21	11.50	11.20	11.44	492143.00	561608832	0	11.16	11.07	10.817	10.575	10.269	10.239	492143	447343.594	423170.5	451460.656	78.726	69.68	96.818
2017/03/16	11.50	11.62	11.25	11.36	520961.00	593668864	0	11.278	11.121	10.878	10.616	10.292	10.248	520961	487913.813	428551.313	468362.906	76.397	71.919	85.353
2017/03/17	11.36	11.44	11.20	11.23	290166.00	327755744	0	11.318	11.158	10.929	10.652	10.314	10.257	290166	461379.406	424635.688	462300.563	70.134	71.324	67.755
2017/03/20	11.20	11.28	11.03	11.24	331356.00	370142400	0	11.308	11.176	10.959	10.691	10.335	10.267	331356	385234.813	412587.094	438136.906	66.321	69.656	59.651
2017/03/21	11.23	11.40	11.15	11.38	390939.00	441405472	0	11.33	11.202	10.995	10.736	10.359	10.273	390939	405113	411199.688	434243.438	68.852	69.388	67.779
2017/03/22	11.28	11.39	11.16	11.25	294804.00	332112224	0	11.292	11.226	11.025	10.777	10.381	10.279	294804	365645.188	406494.406	432859.5	65.829	68.202	61.083
2017/03/23	11.23	11.48	11.16	11.46	452905.00	513270432	0	11.312	11.295	11.075	10.824	10.406	10.288	452905	352034	419973.906	434567.938	69.259	68.554	70.669
2017/03/24	11.49	11.92	11.42	11.89	778715.00	914560448	0	11.444	11.381	11.143	10.885	10.438	10.3	778715	449743.813	455561.594	462370.063	78.382	71.83	91.487
2017/03/27	11.88	11.99	11.60	11.64	590028.00	695028992	0	11.524	11.416	11.194	10.935	10.467	10.31	590028	501478.188	443356.5	465528.688	73.436	72.365	75.576
2017/03/28	11.59	11.72	11.52	11.66	279190.00	324700672	0	11.58	11.455	11.231	10.984	10.497	10.323	279190	479128.406	442120.688	430256.438	70.832	71.854	68.788
2017/03/29	11.71	12.19	11.71	12.00	618855.00	741077568	0	11.73	11.511	11.29	11.048	10.533	10.338	618855	543938.625	454791.906	438981.188	75.095	72.934	79.416
2017/03/30	11.95	12.10	11.68	11.95	457626.00	542517632	0	11.828	11.57	11.345	11.109	10.567	10.354	457626	544882.813	448458.406	438504.844	76.5	74.123	81.254
2017/03/31	11.94	12.24	11.78	12.18	452704.00	547607360	0	11.886	11.665	11.411	11.174	10.607	10.371	452704	479680.594	464712.188	444673.938	82.499	76.915	93.666
2017/04/05	12.03	12.21	12.03	12.09	460700.00	557997504	0	11.976	11.75	11.463	11.223	10.644	10.387	460700	453815	477646.594	445116.844	83.703	79.177	92.753
2017/04/06	12.09	12.16	11.94	12.15	306863.00	369307296	0	12.074	11.827	11.514	11.273	10.681	10.402	306863	459349.594	469239	440219.344	86.357	81.571	95.931
2017/04/07	12.10	12.14	11.96	12.00	255058.00	307410144	0	12.074	11.902	11.564	11.317	10.713	10.416	255058	386590.188	465264.406	435879.406	81.149	81.43	80.586
2017/04/10	11.97	12.05	11.79	11.87	307880.00	366772992	0	12.058	11.943	11.619	11.364	10.744	10.43	307880	356641	450761.906	435367.906	70.303	77.721	55.467
2017/04/11	11.82	11.91	11.50	11.75	442640.00	516582400	0	11.972	11.929	11.655	11.405	10.773	10.443	442640	354628.188	417154.406	436358	58.13	71.191	32.008
2017/04/12	11.60	11.93	11.60	11.81	286059.00	336477280	0	11.916	11.946	11.681	11.444	10.803	10.457	286059	319700	386757.5	415057	52.717	65.033	28.086
2017/04/13	11.76	11.97	11.70	11.78	234734.00	277626944	0	11.842	11.958	11.707	11.473	10.832	10.471	234734	305274.188	382311.906	412216.313	47.757	59.274	24.724
2017/04/14	11.76	11.78	11.50	11.56	277354.00	321682496	0	11.754	11.914	11.712	11.498	10.858	10.482	277354	309733.406	348161.813	401476.844	34.541	51.03	1.563
2017/04/17	11.50	11.68	11.47	11.67	212075.00	245572416	0	11.714	11.886	11.728	11.526	10.887	10.495	212075	290572.406	323606.688	386032.563	32.036	44.699	6.712
2017/04/18	11.59	12.09	11.59	11.92	452574.00	539696192	0	11.748	11.86	11.762	11.561	10.92	10.51	452574	292559.188	323593.688	394152.938	43.097	44.165	40.961
2017/04/19	11.87	11.97	11.63	11.93	305720.00	361666880	0	11.772	11.844	11.797	11.59	10.951	10.524	305720	296491.406	308095.688	392871.156	51.617	46.649	61.553
2017/04/20	11.93	12.47	11.88	12.23	591642.00	725331200	0	11.862	11.852	11.84	11.627	10.987	10.54	591642	367873	336573.594	402906.313	59.744	51.014	77.205
2017/04/21	12.16	12.49	12.15	12.36	383057.00	471023552	0	12.022	11.888	11.895	11.672	11.026	10.558	383057	389013.594	349373.5	407318.938	68.915	56.981	92.782
2017/04/24	12.21	12.47	11.80	12.45	443819.00	540009280	0	12.178	11.946	11.944	11.728	11.068	10.577	443819	435362.406	362967.406	406864.656	77.969	63.977	105.954
2017/04/25	12.32	12.50	12.22	12.42	354350.00	438976320	0	12.278	12.013	11.971	11.774	11.109	10.595	354350	415717.594	354138.406	385646.406	82.724	70.226	107.72
2017/04/26	12.49	13.11	12.47	12.56	798065.00	1022428352	0	12.404	12.088	12.017	11.817	11.152	10.615	798065	514186.594	405339	396048.25	77.304	72.585	86.741
2017/04/27	12.51	12.65	12.33	12.55	330602.00	412285824	0	12.468	12.165	12.061	11.859	11.194	10.637	330602	461978.594	414925.813	398618.844	73.487	72.886	74.689
2017/04/28	12.58	12.64	12.08	12.19	465399.00	569659776	0	12.434	12.228	12.071	11.884	11.229	10.655	465399	478447	433730.313	390946.063	62.149	69.307	47.834
2017/05/02	12.30	12.99	12.24	12.95	776587.00	982403328	0	12.534	12.356	12.121	11.937	11.277	10.68	776587	545000.625	490181.5	406894.094	71.163	69.925	73.637
