'601111'	中国国航	日线
日期	开盘	最高	最低	收盘	成交量	成交额	成交笔数	MA1	MA2	MA3	MA4	MA5	MA6		MA1	MA2	MA3	K	D	J
2014/12/25	7.20	7.55	7.05	7.54	1311187.00	955139584	0	7.732	7.549	6.902	6.234	5.275	4.435	1311187	1917069	1847152.25	1791657.25	49.291	65.223	17.428
2014/12/26	7.58	7.99	7.31	7.80	1520142.00	1171100928	0	7.592	7.62	7.01	6.328	5.339	4.472	1520142	1703226.625	1796046.75	1755199.5	51.023	60.49	32.09
2014/12/29	7.78	8.10	7.66	7.83	1460061.00	1143076736	0	7.562	7.697	7.093	6.427	5.403	4.51	1460061	1503057.375	1812524.125	1722147	52.819	57.933	42.591
2014/12/30	7.94	8.04	7.62	7.81	1104456.00	861387584	0	7.614	7.749	7.168	6.529	5.466	4.548	1104456	1439099.25	1764884.75	1667949.75	53.589	56.485	47.797
2014/12/31	7.72	7.92	7.62	7.84	960963.00	747777280	0	7.764	7.767	7.251	6.63	5.531	4.585	960963	1271361.75	1652457.75	1630904.25	54.743	55.904	52.42
2015/01/05	7.98	8.62	7.98	8.62	2316118.00	1954000896	0	7.98	7.856	7.365	6.759	5.608	4.629	2316118	1472348	1694708.5	1685598.75	69.829	60.546	88.395
2015/01/06	9.00	9.35	8.66	8.98	2263874.00	2035689216	0	8.216	7.904	7.508	6.897	5.691	4.676	2263874	1621094.375	1662160.5	1723601.25	74.747	65.279	93.682
2015/01/07	9.27	9.57	9.05	9.17	1642054.00	1523493504	0	8.484	8.023	7.649	7.038	5.778	4.725	1642054	1657493	1580275.25	1725990.75	78.075	69.545	95.137
2015/01/08	9.02	9.04	8.65	8.80	1119713.00	989441152	0	8.682	8.148	7.781	7.165	5.859	4.77	1119713	1660544.375	1549821.75	1675321.25	75.198	71.429	82.737
2015/01/09	8.63	9.19	8.62	8.78	1060966.00	944273536	0	8.87	8.317	7.904	7.292	5.933	4.816	1060966	1680545	1475953.375	1664086.5	71.814	71.557	72.326
2015/01/12	8.79	8.96	8.41	8.94	841050.00	728123392	0	8.934	8.457	8.003	7.42	6.009	4.862	841050	1385531.375	1428939.75	1638046	70.44	71.185	68.95
2015/01/13	9.12	9.38	8.94	8.96	1002466.00	916688192	0	8.93	8.573	8.097	7.531	6.087	4.909	1002466	1133249.75	1377172.125	1586609.375	69.866	70.745	68.107
2015/01/14	8.92	8.92	8.46	8.69	789398.00	683461248	0	8.834	8.659	8.178	7.615	6.161	4.954	789398	962718.625	1310105.75	1561315	64.868	68.786	57.031
2015/01/15	8.46	8.74	8.20	8.73	930948.00	786596928	0	8.82	8.751	8.25	7.695	6.236	4.998	930948	924965.625	1292755	1528819.875	58.969	65.514	45.878
2015/01/16	8.74	8.79	8.49	8.59	844501.00	727436160	0	8.782	8.826	8.297	7.776	6.31	5.042	844501	881672.625	1281108.75	1466783.25	48.801	59.943	26.518
2015/01/19	7.90	8.24	7.73	7.73	1083124.00	856759232	0	8.54	8.737	8.297	7.823	6.371	5.078	1083124	930087.375	1157809.375	1426259	32.534	50.807	-4.011
2015/01/20	7.65	7.95	7.64	7.94	928917.00	724690368	0	8.336	8.633	8.269	7.883	6.436	5.115	928917	915377.625	1024313.688	1343237.125	27.437	43.017	-3.723
2015/01/21	8.08	8.24	8.01	8.23	978083.00	795287936	0	8.244	8.539	8.281	7.946	6.505	5.155	978083	953114.625	957916.625	1269095.875	29.594	38.542	11.697
2015/01/22	8.16	8.25	8.03	8.14	650754.00	529326976	0	8.126	8.473	8.311	8.012	6.571	5.193	650754	897075.813	911020.688	1230421.25	29.308	35.464	16.995
2015/01/23	8.16	8.43	8.10	8.26	839920.00	695600768	0	8.06	8.421	8.369	8.076	6.636	5.232	839920	896159.625	888916.125	1182434.75	31.416	34.115	26.018
2015/01/26	8.40	8.58	8.19	8.55	924368.00	772733056	0	8.224	8.382	8.42	8.129	6.704	5.274	924368	864408.375	897247.875	1163093.75	44.642	37.624	58.678
2015/01/27	8.47	8.48	8.04	8.27	925479.00	763824320	0	8.29	8.313	8.443	8.169	6.768	5.312	925479	863720.813	889549.188	1133360.625	48.022	41.09	61.887
2015/01/28	8.10	8.16	8.00	8.02	617408.00	496818592	0	8.248	8.246	8.453	8.201	6.825	5.35	617408	791585.813	872350.188	1091228	43.029	41.736	45.615
2015/01/29	7.87	8.12	7.81	7.92	450754.00	359523360	0	8.204	8.165	8.458	8.222	6.879	5.385	450754	751585.813	824330.813	1058542.875	38.615	40.696	34.454
2015/01/30	7.92	8.03	7.65	7.69	618778.00	481157696	0	8.09	8.075	8.45	8.223	6.93	5.419	618778	707357.375	801758.5	1041433.625	27.517	36.303	9.944
2015/02/02	7.45	7.51	7.25	7.29	579522.00	426873600	0	7.838	8.031	8.384	8.208	6.976	5.449	579522	638388.188	751398.313	954603.875	19.347	30.651	-3.261
2015/02/03	7.29	7.45	7.06	7.41	743406.00	539057024	0	7.666	7.978	8.306	8.172	7.023	5.48	743406	601973.625	732847.188	878580.438	20.573	27.292	7.137
2015/02/04	7.28	7.37	7.17	7.19	551312.00	401077024	0	7.5	7.874	8.207	8.145	7.064	5.51	551312	588754.375	690170.125	824043.375	16.566	23.717	2.266
2015/02/05	7.41	7.51	7.17	7.21	585255.00	430421856	0	7.358	7.781	8.127	8.134	7.106	5.54	585255	615654.625	683620.188	797320.438	14.334	20.589	1.823
2015/02/06	7.10	7.15	6.69	6.90	885557.00	607298048	0	7.2	7.645	8.033	8.128	7.139	5.566	885557	669010.375	688183.875	788550	13.466	18.215	3.97
2015/02/09	6.80	6.93	6.71	6.84	386195.00	263909568	0	7.11	7.474	7.928	8.104	7.169	5.593	386195	630345	634366.625	765807.25	12.379	16.27	4.598
2015/02/10	6.81	7.16	6.77	7.09	531778.00	373865664	0	7.046	7.356	7.834	8.081	7.205	5.622	531778	588019.375	594996.5	742272.875	17.577	16.705	19.32
2015/02/11	7.17	7.20	7.05	7.13	330544.00	235476032	0	7.034	7.267	7.757	8.057	7.242	5.651	330544	543865.813	566310.125	719330.125	22.663	18.691	30.607
2015/02/12	7.16	7.40	7.06	7.31	390717.00	283130464	0	7.054	7.206	7.686	8.041	7.285	5.682	390717	504958.188	560306.375	692318.625	40.312	25.898	69.14
2015/02/13	7.31	7.38	7.20	7.31	429360.00	313493536	0	7.136	7.168	7.622	8.023	7.326	5.713	429360	413718.813	541364.625	671561.563	52.078	34.625	86.984
2015/02/16	7.25	7.34	7.17	7.28	376969.00	273902720	0	7.224	7.167	7.599	7.978	7.369	5.743	376969	411873.594	521109.313	636253.813	58.702	42.651	90.806
2015/02/17	7.27	7.85	7.27	7.75	868839.00	658540032	0	7.356	7.201	7.589	7.937	7.417	5.777	868839	479285.813	533652.625	633249.875	69.595	51.632	105.52
2015/02/25	7.78	7.82	7.60	7.65	446274.00	342976256	0	7.46	7.247	7.561	7.887	7.462	5.811	446274	502431.813	523148.813	606659.438	73.983	59.082	103.784
2015/02/26	7.60	7.72	7.38	7.67	504103.00	381521984	0	7.532	7.293	7.537	7.849	7.507	5.844	504103	525109	515033.594	599326.875	77.392	65.185	101.805
2015/02/27	7.72	8.05	7.72	7.90	838186.00	660706112	0	7.65	7.393	7.519	7.82	7.556	5.88	838186	606874.188	510296.5	599240.188	81.022	70.464	102.137
2015/03/02	7.89	7.89	7.67	7.82	484404.00	376632000	0	7.758	7.491	7.483	7.782	7.601	5.915	484404	628361.188	520117.406	577242	79.681	73.537	91.97
2015/03/03	7.73	7.79	7.46	7.48	536128.00	406994592	0	7.704	7.53	7.443	7.733	7.632	5.948	536128	561819	520552.406	557774.438	67.262	71.445	58.896
2015/03/04	7.46	7.55	7.38	7.46	312898.00	233360256	0	7.666	7.563	7.415	7.692	7.654	5.981	312898	535143.813	518787.813	542548.938	55.826	66.239	35.001
2015/03/05	7.40	7.45	7.15	7.25	576774.00	417902496	0	7.582	7.557	7.382	7.643	7.669	6.011	576774	549678	537393.5	548849.938	40.921	57.8	7.164
2015/03/06	7.25	7.65	7.23	7.32	452951.00	334686208	0	7.466	7.558	7.363	7.6	7.688	6.042	452951	472631	539752.625	540558.625	33.577	49.725	1.28
2015/03/09	7.26	7.45	7.11	7.40	337090.00	245583072	0	7.382	7.57	7.369	7.589	7.706	6.073	337090	443168.188	535764.688	528437	32.668	44.04	9.926
2015/03/10	7.36	7.66	7.34	7.57	527576.00	397501760	0	7.4	7.552	7.377	7.577	7.73	6.105	527576	441457.813	501638.406	517645.5	38.091	42.057	30.159
2015/03/11	7.61	8.18	7.60	7.91	1160084.00	926420288	0	7.49	7.578	7.412	7.566	7.756	6.14	1160084	610895	573019.375	548084.125	50.316	44.81	61.328
2015/03/12	7.92	8.10	7.75	7.91	683273.00	541564224	0	7.622	7.602	7.448	7.559	7.785	6.174	683273	632194.813	590936.375	552985	58.466	49.362	76.674
2015/03/13	8.04	8.68	8.04	8.39	1338041.00	1120187136	0	7.836	7.651	7.522	7.563	7.82	6.213	1338041	809212.813	640921.875	575609.188	66.154	54.959	88.543
2015/03/16	8.63	8.85	8.34	8.78	1394052.00	1194764416	0	8.112	7.747	7.619	7.571	7.85	6.255	1394052	1020605.188	731886.688	626002.063	76.095	62.004	104.275
2015/03/17	8.82	9.66	8.65	9.66	2316671.00	2190311424	0	8.53	7.965	7.747	7.617	7.893	6.303	2316671	1378424.25	909941	715246.688	84.063	69.357	113.475
2015/03/18	10.00	10.63	9.92	10.03	3063011.00	3130348800	0	8.954	8.222	7.892	7.684	7.942	6.354	3063011	1759009.625	1184952.25	851870.063	83.694	74.136	102.809
2015/03/19	9.71	9.77	9.54	9.68	1593261.00	1534296064	0	9.308	8.465	8.011	7.743	7.982	6.403	1593261	1941007.25	1286601	911997.25	80.133	76.135	88.129
2015/03/20	9.70	9.73	9.23	9.37	1456866.00	1373541760	0	9.504	8.67	8.114	7.799	8.011	6.449	1456866	1964772.25	1386992.5	963372.563	73.989	75.42	71.128
2015/03/23	9.30	9.50	9.24	9.41	1116521.00	1047643840	0	9.63	8.871	8.22	7.869	8.039	6.495	1116521	1909266	1464935.625	1000350.125	69.238	73.359	60.996
2015/03/24	9.33	9.99	9.25	9.86	1993873.00	1914615680	0	9.67	9.1	8.326	7.951	8.061	6.545	1993873	1844706.375	1611565.25	1056601.875	70.58	72.433	66.875
2015/03/25	9.59	9.61	9.36	9.42	1094421.00	1035131200	0	9.548	9.251	8.415	8.025	8.085	6.592	1094421	1450988.375	1604999	1089009.25	64.814	69.893	54.656
2015/03/26	9.36	9.37	9.05	9.18	1085004.00	994224000	0	9.448	9.378	8.49	8.091	8.113	6.637	1085004	1349337	1645172.125	1118054.25	55.436	65.074	36.161
2015/03/27	9.10	9.29	9.00	9.20	676421.00	617888320	0	9.414	9.459	8.555	8.168	8.148	6.681	676421	1193248	1579010.125	1109966	46.217	58.788	21.074
2015/03/30	9.33	9.76	9.24	9.69	1425389.00	1362303104	0	9.47	9.55	8.649	8.263	8.184	6.729	1425389	1255021.625	1582143.75	1157015.25	44.922	54.166	26.433
2015/03/31	9.70	9.75	9.30	9.43	831653.00	794959424	0	9.384	9.527	8.746	8.341	8.211	6.775	831653	1022577.625	1433642	1171791.5	44.426	50.919	31.439
2015/04/01	9.38	10.11	9.38	9.98	1327945.00	1310614400	0	9.496	9.522	8.872	8.436	8.247	6.825	1327945	1069282.375	1260135.375	1222543.875	59.047	53.629	69.883
2015/04/02	9.80	9.92	9.61	9.84	900561.00	878273600	0	9.628	9.538	9.002	8.52	8.28	6.873	900561	1032393.813	1190865.375	1238733.25	64.59	57.282	79.205
2015/04/03	9.86	10.15	9.77	9.89	796891.00	792528384	0	9.766	9.59	9.13	8.606	8.314	6.923	796891	1056487.75	1124867.875	1255930.25	68.857	61.14	84.29
2015/04/07	9.70	10.88	9.60	10.55	1932108.00	1998105344	0	9.938	9.704	9.288	8.715	8.347	6.977	1932108	1157831.625	1206426.625	1335681.125	73.387	65.223	89.715
2015/04/08	10.46	10.88	10.06	10.42	1688039.00	1772743936	0	10.136	9.76	9.43	8.804	8.371	7.031	1688039	1329108.75	1175843.25	1393704.25	74.102	68.182	85.941
2015/04/09	10.59	10.65	10.01	10.27	1072998.00	1108507776	0	10.194	9.845	9.548	8.891	8.389	7.083	1072998	1278119.375	1173700.875	1389350	71.919	69.428	76.901
2015/04/10	10.26	10.60	10.12	10.44	784591.00	818249088	0	10.314	9.971	9.674	8.984	8.416	7.138	784591	1254925.375	1143659.625	1394415.875	72.336	70.397	76.214
2015/04/13	10.62	10.71	10.45	10.51	880141.00	930424512	0	10.438	10.102	9.781	9.071	8.445	7.189	880141	1271575.375	1164031.625	1371520.875	73.752	71.515	78.224
2015/04/14	10.61	10.71	10.30	10.42	725830.00	759603456	0	10.412	10.175	9.863	9.157	8.47	7.239	725830	1030319.813	1094075.75	1338109.75	72.279	71.77	73.297
2015/04/15	10.35	10.40	10.02	10.10	752569.00	765848704	0	10.348	10.242	9.885	9.245	8.489	7.288	752569	843225.813	1086167.25	1259904.625	61.207	68.249	47.122
2015/04/16	9.86	10.25	9.71	10.14	826965.00	828401280	0	10.322	10.258	9.89	9.334	8.513	7.337	826965	794019.188	1036069.313	1148102.375	54.867	63.788	37.025
2015/04/17	10.50	10.95	10.36	10.69	2014505.00	2131952384	0	10.372	10.343	9.941	9.449	8.546	7.391	2014505	1040002	1147463.75	1169164.5	63.492	63.689	63.096
2015/04/20	10.56	11.70	10.41	11.07	2432711.00	2687098880	0	10.484	10.461	10.026	9.574	8.587	7.448	2432711	1350516	1311045.75	1217956.75	65.108	64.162	67
2015/04/21	11.08	11.18	10.75	11.16	1154506.00	1268023168	0	10.632	10.522	10.113	9.699	8.644	7.507	1154506	1436251.25	1233285.5	1219856	67.694	65.339	72.402
2015/04/22	11.50	11.60	11.21	11.29	1206128.00	1368551936	0	10.87	10.609	10.184	9.823	8.7	7.568	1206128	1526963	1185094.375	1180468.75	71.595	67.425	79.935
2015/04/23	11.37	11.42	10.93	11.09	1107071.00	1231065344	0	11.06	10.691	10.268	9.929	8.748	7.627	1107071	1582984.25	1188501.75	1181101.25	70.845	68.565	75.407
2015/04/24	11.00	11.99	10.80	11.96	2113161.00	2426898688	0	11.314	10.843	10.407	10.064	8.811	7.691	2113161	1602715.375	1321358.75	1232509.125	80.125	72.418	95.539
2015/04/27	12.43	13.16	12.30	13.16	2834584.00	3651062784	0	11.732	11.108	10.605	10.223	8.893	7.765	2834584	1683090	1516803	1340417.25	86.75	77.195	105.859
2015/04/28	13.20	14.28	12.75	13.59	3074408.00	4136139264	0	12.218	11.425	10.8	10.383	8.977	7.841	3074408	2067070.375	1751660.75	1422868.25	86.134	80.175	98.052
2015/04/29	13.20	13.48	12.81	13.12	1413117.00	1853796992	0	12.584	11.727	10.984	10.499	9.058	7.913	1413117	2108468.25	1817715.625	1451941.5	80.892	80.414	81.848
2015/04/30	13.14	14.00	13.00	13.05	1519450.00	2033484160	0	12.976	12.018	11.138	10.599	9.142	7.983	1519450	2190944	1886964.125	1461516.75	76.667	79.165	71.671
2015/05/04	13.05	13.27	12.49	12.82	1147199.00	1473669632	0	13.148	12.231	11.287	10.704	9.223	8.051	1147199	1997751.625	1800233.5	1473848.625	70.658	76.329	59.316
2015/05/05	12.96	13.01	11.64	12.01	1244831.00	1528198912	0	12.918	12.325	11.393	10.792	9.295	8.113	1244831	1679801	1681445.5	1496245.625	58.695	70.451	35.184
2015/05/06	11.80	12.11	11.01	11.34	1072116.00	1255871488	0	12.468	12.343	11.432	10.856	9.363	8.17	1072116	1279342.625	1673206.5	1453246	44.303	61.735	9.438
2015/05/07	11.12	11.30	10.52	10.56	886427.00	964849152	0	11.956	12.27	11.439	10.88	9.415	8.219	886427	1174004.625	1641236.375	1413165.375	29.89	51.12	-12.571
2015/05/08	10.70	11.62	10.70	11.61	1284750.00	1422026240	0	11.668	12.322	11.507	10.953	9.489	8.276	1284750	1127064.625	1659004.25	1423753	29.59	43.943	0.882
2015/05/11	11.70	11.98	11.37	11.79	1402992.00	1637203968	0	11.462	12.305	11.574	11.04	9.565	8.335	1402992	1178223.25	1587987.375	1454673	30.985	39.624	13.708
2015/05/12	11.78	11.85	11.37	11.75	1055633.00	1227503104	0	11.41	12.164	11.636	11.125	9.646	8.393	1055633	1140383.625	1410092.25	1463447.625	32.438	37.229	22.858
2015/05/13	11.55	11.70	11.20	11.29	886099.00	1012175360	0	11.4	11.934	11.679	11.178	9.72	8.445	886099	1103180.25	1191261.375	1471461.125	29.001	34.486	18.031
2015/05/14	11.29	11.73	11.15	11.68	1023073.00	1174122368	0	11.624	11.79	11.759	11.253	9.797	8.501	1023073	1130509.375	1152257	1484986.25	33.395	34.122	31.939
2015/05/15	11.50	11.61	11.05	11.15	658110.00	739783296	0	11.532	11.6	11.809	11.292	9.864	8.553	658110	1005181.375	1066123	1476543.5	30.697	32.981	26.129
2015/05/18	10.95	11.29	10.80	10.83	658268.00	725035008	0	11.34	11.401	11.816	11.325	9.922	8.604	658268	856236.625	1017229.875	1408731.75	26.964	30.975	18.941
2015/05/19	10.73	11.30	10.71	11.17	663790.00	736730816	0	11.224	11.317	11.821	11.368	9.987	8.657	663790	777868	959125.813	1320285.625	32.816	31.589	35.271
2015/05/20	11.35	11.70	11.10	11.25	911674.00	1051926528	0	11.216	11.308	11.826	11.391	10.053	8.711	911674	782983	943081.625	1308144	36.2	33.126	42.349
2015/05/21	11.27	11.84	10.90	11.61	937257.00	1069561472	0	11.202	11.413	11.842	11.431	10.117	8.767	937257	765819.813	948164.625	1294700.5	47.755	38.002	67.262
2015/05/22	11.79	12.00	11.44	11.97	1270352.00	1486646272	0	11.366	11.449	11.885	11.487	10.189	8.826	1270352	888268.188	946724.813	1302864.5	64.395	46.8	99.586
2015/05/25	11.90	12.76	11.83	12.55	1305169.00	1620073472	0	11.71	11.525	11.915	11.558	10.271	8.889	1305169	1017648.375	936942.5	1262465	72.849	55.483	107.581
2015/05/26	12.57	12.81	12.22	12.71	1355072.00	1700565760	0	12.018	11.621	11.892	11.631	10.351	8.953	1355072	1155904.75	966886.375	1188489.375	80.312	63.759	113.417
2015/05/27	12.75	13.53	12.75	12.79	1367947.00	1789107968	0	12.326	11.771	11.852	11.71	10.434	9.017	1367947	1247159.375	1015071.188	1103166.25	78.128	68.549	97.285
2015/05/28	12.70	12.70	11.51	11.52	1591073.00	1932771968	0	12.308	11.755	11.773	11.757	10.501	9.067	1591073	1377922.625	1071871.25	1112064.125	61.66	66.252	52.474
2015/05/29	11.42	11.65	10.68	11.19	957312.00	1079627264	0	12.152	11.759	11.679	11.792	10.563	9.108	957312	1315314.625	1101791.375	1083957.25	47.071	59.859	21.497
2015/06/01	11.14	11.88	11.01	11.72	822532.00	942123264	0	11.986	11.848	11.625	11.827	10.638	9.153	822532	1218787.25	1118217.75	1067723.875	43.545	54.421	21.793
2015/06/02	11.65	12.00	11.52	11.99	846928.00	995616000	0	11.842	11.93	11.623	11.857	10.715	9.202	846928	1117158.375	1136531.625	1047828.688	44.351	51.064	30.926
2015/06/03	11.93	12.13	11.55	11.88	888166.00	1049431680	0	11.66	11.993	11.651	11.881	10.79	9.248	888166	1021202.188	1134180.75	1038631.188	43.603	48.577	33.654
2015/06/04	11.97	12.06	11.00	11.79	817267.00	954283648	0	11.714	12.011	11.712	11.898	10.861	9.295	817267	866441	1122181.75	1035173.188	42.051	46.402	33.349
2015/06/05	11.99	12.40	11.85	12.25	1318931.00	1602295040	0	11.926	12.039	11.744	11.937	10.933	9.344	1318931	938764.813	1127039.75	1036882.25	46.397	46.4	46.39
2015/06/08	12.40	13.48	12.37	13.48	2184156.00	2882029568	0	12.278	12.132	11.828	11.987	11.026	9.406	2184156	1211089.625	1214938.375	1075940.5	63.68	52.16	86.719
2015/06/09	13.98	14.09	13.29	13.33	2597669.00	3546548736	0	12.546	12.194	11.908	11.993	11.108	9.464	2597669	1561237.75	1339198.125	1153042.25	68.357	57.559	89.954
2015/06/10	12.84	14.18	12.59	13.54	2006396.00	2694254848	0	12.878	12.269	12.02	11.991	11.187	9.519	2006396	1784883.75	1403043	1209057.125	72.81	62.642	93.144
2015/06/11	13.11	13.50	13.00	13.14	1010207.00	1333392128	0	13.148	12.431	12.093	11.992	11.245	9.569	1010207	1823471.75	1344956.375	1208413.75	70.972	65.419	82.077
2015/06/12	13.11	13.38	12.76	12.90	821051.00	1062717120	0	13.278	12.602	12.181	11.987	11.293	9.618	821051	1723895.75	1331330.25	1216560.875	67.231	66.023	69.646
2015/06/15	12.96	13.49	12.90	13.09	1114053.00	1479141248	0	13.2	12.739	12.293	11.996	11.35	9.666	1114053	1509875.25	1360482.375	1239350.125	66.728	66.258	67.669
2015/06/16	12.89	13.43	12.47	12.93	1066445.00	1389004288	0	13.12	12.833	12.382	12.027	11.409	9.71	1066445	1203630.375	1382434.125	1259482.875	64.716	65.744	62.66
2015/06/17	12.75	12.92	12.06	12.72	1008530.00	1265977216	0	12.956	12.917	12.455	12.073	11.465	9.752	1008530	1004057.188	1394470.5	1264325.625	55.59	62.359	42.052
2015/06/18	12.80	13.98	12.66	13.21	1798596.00	2447767296	0	12.97	13.059	12.535	12.161	11.52	9.791	1798596	1161735	1492603.375	1307392.625	55.142	59.954	45.519
2015/06/19	12.50	13.20	11.89	11.89	1214386.00	1504275968	0	12.768	13.023	12.531	12.17	11.561	9.823	1214386	1240402	1482148.875	1304594.25	36.761	52.223	5.838
2015/06/23	11.79	13.03	11.30	12.98	1232028.00	1521384064	0	12.746	12.973	12.552	12.21	11.625	9.869	1232028	1263997	1386936.125	1300937.25	43.952	49.466	32.924
2015/06/24	13.18	14.28	13.18	14.28	2399635.00	3379646976	0	13.016	13.068	12.631	12.294	11.71	9.929	2399635	1530635	1367132.75	1353165.375	62.635	53.855	80.193
2015/06/25	14.56	15.25	13.80	14.29	2712761.00	3978721280	0	13.33	13.143	12.706	12.394	11.786	9.985	2712761	1871481.25	1437769.25	1420406.125	66.989	58.233	84.499
2015/06/26	13.55	15.15	13.08	13.96	2661347.00	3797832704	0	13.48	13.225	12.828	12.47	11.862	10.036	2661347	2044031.375	1602883.25	1473919.75	67.106	61.191	78.937
2015/06/29	14.58	15.36	14.38	15.36	3599401.00	5436006400	0	14.174	13.471	13.036	12.611	11.951	10.099	3599401	2521034.5	1880718.25	1606024.25	78.071	66.818	100.577
2015/07/29	13.78	14.89	13.78	14.50	5557248.00	7782455808	0	14.478	13.612	13.175	12.733	12.029	10.155	5557248	3386078.5	2325037.75	1842760	78.32	70.652	93.656
2015/07/30	13.69	13.87	13.05	13.05	3009725.00	4010730240	0	14.232	13.624	13.229	12.796	12.082	10.198	3009725	3508096.5	2519365.75	1950899.875	66.581	69.295	61.154
2015/07/31	12.69	12.69	11.75	11.75	2336785.00	2812576512	0	13.724	13.527	13.222	12.812	12.102	10.224	2336785	3432901.25	2652191.25	2023330.875	48.082	62.224	19.798
2015/08/03	11.75	12.27	10.78	11.23	1986883.00	2319736320	0	13.178	13.329	13.194	12.8	12.115	10.243	1986883	3298008.5	2671020	2081811.625	35.33	53.259	-0.529
2015/08/04	11.35	12.29	11.18	12.28	2619904.00	3079942912	0	12.562	13.368	13.196	12.81	12.149	10.269	2619904	3102109	2811571.75	2146860.25	34.47	46.996	9.418
2015/08/05	12.19	12.23	11.36	11.53	2115808.00	2494860544	0	11.968	13.223	13.098	12.776	12.167	10.292	2115808	2413821	2899949.75	2143443	28.439	40.81	3.695
2015/08/06	11.00	11.47	10.90	11.13	1047473.00	1169577472	0	11.584	12.908	12.988	12.723	12.177	10.311	1047473	2021370.625	2764733.5	2065933.125	21.506	34.376	-4.232
2015/08/07	11.28	11.74	11.21	11.41	1321463.00	1513049600	0	11.516	12.62	12.882	12.677	12.194	10.332	1321463	1818306.25	2625603.75	2031686.5	18.923	29.225	-1.681
2015/08/10	11.75	12.49	11.55	12.23	1940558.00	2340259584	0	11.716	12.447	12.836	12.701	12.229	10.359	1940558	1809041.25	2553524.75	2078204	24.375	27.608	17.909
2015/08/11	12.08	12.19	11.20	11.50	2983080.00	3472001024	0	11.56	12.061	12.766	12.711	12.252	10.382	2983080	1881676.375	2491892.75	2186305.5	24.017	26.411	19.229
2015/08/12	10.98	11.24	10.60	10.92	2316386.00	2538659840	0	11.438	11.703	12.658	12.685	12.256	10.401	2316386	1921792	2167806.5	2246422	21.115	24.646	14.054
2015/08/13	10.94	11.23	10.92	11.22	1351047.00	1501520256	0	11.456	11.52	12.572	12.659	12.258	10.423	1351047	1982506.75	2001938.75	2260652.25	25.011	24.768	25.499
2015/08/14	11.46	11.50	11.05	11.10	1218751.00	1368129280	0	11.394	11.455	12.491	12.633	12.257	10.451	1218751	1961964.375	1890135.25	2271163.25	25.493	25.009	26.459
2015/08/17	11.20	12.10	11.03	12.06	2446747.00	2793359104	0	11.36	11.538	12.434	12.642	12.27	10.485	2446747	2063202.25	1936121.75	2303570.75	42.745	30.921	66.392
2015/08/18	11.90	11.90	10.85	10.85	2130254.00	2420675584	0	11.23	11.395	12.382	12.595	12.266	10.507	2130254	1892637	1887156.75	2349364.25	32.906	31.583	35.552
2015/08/19	10.49	11.29	10.14	11.04	1382370.00	1478777216	0	11.254	11.346	12.285	12.514	12.251	10.531	1382370	1705833.75	1813812.875	2356881.25	34.703	32.623	38.864
2015/08/20	10.85	10.97	10.24	10.31	927360.00	985525952	0	11.072	11.264	12.086	12.413	12.203	10.548	927360	1621096.375	1801801.625	2283267.5	25.547	30.264	16.112
2015/08/21	10.10	10.38	9.28	9.39	1253012.00	1218917632	0	10.73	11.062	11.841	12.275	12.133	10.555	1253012	1627948.625	1794956.5	2210280	18.291	26.273	2.327
2015/08/24	8.97	8.97	8.45	8.45	917986.00	782522048	0	10.008	10.684	11.566	12.119	12.055	10.557	917986	1322196.375	1692699.25	2123112	12.194	21.58	-6.578
2015/08/25	7.61	8.02	7.61	7.61	1346160.00	1039983616	0	9.36	10.295	11.178	11.942	11.965	10.553	1346160	1165377.625	1529007.25	2010450	8.129	17.097	-9.805
2015/08/26	7.61	7.85	6.85	6.85	1478828.00	1078530560	0	8.522	9.888	10.795	11.734	11.865	10.544	1478828	1184669.25	1445251.5	1806529	5.42	13.204	-10.15
2015/08/27	7.00	7.25	6.53	7.19	1210433.00	847507392	0	7.898	9.485	10.502	11.543	11.785	10.54	1210433	1241283.75	1431190.125	1716564.375	7.563	11.324	0.041
2015/08/28	7.24	7.85	7.13	7.83	1662816.00	1245754368	0	7.586	9.158	10.307	11.38	11.726	10.545	1662816	1323244.625	1475596.625	1682866	13.111	11.92	15.495
2015/08/31	7.60	7.80	7.31	7.74	1303946.00	986885632	0	7.444	8.726	10.132	11.198	11.679	10.547	1303946	1400436.625	1361316.5	1648719.125	17.214	13.685	24.274
2015/09/01	7.50	8.06	7.05	8.01	1577502.00	1202686848	0	7.524	8.442	9.918	11.068	11.619	10.554	1577502	1446705	1306041.25	1596599	22.587	16.652	34.458
2015/09/02	7.60	8.81	7.51	8.59	2174892.00	1816849792	0	7.872	8.197	9.771	10.922	11.566	10.566	2174892	1585917.75	1385293.5	1599553.25	32.894	22.066	54.549
2015/09/07	8.40	8.94	8.00	8.06	995761.00	846097792	0	8.046	7.972	9.618	10.715	11.505	10.575	995761	1542983.375	1392133.625	1596967.625	42.831	28.988	70.517
2015/09/08	7.89	8.40	7.61	8.23	621011.00	498798144	0	8.126	7.856	9.459	10.513	11.453	10.587	621011	1334622.375	1328933.5	1561945	52.067	36.681	82.84
2015/09/09	8.30	8.63	8.23	8.35	723564.00	609336192	0	8.248	7.846	9.265	10.326	11.398	10.597	723564	1218546	1309491.25	1501095.25	59.884	44.415	90.822
2015/09/10	8.26	8.57	8.18	8.21	470398.00	393382688	0	8.288	7.906	9.101	10.087	11.349	10.606	470398	997125.188	1221915.125	1375461.25	63.159	50.663	88.151
2015/09/11	8.31	8.40	8.07	8.24	362842.00	298778848	0	8.218	8.045	8.967	9.879	11.306	10.614	362842	634715.188	1110316.5	1277784	63.094	54.807	79.668
2015/09/14	8.41	8.47	7.47	7.99	721437.00	575748800	0	8.204	8.125	8.805	9.71	11.253	10.62	721437	579850.375	1061416.875	1246303.5	58.641	56.085	63.753
2015/09/15	7.65	7.89	7.19	7.21	490518.00	368654016	0	8	8.063	8.611	9.559	11.186	10.619	490518	553751.813	944187.125	1209891.875	41.916	51.362	23.024
2015/09/16	7.25	7.90	7.23	7.81	461513.00	348260608	0	7.892	8.07	8.398	9.445	11.122	10.62	461513	501341.594	859943.813	1110630.125	39.753	47.492	24.276
2015/09/17	7.78	7.98	7.42	7.44	475517.00	368287296	0	7.738	8.013	8.227	9.283	11.047	10.618	475517	502365.406	749745.313	1027893.313	31.264	42.083	9.627
2015/09/18	7.59	7.65	7.43	7.50	265292.00	199852560	0	7.59	7.904	8.05	9.149	10.962	10.617	265292	482855.406	558785.313	972039.375	28.019	37.395	9.266
2015/09/21	7.50	7.92	7.44	7.80	371305.00	287037152	0	7.552	7.878	7.925	9.038	10.881	10.616	371305	412829	496339.688	944236.625	32.8	35.863	26.672
2015/09/22	7.80	8.32	7.73	8.15	648739.00	519418528	0	7.74	7.87	7.863	8.929	10.803	10.618	648739	444473.188	499112.5	914023	45.055	38.927	57.31
2015/09/23	7.90	8.08	7.81	7.83	408114.00	323796416	0	7.744	7.818	7.832	8.783	10.742	10.621	408114	433793.406	467567.5	888529.375	46.703	41.519	57.071
2015/09/24	7.86	8.05	7.77	7.89	299205.00	236185792	0	7.834	7.786	7.846	8.662	10.687	10.625	299205	398531	450448.188	836181.625	49.365	44.134	59.825
2015/09/25	7.86	7.95	7.50	7.56	296823.00	228565232	0	7.846	7.718	7.881	8.55	10.618	10.628	296823	404837.188	443846.313	777081.375	43.824	44.031	43.411
2015/09/28	7.59	7.66	7.45	7.64	208652.00	158210432	0	7.814	7.683	7.904	8.431	10.545	10.63	208652	372306.594	392567.813	726992.375	41.754	43.272	38.719
2015/09/29	7.53	7.59	7.40	7.42	218508.00	163905808	0	7.668	7.704	7.884	8.308	10.471	10.63	218508	286260.406	365366.813	654776.938	28.561	38.368	8.946
2015/09/30	7.48	7.76	7.42	7.54	253750.00	192441488	0	7.61	7.677	7.873	8.158	10.4	10.63	253750	255387.594	344590.5	602267.125	24.113	33.617	5.106
2015/10/08	7.70	7.85	7.60	7.77	375920.00	291158208	0	7.586	7.71	7.861	8.055	10.325	10.629	375920	270730.594	334630.813	542188.063	29.481	32.238	23.967
2015/10/09	7.73	8.10	7.69	7.92	419653.00	330685280	0	7.658	7.752	7.828	7.951	10.233	10.629	419653	295296.594	350066.906	454426.094	38.495	34.324	46.837
2015/10/12	7.91	8.37	7.91	8.34	665804.00	546522240	0	7.798	7.806	7.842	7.885	10.149	10.629	665804	386727	379516.813	437928.25	57.966	42.204	89.488
2015/10/13	8.30	8.52	8.21	8.37	590830.00	495464800	0	7.988	7.828	7.849	7.851	10.063	10.625	590830	461191.406	373725.906	436419.188	67.513	50.64	101.257
2015/10/14	8.28	8.32	8.06	8.10	437572.00	357778912	0	8.1	7.855	7.837	7.84	9.979	10.612	437572	497955.813	376671.688	422119.594	65.842	55.708	86.11
2015/10/15	8.05	8.36	8.01	8.31	570986.00	470450784	0	8.208	7.897	7.841	7.863	9.903	10.598	570986	536969	403849.813	427149	70.978	60.798	91.338
2015/10/16	8.58	9.00	8.52	8.78	1082214.00	947211776	0	8.38	8.019	7.868	7.927	9.831	10.59	1082214	669481.188	482388.906	463117.594	76.069	65.888	96.43
2015/10/19	8.75	9.19	8.53	9.00	1051860.00	936084544	0	8.512	8.155	7.919	7.988	9.765	10.587	1051860	746692.375	566709.688	479638.75	80.468	70.748	99.907
2015/10/20	8.96	9.18	8.77	9.12	989611.00	890670848	0	8.662	8.325	8.014	8.031	9.705	10.585	989611	826448.625	643820	504593.406	85.511	75.669	105.195
2015/10/21	9.17	9.27	8.38	8.60	1173362.00	1050512192	0	8.762	8.431	8.054	8.059	9.628	10.574	1173362	973606.625	735781.188	540185.875	76.206	75.848	76.921
2015/10/22	8.97	9.46	8.80	9.46	1637517.00	1499430784	0	8.992	8.6	8.155	8.108	9.588	10.575	1637517	1186912.75	861940.875	598285.875	84.137	78.611	95.189
2015/10/23	9.40	9.49	8.90	9.40	1532139.00	1413256064	0	9.116	8.748	8.25	8.135	9.528	10.577	1532139	1276897.75	973189.5	661628.188	87.398	81.54	99.113
2015/10/26	9.41	9.46	9.05	9.18	1039332.00	954338368	0	9.152	8.832	8.319	8.172	9.443	10.576	1039332	1274392.25	1010542.313	695029.563	84.616	82.565	88.719
2015/10/27	9.09	9.09	8.62	9.06	824158.00	731496704	0	9.14	8.901	8.365	8.2	9.356	10.571	824158	1241301.625	1033875.125	703800.5	80.06	81.73	76.719
2015/10/28	9.05	9.19	8.80	8.87	658112.00	596636288	0	9.194	8.978	8.417	8.217	9.271	10.566	658112	1138251.625	1055929.125	716300.375	68.088	77.183	49.898
2015/10/29	8.82	9.05	8.80	8.94	400868.00	358030688	0	9.09	9.041	8.469	8.241	9.164	10.558	400868	890921.813	1038917.313	721383.563	62.209	72.191	42.243
2015/10/30	9.00	9.03	8.82	8.94	364886.00	326033568	0	8.998	9.057	8.538	8.265	9.072	10.55	364886	657471.188	967184.5	724786.688	58.289	67.557	39.753
2015/11/02	8.70	8.86	8.51	8.67	360683.00	315845472	0	8.896	9.024	8.59	8.287	8.999	10.54	360683	521741.406	898066.813	732388.25	47.568	60.894	20.916
2015/11/03	8.80	8.80	8.60	8.68	237585.00	206597680	0	8.82	8.98	8.653	8.336	8.948	10.525	237585	404426.813	822864.188	733342.125	37.494	53.094	6.295
2015/11/04	8.69	9.14	8.65	9.07	599073.00	534843168	0	8.86	9.027	8.729	8.378	8.911	10.513	599073	392619	765435.313	750608.25	44.044	50.078	31.977
2015/11/05	9.08	9.98	8.98	9.79	2305139.00	2230628352	0	9.03	9.06	8.83	8.457	8.87	10.509	2305139	773473.188	832197.5	847069.188	58.388	52.848	69.468
2015/11/06	9.53	9.96	9.48	9.85	1324719.00	1284861824	0	9.212	9.105	8.927	8.535	8.842	10.504	1324719	965439.813	811455.5	892322.5	69.311	58.335	91.261
2015/11/09	9.75	10.36	9.66	9.86	1783177.00	1790248704	0	9.45	9.173	9.002	8.604	8.821	10.499	1783177	1249938.625	885840	948191.125	70.531	62.401	86.793
2015/11/10	9.73	9.85	9.59	9.66	811433.00	786575232	0	9.646	9.233	9.067	8.654	8.792	10.493	811433	1364708.25	884567.5	959221.313	67.742	64.181	74.863
2015/11/11	9.60	9.77	9.53	9.66	504561.00	486985824	0	9.764	9.312	9.145	8.715	8.749	10.489	504561	1345805.75	869212.375	962570.75	65.882	64.748	68.15
2015/11/12	9.72	9.84	9.53	9.59	530465.00	513474656	0	9.724	9.377	9.209	8.772	8.717	10.484	530465	990871	882172.125	960544.688	63.381	64.292	61.558
2015/11/13	9.51	9.80	9.50	9.60	634148.00	611648256	0	9.674	9.443	9.25	8.84	8.695	10.475	634148	852756.813	909098.313	938141.375	61.193	63.259	57.061
2015/11/16	9.30	9.38	9.18	9.37	697295.00	644838208	0	9.576	9.513	9.269	8.897	8.664	10.461	697295	635580.375	942759.5	920413.125	54.831	60.45	43.592
2015/11/17	9.42	9.75	9.30	9.37	780504.00	744524928	0	9.518	9.582	9.281	8.962	8.635	10.446	780504	629394.625	997051.375	909957.813	45.974	55.624	26.673
2015/11/18	9.38	9.42	9.05	9.10	486931.00	449833984	0	9.406	9.585	9.306	9.014	8.586	10.428	486931	625868.625	985837.188	875636.25	31.922	47.723	0.318
2015/11/19	9.13	9.30	9.08	9.29	325562.00	298682336	0	9.346	9.535	9.297	9.065	8.56	10.413	325562	584888	787879.5	810038.5	27.388	40.945	0.274
2015/11/20	9.32	9.36	9.17	9.25	360127.00	332826016	0	9.276	9.475	9.29	9.109	8.53	10.39	360127	530083.813	691420.313	751437.875	26.592	36.161	7.455
2015/11/23	9.26	9.27	9.02	9.07	410872.00	376019040	0	9.216	9.396	9.285	9.134	8.509	10.356	410872	472799.188	554189.813	720014.875	19.76	30.694	-2.106
2015/11/24	9.04	9.04	8.81	8.92	414566.00	368667136	0	9.126	9.322	9.278	9.152	8.502	10.317	414566	399611.594	514503.094	699535.313	16.733	26.04	-1.88
2015/11/25	8.81	9.04	8.78	9.03	337495.00	301656384	0	9.112	9.259	9.285	9.183	8.511	10.283	337495	369724.406	497796.5	683504.438	19.326	23.802	10.372
2015/11/26	9.03	9.06	8.89	8.92	291930.00	261971552	0	9.038	9.192	9.285	9.203	8.533	10.249	291930	362998	473943	678057.563	17.695	21.766	9.552
2015/11/27	8.86	8.89	8.14	8.21	661515.00	564696576	0	8.83	9.053	9.248	9.184	8.556	10.21	661515	423275.594	476679.688	692889	13.246	18.926	1.885
2015/11/30	8.19	8.36	7.77	8.07	469565.00	378372032	0	8.63	8.923	9.218	9.153	8.571	10.178	469565	435014.188	453906.688	698333.125	14.891	17.581	9.511
2015/12/01	8.12	8.40	8.07	8.36	403429.00	331800480	0	8.518	8.822	9.202	9.128	8.579	10.153	403429	432786.813	416199.188	706625.313	22.296	19.153	28.583
2015/12/02	8.32	8.66	8.17	8.60	517685.00	437496512	0	8.432	8.772	9.179	9.128	8.594	10.137	517685	468824.813	419274.594	702555.875	32.265	23.523	49.747
2015/12/03	8.75	8.84	8.51	8.63	430841.00	373241696	0	8.374	8.706	9.12	9.1	8.604	10.112	430841	496607	429802.5	608841	40.621	29.223	63.417
2015/12/04	8.49	8.54	8.21	8.31	517247.00	432524416	0	8.394	8.612	9.043	9.064	8.599	10.083	517247	467753.406	445514.5	568467.375	41.034	33.16	56.783
2015/12/07	8.35	8.40	8.23	8.33	290536.00	242399344	0	8.446	8.538	8.967	9.036	8.604	10.054	290536	431947.594	433480.906	493835.344	41.826	36.049	53.382
2015/12/08	8.50	9.12	8.49	8.67	1106925.00	975861696	0	8.508	8.513	8.917	9.023	8.611	10.032	1106925	572646.813	502716.813	508609.938	50.106	40.735	68.85
2015/12/09	8.51	8.57	8.22	8.35	649694.00	545553152	0	8.458	8.445	8.852	9.005	8.611	10.005	649694	599048.625	533936.688	515866.594	47.725	43.065	57.046
2015/12/10	8.36	8.41	8.18	8.20	376787.00	311288896	0	8.372	8.373	8.783	8.981	8.611	9.98	376787	588237.813	542422.375	508182.688	42.434	42.855	41.593
2015/12/11	8.23	8.25	8.00	8.11	282770.00	228765856	0	8.332	8.363	8.708	8.953	8.609	9.957	282770	541342.375	504547.906	490613.813	31.563	39.091	16.508
2015/12/14	8.08	8.48	8.02	8.42	378148.00	313334240	0	8.35	8.398	8.66	8.945	8.616	9.934	378148	558864.813	495406.188	474656.438	33.542	37.241	26.144
2015/12/15	8.41	8.50	8.25	8.38	312179.00	261294432	0	8.292	8.4	8.611	8.935	8.635	9.91	312179	399915.594	486281.188	451240.188	33.671	36.051	28.911
2015/12/16	8.28	8.38	8.24	8.29	281567.00	233673104	0	8.28	8.369	8.571	8.909	8.644	9.883	281567	326290.188	462669.406	440972	31.078	34.394	24.448
2015/12/17	8.41	8.65	8.38	8.57	591258.00	503772064	0	8.354	8.363	8.535	8.868	8.662	9.854	591258	369184.406	478711.094	454256.813	37.683	35.49	42.069
2015/12/18	8.65	9.39	8.65	8.86	1163306.00	1048060160	0	8.504	8.418	8.515	8.835	8.685	9.824	1163306	545291.625	543317	494415.75	45.746	38.909	59.42
2015/12/21	8.80	9.29	8.69	9.03	722418.00	652886912	0	8.626	8.488	8.513	8.807	8.705	9.793	722418	614145.625	586505.188	509993.063	55.197	44.338	76.916
2015/12/22	9.10	9.11	8.85	8.99	463810.00	414877664	0	8.748	8.52	8.516	8.785	8.719	9.761	463810	644471.813	522193.688	512455.25	60.539	49.738	82.141
2015/12/23	8.97	9.04	8.85	8.88	434725.00	389395712	0	8.866	8.573	8.509	8.759	8.737	9.739	434725	675103.375	500696.813	517316.75	61.463	53.647	77.095
2015/12/24	8.81	8.86	8.56	8.73	360478.00	313380416	0	8.898	8.626	8.5	8.73	8.751	9.719	360478	628947.375	499065.906	520744.156	58.25	55.181	64.388
2015/12/25	8.76	8.90	8.70	8.79	248211.00	218385024	0	8.884	8.694	8.528	8.703	8.771	9.694	248211	445928.406	495610	500078.938	54.775	55.046	54.234
2015/12/28	8.81	8.91	8.54	8.57	312082.00	272828032	0	8.792	8.709	8.554	8.677	8.787	9.666	312082	363861.188	489003.406	492204.813	46.082	52.058	34.131
2015/12/29	8.58	8.76	8.57	8.74	228999.00	198876128	0	8.742	8.745	8.573	8.656	8.809	9.64	228999	316899	480685.406	483483.313	42.603	48.906	29.995
2015/12/30	8.74	8.74	8.55	8.63	268960.00	232089968	0	8.692	8.779	8.574	8.64	8.827	9.613	268960	283746	479424.688	471047.063	31.931	43.248	9.298
2015/12/31	8.68	8.68	8.56	8.58	181975.00	156832032	0	8.662	8.78	8.571	8.616	8.841	9.583	181975	248045.406	438496.406	458603.75	23.065	36.52	-3.845
2016/01/04	8.50	8.50	7.79	7.81	308343.00	252102112	0	8.466	8.675	8.547	8.568	8.839	9.536	308343	260071.797	353000.094	448158.563	15.882	29.641	-11.636
2016/01/05	7.57	7.90	7.42	7.60	413583.00	316494816	0	8.272	8.532	8.51	8.519	8.826	9.488	413583	280372	322116.594	454310.906	14.292	24.524	-6.174
2016/01/06	7.67	7.87	7.66	7.86	329313.00	255897008	0	8.096	8.419	8.469	8.484	8.818	9.441	329313	300434.813	308666.906	415430.313	19.371	22.807	12.5
2016/01/07	7.82	8.02	7.52	7.54	158376.00	122876176	0	7.878	8.285	8.429	8.434	8.809	9.394	158376	278318	281032	390864.406	15.599	20.404	5.988
2016/01/08	7.70	8.05	7.30	7.80	482955.00	374211744	0	7.722	8.192	8.409	8.397	8.8	9.351	482955	338514	293279.688	396172.813	20.751	20.52	21.214
2016/01/11	7.67	8.26	7.61	7.67	774082.00	617950720	0	7.694	8.08	8.387	8.379	8.782	9.306	774082	431661.813	345866.813	420738.406	22.282	21.107	24.631
2016/01/12	7.91	8.04	7.53	7.76	498959.00	387531520	0	7.726	7.999	8.354	8.369	8.761	9.263	498959	448737	364554.5	426778.938	25.503	22.572	31.363
2016/01/13	7.87	7.90	7.49	7.51	349825.00	268364912	0	7.656	7.876	8.311	8.34	8.734	9.22	349825	452839.406	376637.094	428661.25	22.074	22.406	21.41
2016/01/14	7.29	7.57	7.10	7.48	429055.00	313635392	0	7.644	7.761	8.27	8.303	8.715	9.172	429055	506975.188	392646.594	436035.656	23.764	22.859	25.574
2016/01/15	7.37	7.44	6.73	6.73	547328.00	382178048	0	7.43	7.576	8.178	8.24	8.67	9.129	547328	519849.813	429181.906	433839.156	15.842	20.52	6.488
2016/01/18	6.71	7.11	6.66	6.92	392004.00	270167072	0	7.28	7.487	8.081	8.193	8.629	9.078	392004	443434.188	437548	395274.063	15.978	19.006	9.923
2016/01/19	6.94	7.24	6.86	7.15	311909.00	221104848	0	7.158	7.442	7.987	8.154	8.595	9.019	311909	406024.188	427380.594	374748.594	20.861	19.624	23.333
2016/01/20	7.15	7.87	7.11	7.87	1396910.00	1085306368	0	7.23	7.443	7.931	8.127	8.575	8.966	1396910	615441.188	534140.313	421403.594	39.115	26.121	65.104
2016/01/21	7.92	7.99	7.36	7.41	1333953.00	1030226304	0	7.216	7.43	7.858	8.096	8.551	8.911	1333953	796420.813	651698	466365	41.702	31.315	62.476
2016/01/22	7.36	7.55	6.95	7.38	681337.00	497275232	0	7.346	7.388	7.79	8.069	8.525	8.844	681337	823222.625	671536.188	482407.938	45.193	35.941	63.696
2016/01/25	7.29	7.40	7.15	7.28	474391.00	346030944	0	7.418	7.349	7.714	8.041	8.497	8.784	474391	839700	641567.125	493716.938	45.667	39.183	58.636
2016/01/26	7.30	7.39	6.78	6.84	611659.00	435080736	0	7.356	7.257	7.628	7.988	8.467	8.733	611659	899650	652837.125	508695.813	34.956	37.774	29.32
2016/01/27	6.79	6.85	6.25	6.55	464821.00	304024768	0	7.092	7.161	7.518	7.927	8.431	8.689	464821	713232.188	664336.688	520486.906	29.051	34.866	17.421
2016/01/28	6.50	6.50	6.11	6.21	298404.00	189296512	0	6.852	7.034	7.398	7.858	8.383	8.647	298404	506122.406	651271.625	521959.094	21.141	30.291	2.839
2016/01/29	6.23	6.60	6.10	6.47	370998.00	236801568	0	6.67	7.008	7.292	7.788	8.328	8.599	370998	444054.594	633638.625	531410.25	20.619	27.067	7.723
2016/02/01	6.48	6.48	6.21	6.32	248514.00	158237616	0	6.478	6.948	7.218	7.703	8.269	8.556	248514	398879.188	619289.625	528418.813	17.626	23.92	5.038
2016/02/02	6.38	6.75	6.36	6.56	343881.00	226320480	0	6.422	6.889	7.166	7.621	8.214	8.517	343881	345323.594	622486.813	524933.688	19.864	22.568	14.455
2016/02/03	6.57	6.79	6.50	6.74	398455.00	266895904	0	6.46	6.776	7.109	7.546	8.165	8.479	398455	332050.406	522641.313	528390.813	27.955	24.364	35.138
2016/02/04	6.73	6.90	6.64	6.80	310571.00	210842368	0	6.578	6.715	7.073	7.477	8.118	8.433	310571	334483.813	420303.094	536000.563	36.585	28.438	52.881
2016/02/05	6.90	7.10	6.80	6.82	382816.00	266577904	0	6.648	6.659	7.023	7.413	8.072	8.394	382816	336847.406	390451	530993.625	42.995	33.29	62.405
2016/02/15	6.66	7.05	6.55	6.89	328721.00	224126576	0	6.762	6.62	6.984	7.35	8.026	8.361	328721	352888.813	375884	508725.563	54.997	40.526	83.939
2016/02/16	6.94	7.10	6.90	7.05	322955.00	226741728	0	6.86	6.641	6.949	7.299	7.988	8.326	322955	348703.594	347013.594	499925.344	68.331	49.794	105.405
2016/02/17	7.04	7.11	6.94	7.09	285350.00	201105088	0	6.93	6.695	6.928	7.244	7.95	8.293	285350	326082.594	329066.5	496701.594	78.227	59.272	116.138
2016/02/18	7.05	7.11	6.95	6.98	298251.00	209034848	0	6.966	6.772	6.903	7.189	7.914	8.25	298251	323618.594	329051.188	490161.406	80.67	66.405	109.201
2016/02/19	7.00	7.02	6.80	6.88	203647.00	140299840	0	6.978	6.813	6.911	7.132	7.874	8.217	203647	287784.813	312316.094	472977.344	76.891	69.9	90.873
2016/02/22	6.96	7.14	6.96	7.09	319206.00	225216656	0	7.018	6.89	6.919	7.108	7.838	8.184	319206	285881.813	319385.313	469337.438	81.99	73.93	98.11
2016/02/23	7.07	7.08	6.82	6.93	252777.00	175201792	0	6.994	6.927	6.908	7.086	7.803	8.156	252777	271846.188	310274.906	466380.844	76.129	74.663	79.061
2016/02/24	6.97	7.06	6.86	7.04	258514.00	179791184	0	6.984	6.957	6.866	7.059	7.771	8.137	258514	266479	296280.813	409461.063	78.436	75.921	83.467
2016/02/25	7.00	7.00	6.34	6.40	374010.00	248838416	0	6.868	6.917	6.816	7.021	7.727	8.119	374010	281630.813	302624.688	361463.906	54.791	68.877	26.618
2016/02/26	6.52	6.55	6.35	6.48	228286.00	147719808	0	6.788	6.883	6.771	6.977	7.687	8.11	228286	286558.594	287171.688	338811.344	42.361	60.038	7.005
2016/02/29	6.43	6.43	5.98	6.14	380075.00	231274176	0	6.598	6.808	6.714	6.926	7.652	8.104	380075	298732.406	292307.094	334095.563	32.838	50.972	-3.429
2016/03/01	6.12	6.26	6.05	6.23	228612.00	140905120	0	6.458	6.726	6.683	6.875	7.622	8.096	228612	293899.406	282872.813	314943.188	29.076	43.673	-0.118
2016/03/02	6.23	6.53	6.20	6.51	327815.00	209816240	0	6.352	6.668	6.681	6.841	7.591	8.085	327815	307759.594	287119.313	308092.906	34.614	40.653	22.535
2016/03/03	6.53	6.65	6.44	6.59	388131.00	254206480	0	6.39	6.629	6.701	6.812	7.557	8.075	388131	310583.813	296107.313	312579.25	40.605	40.637	40.54
2016/03/04	6.55	6.69	6.45	6.62	465597.00	306815392	0	6.418	6.603	6.708	6.808	7.524	8.064	465597	358046	322302.313	317309.188	46.464	42.579	54.232
2016/03/07	6.59	6.72	6.53	6.66	226569.00	150227936	0	6.522	6.56	6.725	6.799	7.496	8.048	226569	327344.813	313038.594	316211.938	51.963	45.707	64.476
2016/03/08	6.58	6.63	6.21	6.61	301952.00	193591808	0	6.598	6.528	6.727	6.781	7.468	8.036	301952	342012.813	317956.094	314115.5	55.231	48.882	67.928
2016/03/09	6.43	6.63	6.36	6.62	242278.00	157231648	0	6.62	6.486	6.721	6.74	7.433	8.022	242278	324905.406	316332.5	306306.656	65.649	54.471	88.006
2016/03/10	6.53	6.59	6.41	6.44	126011.00	82061656	0	6.59	6.49	6.703	6.707	7.402	8.006	126011	272481.406	291532.594	297078.656	64.487	57.81	77.841
2016/03/11	6.40	6.46	6.32	6.42	108374.00	69166664	0	6.55	6.484	6.683	6.675	7.372	7.991	108374	201036.797	279541.406	283356.563	61.399	59.006	66.185
2016/03/14	6.46	6.72	6.46	6.63	317945.00	211197488	0	6.544	6.533	6.67	6.654	7.347	7.978	317945	219312	273328.406	282817.75	68.497	62.17	81.151
2016/03/15	6.65	6.65	6.47	6.63	160428.00	105447784	0	6.548	6.573	6.649	6.647	7.318	7.967	160428	191007.203	266510	274691.406	73.116	65.818	87.71
2016/03/16	6.60	6.85	6.58	6.75	396124.00	267675152	0	6.574	6.597	6.633	6.653	7.29	7.963	396124	221776.406	273340.906	280230.094	76.869	69.502	91.603
2016/03/17	6.78	6.85	6.66	6.79	228850.00	154792352	0	6.644	6.617	6.623	6.673	7.265	7.954	228850	242344.203	257412.797	276760.063	81.454	73.486	97.391
2016/03/18	6.81	6.95	6.77	6.84	383907.00	263111584	0	6.728	6.639	6.621	6.685	7.236	7.949	383907	297450.813	249243.797	285773.063	82.681	76.551	94.941
2016/03/21	6.89	7.15	6.83	7.03	488677.00	343245312	0	6.808	6.676	6.618	6.709	7.206	7.945	488677	331597.188	275454.594	294246.594	83.635	78.912	93.08
2016/03/22	7.01	7.07	6.91	6.94	211001.00	147363696	0	6.87	6.709	6.619	6.721	7.171	7.938	211001	341711.813	266359.5	292157.813	80.656	79.494	82.981
2016/03/23	6.91	6.94	6.71	6.84	435439.00	296211392	0	6.888	6.731	6.609	6.725	7.135	7.927	435439	349574.813	285675.594	301004.063	74.654	77.88	68.202
2016/03/24	6.83	6.95	6.76	6.78	312573.00	214259936	0	6.886	6.765	6.628	6.724	7.1	7.919	312573	366319.406	304331.813	297932.188	65.228	73.663	48.359
2016/03/25	6.72	6.81	6.71	6.79	171622.00	115961456	0	6.876	6.802	6.643	6.723	7.068	7.91	171622	323862.406	310656.594	295099	59.172	68.833	39.85
2016/03/28	6.83	6.95	6.82	6.84	267336.00	183899920	0	6.838	6.823	6.678	6.721	7.036	7.904	267336	279594.188	305595.688	289462.063	54.653	64.106	35.746
2016/03/29	6.86	6.87	6.57	6.63	297480.00	198695056	0	6.776	6.823	6.698	6.707	7.003	7.895	297480	296890	319300.906	292905.438	39.883	56.032	7.586
2016/03/30	6.68	6.84	6.68	6.81	192823.00	130720992	0	6.77	6.829	6.713	6.698	6.971	7.89	192823	248366.797	298970.813	286155.844	40.382	50.815	19.516
2016/03/31	6.94	6.96	6.83	6.86	253378.00	174335328	0	6.786	6.836	6.727	6.694	6.942	7.884	253378	236527.797	301423.594	279418.188	43.588	48.406	33.952
2016/04/01	6.85	7.36	6.85	7.14	660483.00	473921504	0	6.856	6.866	6.753	6.703	6.918	7.879	660483	334300	329081.188	289162.5	53.109	49.974	59.38
2016/04/05	7.14	7.49	7.09	7.39	690551.00	507243904	0	6.966	6.902	6.789	6.713	6.911	7.875	690551	418943	349268.594	312361.594	65.116	55.021	85.306
2016/04/06	7.39	7.39	7.20	7.26	323697.00	234570096	0	7.092	6.934	6.821	6.724	6.905	7.866	323697	424186.406	360538.188	313448.844	68.411	59.485	86.264
2016/04/07	7.26	7.35	7.12	7.19	311765.00	225107920	0	7.168	6.969	6.85	6.729	6.894	7.856	311765	447974.813	348170.813	316923.188	68.071	62.347	79.52
2016/04/08	7.10	7.23	7.06	7.15	196946.00	140544640	0	7.226	7.006	6.885	6.754	6.887	7.848	196946	436688.406	336608.094	320469.938	66.395	63.696	71.793
2016/04/11	7.22	7.24	7.14	7.18	264036.00	189990048	0	7.234	7.045	6.924	6.777	6.877	7.839	264036	357399	345849.5	328253.063	66.365	64.586	69.923
2016/04/12	7.18	7.19	6.96	7.05	267641.00	188770176	0	7.166	7.066	6.944	6.807	6.866	7.824	267641	272817	345880	325737.844	59.47	62.88	52.648
2016/04/13	7.07	7.24	7.06	7.19	422074.00	302821824	0	7.152	7.122	6.972	6.839	6.857	7.809	422074	292492.406	358339.406	338820.156	57.828	61.196	51.092
2016/04/14	7.27	7.38	7.23	7.28	360473.00	263378640	0	7.17	7.169	6.999	6.865	6.853	7.794	360473	302234	375104.406	337037.594	60.948	61.114	60.617
2016/04/15	7.24	7.28	7.14	7.19	290280.00	208526720	0	7.178	7.202	7.019	6.885	6.848	7.782	290280	320900.813	378794.594	340109.094	55.097	59.108	47.076
2016/04/18	7.30	7.34	7.11	7.16	338460.00	244008848	0	7.174	7.204	7.035	6.903	6.856	7.763	338460	335785.594	346592.313	337836.75	52.235	56.817	43.072
2016/04/19	7.13	7.27	7.00	7.12	373545.00	266099440	0	7.188	7.177	7.04	6.918	6.859	7.744	373545	356966.406	314891.688	332080.156	47.522	53.719	35.128
2016/04/20	7.09	7.22	6.71	7.11	464365.00	324824480	0	7.172	7.162	7.048	6.935	6.858	7.727	464365	365424.594	328958.5	344748.344	51.582	53.007	48.733
2016/04/21	7.10	7.10	6.86	6.92	224018.00	156174880	0	7.1	7.135	7.052	6.945	6.842	7.709	224018	338133.594	320183.813	334177.313	44.836	50.283	33.941
2016/04/22	6.86	6.90	6.74	6.86	148126.00	100947608	0	7.034	7.106	7.056	6.959	6.833	7.692	148126	309702.813	315301.813	325954.938	37.353	45.973	20.113
2016/04/25	6.86	6.88	6.75	6.80	108662.00	74024456	0	6.962	7.068	7.056	6.972	6.824	7.674	108662	263743.188	299764.406	322806.938	29.38	40.442	7.255
2016/04/26	6.80	6.86	6.75	6.84	112905.00	76835400	0	6.906	7.047	7.056	6.979	6.816	7.657	112905	211615.203	284290.813	315085.406	26.054	35.646	6.87
2016/04/27	6.84	6.84	6.77	6.78	134446.00	91319296	0	6.84	7.006	7.064	6.984	6.815	7.641	134446	145631.406	255528	306933.688	21.073	30.788	1.643
2016/04/28	6.78	6.84	6.71	6.83	141910.00	96143016	0	6.822	6.961	7.065	6.986	6.82	7.625	141910	129209.797	233671.703	304388.063	20.398	27.325	6.544
2016/04/29	6.82	6.85	6.76	6.81	126652.00	86311872	0	6.812	6.923	7.063	6.987	6.83	7.607	126652	124915	217308.906	298051.75	19.551	24.734	9.186
2016/05/03	6.85	7.01	6.80	6.91	406608.00	280373408	0	6.834	6.898	7.051	6.989	6.837	7.583	406608	184504.203	224123.703	285358	26.106	25.191	27.936
2016/05/04	6.87	7.50	6.85	7.36	1009362.00	730824896	0	6.938	6.922	7.049	7	6.854	7.562	1009362	363795.594	287705.406	301298.563	44.83	31.737	71.016
2016/05/05	7.40	7.70	7.30	7.47	892963.00	672772544	0	7.076	6.958	7.06	7.018	6.87	7.542	892963	515499	330565.188	329761.844	55.476	39.65	87.127
2016/05/06	7.45	7.80	7.35	7.36	545555.00	411771072	0	7.182	7.002	7.069	7.035	6.88	7.523	545555	596228	362718.906	341451.344	56.862	45.387	79.81
2016/05/09	7.21	7.50	6.98	7.16	625699.00	450932576	0	7.252	7.032	7.069	7.048	6.886	7.502	625699	696037.375	410476.188	362889	51.669	47.481	60.045
2016/05/10	7.20	7.55	7.13	7.30	458880.00	338258592	0	7.33	7.082	7.075	7.065	6.894	7.483	458880	706491.813	445498	372631.188	52.489	49.151	59.166
2016/05/11	7.35	8.00	7.21	7.72	722106.00	552114816	0	7.402	7.17	7.109	7.094	6.908	7.467	722106	649040.625	506418.094	395354.438	61.091	53.131	77.011
2016/05/12	7.59	7.94	7.47	7.73	475984.00	367430880	0	7.454	7.265	7.135	7.131	6.919	7.453	475984	565644.813	540571.875	398049.938	66.802	57.688	85.032
2016/05/13	7.72	7.73	7.44	7.54	390499.00	295427584	0	7.49	7.336	7.148	7.155	6.927	7.438	390499	534633.625	565430.813	399551.25	65.091	60.155	74.961
2016/05/16	7.46	7.72	7.30	7.67	310187.00	233467392	0	7.592	7.422	7.173	7.182	6.938	7.426	310187	471531.188	583784.313	400546.594	67.162	62.491	76.504
2016/05/17	7.60	7.64	7.41	7.48	189206.00	142164880	0	7.628	7.479	7.188	7.194	6.948	7.411	189206	417596.406	562044.125	393083.906	61.114	62.032	59.279
2016/05/18	7.50	7.62	7.23	7.45	272118.00	201706704	0	7.574	7.488	7.205	7.196	6.954	7.396	272118	327598.813	488319.688	388012.563	56.102	60.056	48.196
2016/05/19	7.39	7.52	7.28	7.35	205503.00	151724352	0	7.498	7.476	7.217	7.199	6.961	7.382	205503	273502.594	419573.688	375069.438	49.493	56.535	35.41
2016/05/20	7.31	7.43	7.20	7.38	156962.00	114696752	0	7.466	7.478	7.24	7.205	6.967	7.369	156962	226795.203	380714.406	371716.656	42.574	51.881	23.96
2016/05/23	7.39	7.53	7.34	7.47	175052.00	130492080	0	7.426	7.509	7.271	7.216	6.985	7.356	175052	199768.203	335649.688	373062.938	39.633	47.798	23.301
2016/05/24	7.47	7.48	7.30	7.37	104217.00	76862656	0	7.404	7.516	7.299	7.222	6.999	7.343	104217	182770.406	300183.406	372840.688	34.079	43.225	15.788
2016/05/25	7.43	7.43	6.99	7.01	405179.00	288578720	0	7.316	7.445	7.307	7.221	7.014	7.333	405179	209382.594	268490.688	387454.406	23.621	36.69	-2.519
2016/05/26	6.97	6.99	6.76	6.94	232551.00	159475440	0	7.234	7.366	7.315	7.212	7.026	7.324	232551	214792.203	244147.406	392359.656	21.997	31.793	2.406
2016/05/27	6.90	7.02	6.87	6.95	102293.00	70983688	0	7.148	7.307	7.321	7.201	7.033	7.312	102293	203858.406	215326.797	390378.813	21.862	28.482	8.62
2016/05/30	6.90	6.90	6.74	6.77	223208.00	151608480	0	7.008	7.217	7.319	7.187	7.036	7.297	223208	213489.594	206628.906	395206.594	15.711	24.225	-1.318
2016/05/31	6.76	6.99	6.75	6.98	313581.00	217272448	0	6.93	7.167	7.323	7.181	7.042	7.283	313581	255362.406	219066.406	390555.25	20.6	23.017	15.768
2016/06/01	6.97	7.10	6.90	7.01	307041.00	215058352	0	6.93	7.123	7.306	7.178	7.048	7.272	307041	235734.797	222558.703	355439.188	25.126	23.72	27.938
2016/06/02	7.03	7.21	7.00	7.17	283758.00	202501968	0	6.976	7.105	7.291	7.18	7.057	7.262	283758	245976.203	230384.203	324978.938	34.894	27.445	49.793
2016/06/03	7.11	7.18	7.07	7.16	207996.00	148363360	0	7.018	7.083	7.28	7.188	7.066	7.25	207996	267116.813	235487.594	308101	42.182	32.357	61.831
2016/06/06	7.38	7.47	7.17	7.19	316458.00	230405936	0	7.102	7.055	7.282	7.199	7.079	7.24	316458	285766.813	249628.203	292638.938	48.669	37.794	70.419
2016/06/07	7.16	7.19	7.08	7.15	130450.00	92980040	0	7.136	7.033	7.274	7.21	7.091	7.232	130450	249140.594	252251.5	276217.438	51.168	42.252	68.998
2016/06/08	7.15	7.15	7.00	7.10	170149.00	120397600	0	7.154	7.042	7.243	7.219	7.099	7.223	170149	221762.203	228748.5	248619.594	50.55	45.018	61.614
2016/06/13	7.01	7.15	6.96	6.98	192151.00	135786176	0	7.116	7.046	7.206	7.226	7.105	7.211	192151	203440.797	224708.5	234427.953	44.659	44.898	44.18
2016/06/14	6.93	7.02	6.88	6.99	96150.00	66909624	0	7.082	7.05	7.179	7.231	7.109	7.2	96150	181071.594	224094.203	219710.5	40.884	43.56	35.531
2016/06/15	6.93	7.12	6.90	7.10	176205.00	124389080	0	7.064	7.083	7.15	7.241	7.114	7.19	176205	153021	219393.906	213011.406	39.685	42.269	34.519
2016/06/16	7.10	7.22	6.91	6.98	267506.00	189171040	0	7.03	7.083	7.125	7.243	7.116	7.176	267506	180432.203	214786.406	216926.406	32.107	38.881	18.557
2016/06/17	7.01	7.22	7.01	7.09	211067.00	150524672	0	7.028	7.091	7.107	7.234	7.117	7.162	211067	188615.797	205189	213873.844	33.269	37.01	25.786
2016/06/20	7.07	7.10	6.96	7.09	164240.00	115275360	0	7.05	7.083	7.094	7.221	7.12	7.145	164240	183033.594	193237.203	211810.703	34.044	36.021	30.088
2016/06/21	7.11	7.13	7.00	7.03	143752.00	101667320	0	7.058	7.07	7.076	7.21	7.123	7.129	143752	192554	186812.797	211150.203	37.402	36.482	39.242
2016/06/22	7.01	7.05	6.98	7.04	90947.00	63809020	0	7.046	7.055	7.055	7.206	7.127	7.114	90947	175502.406	164261.703	206944.953	40.621	37.861	46.14
2016/06/23	7.03	7.04	6.93	6.94	171616.00	119712320	0	7.038	7.034	7.034	7.194	7.13	7.099	171616	156324.406	168378.297	210314.906	32.963	36.228	26.432
2016/06/24	6.96	6.98	6.72	6.79	263799.00	180550064	0	6.978	7.003	7.023	7.163	7.129	7.082	263799	166870.797	177743.297	203245.906	26.642	33.033	13.86
2016/06/27	6.77	6.90	6.75	6.90	150310.00	102828032	0	6.94	6.995	7.021	7.136	7.133	7.068	150310	164084.797	173559.203	199133.844	29.761	31.942	25.399
2016/06/28	6.85	6.92	6.79	6.90	195145.00	133461728	0	6.914	6.986	7.018	7.114	7.135	7.053	195145	174363.406	183458.703	203776.453	31.841	31.909	31.706
2016/06/29	6.92	6.92	6.85	6.90	288075.00	198264816	0	6.886	6.966	7.024	7.089	7.135	7.038	288075	213789	194645.703	207019.797	33.227	32.348	34.986
2016/06/30	6.84	6.84	6.71	6.76	195506.00	131965128	0	6.85	6.944	7.014	7.065	7.129	7.023	195506	218567	187445.703	201116.047	26.12	30.272	17.815
2016/07/01	6.77	6.82	6.76	6.78	125940.00	85436608	0	6.848	6.913	7.002	7.042	7.119	7.015	125940	190995.203	178933	192061	22.969	27.838	13.231
2016/07/04	6.78	6.98	6.72	6.93	386282.00	264994240	0	6.854	6.897	6.99	7.028	7.114	7.009	386282	238189.594	201137.203	197187.203	36.881	30.852	48.939
2016/07/05	6.94	7.32	6.92	7.15	598491.00	428222784	0	6.904	6.909	6.99	7.021	7.113	7.003	598491	318858.813	246611.094	216711.953	48.631	36.778	72.336
2016/07/06	7.15	7.15	7.03	7.11	256937.00	182318688	0	6.946	6.916	6.985	7.009	7.112	7	256937	312631.188	263210.094	213735.906	54.279	42.612	77.612
2016/07/07	7.10	7.27	7.03	7.17	375889.00	269203872	0	7.028	6.939	6.987	7.002	7.112	6.994	375889	348707.813	283637.406	226007.844	61.322	48.849	86.27
2016/07/08	7.25	7.32	7.15	7.17	328929.00	237565584	0	7.106	6.977	6.99	7.007	7.114	6.99	328929	389305.594	290150.406	233946.844	66.018	54.572	88.911
2016/07/11	7.20	7.34	7.06	7.27	456611.00	330324288	0	7.174	7.014	7.004	7.018	7.115	6.986	456611	403371.406	320780.5	247169.844	73.642	60.928	99.068
2016/07/12	7.24	8.00	7.21	8.00	1200929.00	929611392	0	7.344	7.124	7.055	7.053	7.127	6.99	1200929	523859	421358.906	302408.813	82.428	68.095	111.094
2016/07/13	8.08	8.32	7.86	7.88	1008610.00	816562560	0	7.498	7.222	7.094	7.09	7.139	6.994	1008610	674193.625	493412.406	344029.063	79.119	71.769	93.817
2016/07/14	7.94	7.94	7.72	7.90	410154.00	320251744	0	7.644	7.336	7.14	7.121	7.151	7.003	410154	681046.625	514877.188	351161.438	77.329	73.623	84.742
2016/07/15	7.95	8.10	7.87	7.96	416169.00	332895936	0	7.802	7.454	7.184	7.153	7.165	7.012	416169	698494.625	543900.125	361416.563	76.315	74.52	79.904
2016/07/18	7.89	8.20	7.80	8.10	445070.00	359523328	0	7.968	7.571	7.234	7.184	7.182	7.02	445070	696186.375	549778.875	375458.063	78.525	75.855	83.865
2016/07/19	8.02	8.05	7.70	7.85	375054.00	293748800	0	7.938	7.641	7.275	7.207	7.197	7.02	375054	531011.375	527435.188	387023.156	73.539	75.083	70.45
2016/07/20	7.84	7.88	7.72	7.79	171732.00	133649712	0	7.92	7.709	7.313	7.227	7.213	7.023	171732	363635.813	518914.688	391062.406	68.338	72.835	59.345
2016/07/21	7.79	8.00	7.77	7.85	288701.00	228232512	0	7.91	7.777	7.358	7.25	7.23	7.027	288701	339345.188	510195.906	396916.656	66.458	70.709	57.956
2016/07/22	7.97	8.02	7.67	7.70	276899.00	215576608	0	7.858	7.83	7.404	7.27	7.245	7.03	276899	311491.188	504992.906	397571.656	59.02	66.813	43.435
2016/07/25	7.70	7.79	7.66	7.72	131520.00	101563680	0	7.782	7.875	7.444	7.295	7.26	7.038	131520	248781.203	472483.813	396632.156	42.377	58.668	9.796
2016/07/26	7.72	8.05	7.72	8.04	415064.00	330056352	0	7.82	7.879	7.502	7.33	7.28	7.05	415064	256783.203	393897.313	407628.094	51.708	56.348	42.429
2016/07/27	8.06	8.26	7.74	8.18	506683.00	407592896	0	7.898	7.909	7.566	7.366	7.303	7.067	506683	323773.406	343704.594	418558.5	63.361	58.685	72.712
2016/07/28	8.13	8.69	8.00	8.34	651000.00	545686464	0	7.996	7.953	7.645	7.411	7.327	7.082	651000	396233.188	367789.188	441333.188	64.247	60.539	71.663
2016/07/29	8.33	8.60	8.23	8.26	386425.00	324819808	0	8.108	7.983	7.719	7.45	7.342	7.098	386425	418138.406	364814.813	454357.438	62.249	61.109	64.528
2016/08/01	8.25	8.38	7.99	8.23	280964.00	229540384	0	8.21	7.996	7.784	7.488	7.355	7.112	280964	448027.188	348404.188	449091.563	59.946	60.721	58.395
2016/08/02	8.28	8.36	8.07	8.23	202872.00	165878272	0	8.248	8.034	7.838	7.528	7.369	7.125	202872	405588.813	331186	429310.594	58.411	59.951	55.329
2016/08/03	8.24	8.46	8.19	8.45	304666.00	253899008	0	8.302	8.1	7.905	7.575	7.391	7.138	304666	365185.406	344479.406	431697.063	64.507	61.47	70.581
2016/08/04	8.35	8.39	8.18	8.20	292250.00	240202992	0	8.274	8.135	7.956	7.617	7.406	7.15	292250	293435.406	344834.313	427515.094	60.48	61.14	59.161
2016/08/05	8.16	8.18	7.94	8.00	471637.00	377312320	0	8.222	8.165	7.997	7.657	7.41	7.159	471637	310477.813	364308.094	434650.5	49.942	57.407	35.012
2016/08/08	7.90	7.99	7.80	7.98	318846.00	250959968	0	8.172	8.191	8.033	7.693	7.415	7.167	318846	318054.188	383040.688	427762.25	41.716	52.177	20.794
2016/08/09	7.90	8.01	7.84	7.98	253001.00	200372960	0	8.122	8.185	8.032	7.729	7.422	7.174	253001	328080	366834.406	380365.844	34.552	46.302	11.053
2016/08/10	7.95	8.00	7.84	7.90	268241.00	211849680	0	8.012	8.157	8.033	7.763	7.426	7.182	268241	320795	342990.188	343347.406	27.201	39.935	1.734
2016/08/11	7.89	7.96	7.71	7.76	413810.00	323743584	0	7.924	8.099	8.026	7.796	7.43	7.189	413810	345107	319271.188	343530.188	20.357	33.409	-5.748
2016/08/12	7.70	7.84	7.69	7.84	302454.00	234709456	0	7.892	8.057	8.02	7.831	7.437	7.195	302454	311270.406	310874.094	337844.438	20.065	28.961	2.272
2016/08/15	7.84	8.20	7.81	8.12	605843.00	486867296	0	7.92	8.046	8.021	7.871	7.45	7.205	605843	368669.813	343362	345883.094	31.991	29.971	36.031
2016/08/16	8.12	8.20	7.99	8.04	478923.00	387145344	0	7.932	8.027	8.031	7.901	7.461	7.214	478923	413854.188	370967.094	351076.563	37.994	32.645	48.692
2016/08/17	8.04	8.04	7.90	7.94	311542.00	247564080	0	7.94	7.976	8.038	7.928	7.469	7.227	311542	422514.406	371654.688	358067.063	41.669	35.653	53.701
2016/08/18	7.98	8.02	7.88	7.94	237056.00	187934992	0	7.976	7.95	8.042	7.954	7.478	7.239	237056	387163.594	366135.313	355484.813	44.119	38.475	55.408
2016/08/19	7.85	7.93	7.72	7.84	335170.00	261418848	0	7.976	7.934	8.049	7.976	7.492	7.253	335170	393706.813	352488.594	358398.344	39.217	38.722	40.206
2016/08/22	7.85	7.85	7.70	7.74	275824.00	213453088	0	7.9	7.91	8.05	7.992	7.505	7.266	275824	327703	348186.406	365613.563	29.413	35.619	16.999
2016/08/23	7.76	7.78	7.62	7.73	269168.00	207718080	0	7.838	7.885	8.035	7.983	7.518	7.276	269168	285752	349803.094	358318.75	25.93	32.389	13.012
2016/08/24	7.70	7.75	7.66	7.70	208828.00	160630000	0	7.79	7.865	8.011	7.977	7.534	7.285	208828	265209.188	343861.813	343426	21.884	28.888	7.878
2016/08/25	7.70	7.71	7.58	7.66	196670.00	149927696	0	7.734	7.855	7.977	7.969	7.545	7.294	196670	257132	322147.813	320709.5	18.891	25.555	5.561
2016/08/26	7.67	7.73	7.62	7.66	269742.00	206671888	0	7.698	7.837	7.947	7.959	7.556	7.302	269742	244046.406	318876.594	314875.344	16.895	22.669	5.347
2016/08/29	7.66	7.69	7.61	7.65	140869.00	107738608	0	7.68	7.79	7.918	7.944	7.564	7.311	140869	217055.406	272379.188	307870.594	16.336	20.558	7.892
2016/08/30	7.62	7.66	7.46	7.49	385361.00	289843616	0	7.632	7.735	7.881	7.932	7.569	7.318	385361	240294	263023	316995.063	12.676	17.93	2.168
2016/08/31	7.47	7.49	7.33	7.46	352106.00	260613280	0	7.584	7.687	7.832	7.921	7.574	7.326	352106	268949.594	267079.406	319367.063	15.673	17.178	12.663
2016/09/01	7.50	7.52	7.43	7.47	160391.00	119952776	0	7.546	7.64	7.795	7.908	7.579	7.335	160391	261693.797	259412.906	312774.094	19.423	17.926	22.416
2016/09/02	7.44	7.60	7.43	7.59	220537.00	165693120	0	7.532	7.615	7.774	7.905	7.587	7.343	220537	251852.797	247949.594	300219.094	32.208	22.687	51.25
2016/09/05	7.61	7.62	7.50	7.51	190369.00	143497808	0	7.504	7.592	7.751	7.898	7.596	7.35	190369	261752.797	239404.094	293795.25	35.758	27.044	53.185
2016/09/06	7.51	7.51	7.40	7.49	213077.00	158655328	0	7.504	7.568	7.727	7.879	7.604	7.357	213077	227296	233795	291799.063	37.172	30.42	50.676
2016/09/07	7.50	7.51	7.46	7.49	162546.00	121721296	0	7.51	7.547	7.706	7.856	7.611	7.362	162546	189384	229166.797	286514.313	38.115	32.985	48.374
2016/09/08	7.49	7.58	7.46	7.54	167904.00	126286968	0	7.524	7.535	7.695	7.83	7.62	7.368	167904	190886.594	226290.203	274219	44.854	36.941	60.68
2016/09/09	7.50	7.55	7.46	7.46	120726.00	90558704	0	7.498	7.515	7.676	7.803	7.627	7.372	120726	170924.406	211388.594	265132.594	43.034	38.972	51.158
2016/09/12	7.40	7.44	7.20	7.41	351627.00	257253632	0	7.478	7.491	7.641	7.776	7.632	7.376	351627	203176	232464.406	252421.797	45.356	41.1	53.868
2016/09/13	7.43	7.45	7.32	7.38	135189.00	99513160	0	7.456	7.48	7.608	7.747	7.638	7.38	135189	187598.406	207447.203	235235.094	44.523	42.241	49.087
2016/09/14	7.36	7.36	7.24	7.33	135197.00	98558080	0	7.424	7.467	7.577	7.71	7.642	7.385	135197	182128.594	185756.297	226417.844	40	41.494	37.011
2016/09/19	7.33	7.37	7.33	7.37	133444.00	98103448	0	7.39	7.457	7.549	7.682	7.65	7.39	133444	175236.594	183061.594	221237.25	40.158	41.049	38.378
2016/09/20	7.41	7.41	7.31	7.36	106317.00	78015728	0	7.37	7.434	7.524	7.661	7.659	7.394	106317	172354.797	171639.594	209794.594	40.807	40.968	40.486
2016/09/21	7.35	7.38	7.31	7.37	80361.00	59151944	0	7.362	7.42	7.506	7.641	7.667	7.4	80361	118101.602	160638.797	200021.453	42.117	41.351	43.649
2016/09/22	7.40	7.55	7.37	7.53	240712.00	180001920	0	7.392	7.424	7.496	7.626	7.677	7.406	240712	139206.203	163402.297	198598.656	57.026	46.576	77.925
2016/09/23	7.53	7.56	7.45	7.51	117765.00	88297456	0	7.428	7.426	7.486	7.613	7.688	7.412	117765	135719.797	158924.203	194045.5	66.721	53.291	93.58
2016/09/26	7.52	7.56	7.32	7.34	168291.00	125697912	0	7.422	7.406	7.47	7.599	7.697	7.413	168291	142689.203	158962.906	192626.547	57.443	54.675	62.98
2016/09/27	7.30	7.34	7.22	7.31	152804.00	111230496	0	7.412	7.391	7.453	7.581	7.706	7.413	152804	151986.594	162170.703	186779.656	47.119	52.156	37.045
2016/09/28	7.36	7.46	7.25	7.41	217019.00	160617408	0	7.42	7.391	7.441	7.557	7.714	7.414	217019	179318.203	148709.906	190587.156	50.04	51.451	47.219
2016/09/29	7.33	7.38	7.28	7.32	158784.00	116210520	0	7.378	7.385	7.432	7.533	7.717	7.415	158784	162932.594	151069.406	179258.297	43.164	48.689	32.115
2016/09/30	7.29	7.31	7.24	7.24	235367.00	171154640	0	7.324	7.376	7.422	7.51	7.719	7.416	235367	186453	161086.406	173421.344	30.737	42.705	6.801
2016/10/10	7.25	7.32	7.21	7.32	151398.00	110061032	0	7.32	7.371	7.414	7.489	7.722	7.417	151398	183074.406	162881.797	172971.703	30.967	38.792	15.318
2016/10/11	7.31	7.39	7.29	7.34	145069.00	106525752	0	7.326	7.369	7.402	7.473	7.725	7.419	145069	181527.406	166757	169198.297	33.026	36.87	25.337
2016/10/12	7.32	7.33	7.24	7.28	180555.00	131207720	0	7.3	7.36	7.39	7.457	7.725	7.42	180555	174234.594	176776.406	168707.594	28.684	34.141	17.769
2016/10/13	7.27	7.28	7.22	7.25	159690.00	115626024	0	7.286	7.332	7.378	7.441	7.712	7.42	159690	174415.797	168674.203	166038.25	22.932	30.405	7.986
2016/10/14	7.24	7.66	7.22	7.62	434537.00	322810304	0	7.362	7.343	7.385	7.439	7.708	7.423	434537	214249.797	200351.406	179637.797	45.658	35.49	65.996
2016/10/17	7.59	7.61	7.48	7.52	403003.00	303500352	0	7.402	7.361	7.384	7.434	7.701	7.426	403003	264570.813	223822.594	191392.75	53.402	41.46	77.285
2016/10/18	7.51	7.62	7.43	7.59	315112.00	237699888	0	7.452	7.389	7.39	7.432	7.695	7.43	315112	298579.406	240053.406	201112.047	63.749	48.89	93.468
2016/10/19	7.60	7.78	7.55	7.67	432430.00	331905408	0	7.53	7.415	7.403	7.432	7.688	7.435	432430	348954.406	261594.5	205152.203	69.4	55.727	96.747
2016/10/20	7.61	7.67	7.51	7.59	196387.00	149007680	0	7.598	7.442	7.413	7.436	7.684	7.44	196387	356293.813	265354.813	208212.094	68.489	59.981	85.505
2016/10/21	7.59	7.66	7.43	7.47	334023.00	251665728	0	7.568	7.465	7.42	7.436	7.679	7.446	334023	336191	275220.406	218153.406	60.54	60.167	61.286
2016/10/24	7.45	7.60	7.42	7.52	333733.00	250719840	0	7.568	7.485	7.428	7.438	7.673	7.452	333733	322337	293453.906	228167.844	58.217	59.517	55.617
2016/10/25	7.53	7.55	7.42	7.53	245461.00	183478864	0	7.556	7.504	7.437	7.436	7.67	7.457	245461	308406.813	303493.094	235125.047	57.264	58.766	54.259
2016/10/26	7.52	7.52	7.40	7.44	225311.00	167799664	0	7.51	7.52	7.44	7.433	7.666	7.463	225311	266983	307968.688	242372.547	51.271	56.268	41.278
2016/10/27	7.42	7.44	7.35	7.40	120902.00	89449208	0	7.472	7.535	7.434	7.43	7.655	7.468	120902	251886	304089.906	236382.047	38.057	50.198	13.775
2016/10/28	7.43	7.48	7.35	7.36	144205.00	106958840	0	7.45	7.509	7.426	7.426	7.641	7.472	144205	213922.406	275056.688	237704.047	26.146	42.18	-5.922
2016/10/31	7.36	7.42	7.35	7.40	112885.00	83394032	0	7.426	7.497	7.429	7.421	7.626	7.476	112885	169752.797	246044.906	234933.75	21.307	35.223	-6.524
2016/11/01	7.43	7.44	7.39	7.43	136291.00	101007248	0	7.406	7.481	7.435	7.42	7.612	7.477	136291	147918.797	228162.797	234108.094	22.538	30.994	5.625
2016/11/02	7.48	7.57	7.46	7.47	288492.00	216399056	0	7.412	7.461	7.438	7.422	7.599	7.477	288492	160555	213769	237681.75	27.929	29.972	23.841
2016/11/03	7.48	7.66	7.47	7.55	427988.00	323021760	0	7.442	7.457	7.45	7.428	7.588	7.478	427988	221972.203	236929.094	251141.953	40.124	33.356	53.66
2016/11/04	7.54	7.56	7.47	7.49	204011.00	153228992	0	7.468	7.459	7.462	7.433	7.572	7.481	204011	233933.406	223927.906	249574.156	41.803	36.172	53.066
2016/11/07	7.49	7.52	7.42	7.49	154948.00	115685712	0	7.486	7.456	7.47	7.437	7.56	7.483	154948	242346	206049.406	249751.656	42.923	38.422	51.923
2016/11/08	7.54	7.54	7.41	7.43	277437.00	206603232	0	7.486	7.446	7.475	7.44	7.55	7.48	277437	270575.188	209247	256370.047	37.217	38.021	35.611
2016/11/09	7.42	7.42	7.29	7.37	293884.00	216160912	0	7.466	7.439	7.479	7.44	7.54	7.477	293884	271653.594	216104.297	262036.5	32.019	36.02	24.016
2016/11/10	7.40	7.51	7.36	7.47	324088.00	241566896	0	7.45	7.446	7.49	7.438	7.532	7.477	324088	250873.594	236422.906	270256.406	37.562	36.534	39.618
2016/11/11	7.45	7.56	7.43	7.55	593645.00	445013440	0	7.462	7.465	7.487	7.439	7.526	7.476	593645	328800.406	281366.906	278211.813	48.465	40.511	64.373
2016/11/14	7.56	7.74	7.53	7.67	812849.00	620738944	0	7.498	7.492	7.495	7.45	7.524	7.477	812849	460380.594	351363.313	298704.094	60.458	47.16	87.054
2016/11/15	7.70	7.83	7.59	7.65	719963.00	554404800	0	7.542	7.514	7.497	7.461	7.521	7.479	719963	548885.813	409730.5	318946.656	62.528	52.282	83.018
2016/11/16	7.62	7.74	7.55	7.65	436708.00	332140864	0	7.598	7.532	7.497	7.469	7.513	7.482	436708	577450.625	424552.094	319160.563	63.907	56.157	79.407
2016/11/17	7.64	7.85	7.56	7.78	820470.00	634332544	0	7.66	7.555	7.506	7.485	7.509	7.485	820470	676727	463800.313	350364.688	71.772	61.362	92.59
2016/11/18	7.79	7.79	7.58	7.60	489636.00	375357280	0	7.67	7.566	7.512	7.497	7.503	7.486	489636	655925.188	492362.813	358145.344	66.3	63.008	72.884
2016/11/21	7.57	7.69	7.54	7.61	323589.00	246650960	0	7.658	7.578	7.517	7.506	7.498	7.488	323589	558073.188	509226.906	357638.156	63.248	63.088	63.567
2016/11/22	7.62	7.66	7.53	7.64	382962.00	290998144	0	7.656	7.599	7.523	7.516	7.495	7.493	382962	490673	519779.406	364513.188	61.213	62.463	58.712
2016/11/23	7.65	7.70	7.56	7.57	367850.00	280558080	0	7.64	7.619	7.529	7.526	7.492	7.498	367850	476901.406	527176	371640.156	51.92	58.948	37.862
2016/11/24	7.56	7.70	7.53	7.63	442755.00	336672224	0	7.61	7.635	7.541	7.539	7.49	7.504	442755	401358.406	539042.688	387732.813	45.03	54.309	26.471
2016/11/25	7.63	7.75	7.55	7.74	745179.00	572230016	0	7.638	7.654	7.559	7.543	7.491	7.512	745179	452467	554196.125	417781.5	51.895	53.504	48.676
2016/11/28	7.75	7.92	7.69	7.86	920232.00	719018944	0	7.688	7.673	7.582	7.554	7.494	7.519	920232	571795.625	564934.375	458148.844	62.802	56.603	75.198
2016/11/29	7.81	8.10	7.75	7.94	1221947.00	971651712	0	7.748	7.702	7.608	7.566	7.499	7.527	1221947	739592.625	615132.813	512431.656	65.844	59.684	78.166
2016/11/30	7.93	8.03	7.84	7.95	680195.00	538497216	0	7.824	7.732	7.632	7.575	7.504	7.534	680195	802061.625	639481.5	532016.813	68.458	62.608	80.156
2016/12/01	7.83	8.10	7.79	8.03	737745.00	585694912	0	7.904	7.757	7.656	7.59	7.513	7.541	737745	861059.625	631209	547504.625	74.878	66.698	91.238
2016/12/02	8.00	8.20	7.85	7.87	886796.00	714825344	0	7.93	7.784	7.675	7.603	7.519	7.547	886796	889383	670925	581643.875	66.834	66.744	67.015
2016/12/05	7.72	8.04	7.71	7.89	487469.00	383043680	0	7.936	7.812	7.695	7.615	7.527	7.553	487469	802830.375	687313	598269.938	62.467	65.318	56.764
2016/12/06	7.87	7.89	7.67	7.68	369579.00	286297600	0	7.884	7.816	7.707	7.62	7.528	7.558	369579	632356.813	685974.688	602877.063	49.107	59.914	27.493
2016/12/07	7.68	7.72	7.55	7.65	337408.00	256960208	0	7.824	7.824	7.721	7.627	7.53	7.563	337408	563799.375	682930.5	605053.25	37.866	52.565	8.469
2016/12/08	7.67	7.74	7.60	7.61	292841.00	224363296	0	7.74	7.822	7.728	7.634	7.532	7.568	292841	474818.594	667939.125	603490.875	28.321	44.484	-4.004
2016/12/09	7.60	7.62	7.46	7.60	525036.00	395045600	0	7.686	7.808	7.731	7.642	7.534	7.573	525036	402466.594	645924.813	600060.438	25.187	38.051	-0.542
2016/12/12	7.55	7.58	7.25	7.32	603583.00	444326144	0	7.572	7.754	7.714	7.64	7.53	7.575	603583	425689.406	614259.875	589597.125	19.247	31.783	-5.824
2016/12/13	7.28	7.32	7.11	7.22	308233.00	222309328	0	7.48	7.682	7.692	7.633	7.527	7.576	308233	413420.188	522888.5	569010.625	16.196	26.587	-4.588
2016/12/14	7.20	7.22	7.05	7.09	310032.00	220486592	0	7.368	7.596	7.664	7.62	7.521	7.576	310032	407945	485872.188	562676.875	11.956	21.71	-7.552
2016/12/15	7.06	7.14	6.98	7.00	380557.00	268193792	0	7.246	7.493	7.625	7.602	7.515	7.576	380557	425488.188	450153.406	540681.188	8.6	17.34	-8.881
2016/12/16	7.00	7.08	6.98	7.06	216933.00	152720896	0	7.138	7.412	7.598	7.587	7.51	7.576	216933	363867.594	383167.094	527046.063	8.664	14.448	-2.905
2016/12/19	7.05	7.18	7.00	7.06	282873.00	200506000	0	7.086	7.329	7.57	7.573	7.505	7.577	282873	299725.594	362707.5	525010.25	9.285	12.727	2.4
2016/12/20	7.06	7.06	6.93	7.02	274340.00	191494304	0	7.046	7.263	7.539	7.559	7.499	7.579	274340	292947	353183.594	519579.156	9.893	11.782	6.115
2016/12/21	7.04	7.49	7.03	7.32	875855.00	639542336	0	7.092	7.23	7.527	7.558	7.499	7.583	875855	406111.594	407028.313	544979.375	25.436	16.334	43.641
2016/12/22	7.25	7.38	7.20	7.26	468368.00	341141280	0	7.144	7.195	7.509	7.551	7.494	7.586	468368	423673.813	424581	546260.063	33.881	22.183	57.276
2016/12/23	7.22	7.32	7.13	7.21	343713.00	247880704	0	7.174	7.156	7.482	7.539	7.489	7.588	343713	449029.813	406448.688	526186.75	39.254	27.873	62.015
2016/12/26	7.13	7.20	7.05	7.18	208019.00	148110960	0	7.198	7.142	7.448	7.523	7.486	7.592	208019	434059	366892.313	490576.094	41.05	32.265	58.62
2016/12/27	7.17	7.23	7.15	7.16	150821.00	108220944	0	7.226	7.136	7.409	7.507	7.484	7.595	150821	409355.188	351151.094	437019.813	41.057	35.196	52.78
2016/12/28	7.16	7.17	7.09	7.11	191932.00	136578176	0	7.184	7.138	7.367	7.489	7.479	7.597	191932	272570.594	339341.094	412606.656	38.086	36.159	41.939
2016/12/29	7.08	7.22	7.08	7.18	187640.00	134415760	0	7.168	7.156	7.325	7.469	7.477	7.597	187640	216425	320049.406	385101.406	40.271	37.53	45.754
2016/12/30	7.18	7.25	7.13	7.20	185865.00	133333168	0	7.166	7.17	7.291	7.455	7.476	7.598	185865	184855.406	316942.594	350054.844	42.919	39.326	50.105
2017/01/03	7.18	7.25	7.18	7.21	154300.00	111348960	0	7.172	7.185	7.257	7.442	7.474	7.598	154300	174111.594	304085.313	333396.406	41.656	40.103	44.763
2017/01/04	7.22	7.29	7.20	7.26	181389.00	131475680	0	7.192	7.209	7.236	7.429	7.473	7.599	181389	180225.203	294790.188	323986.906	48.983	43.063	60.823
2017/01/05	7.29	7.36	7.27	7.30	276357.00	202035824	0	7.23	7.207	7.219	7.42	7.473	7.599	276357	197110.203	234840.406	320934.344	59.537	48.554	81.502
2017/01/06	7.33	7.41	7.32	7.38	415479.00	306506240	0	7.27	7.219	7.207	7.412	7.475	7.594	415479	242678	229551.5	327066.25	70.247	55.785	99.17
2017/01/09	7.35	7.45	7.28	7.41	205779.00	151271808	0	7.312	7.239	7.198	7.401	7.472	7.59	205779	246660.797	215758.094	311103.406	76.561	62.71	104.262
2017/01/10	7.41	7.96	7.37	7.63	704732.00	540143232	0	7.396	7.284	7.213	7.393	7.474	7.588	704732	356747.188	265429.406	316160.844	71.874	65.765	84.092
2017/01/11	7.54	7.59	7.38	7.41	372564.00	278624320	0	7.426	7.309	7.222	7.376	7.471	7.583	372564	394982.188	287603.688	319377.406	60.416	63.982	53.284
2017/01/12	7.41	7.43	7.34	7.35	129249.00	95190200	0	7.436	7.333	7.235	7.356	7.465	7.577	129249	365560.594	281335.406	310338.25	49.113	59.026	29.287
2017/01/13	7.35	7.44	7.33	7.41	176227.00	130320600	0	7.442	7.356	7.256	7.335	7.462	7.573	176227	317710.188	280194.094	300121.75	42.571	53.541	20.631
2017/01/16	7.45	7.54	7.30	7.50	527862.00	391976352	0	7.46	7.386	7.278	7.323	7.463	7.571	527862	382126.813	314393.813	315668.188	41.538	49.54	25.536
2017/01/17	7.45	7.52	7.38	7.48	123529.00	91982904	0	7.43	7.413	7.299	7.309	7.462	7.568	123529	265886.188	311316.688	307701	37.837	45.639	22.234
2017/01/18	7.48	7.68	7.48	7.65	312964.00	237922576	0	7.478	7.452	7.331	7.308	7.464	7.567	312964	253966.203	324474.188	309632.188	43.362	44.88	40.326
2017/01/19	7.59	7.72	7.54	7.59	213290.00	162826512	0	7.526	7.481	7.344	7.306	7.467	7.566	213290	270774.406	318167.5	276503.938	44.104	44.621	43.07
2017/01/20	7.55	7.67	7.52	7.59	133099.00	101217696	0	7.562	7.502	7.36	7.305	7.47	7.562	133099	262148.813	289929.5	259740.5	44.049	44.431	43.286
2017/01/23	7.58	7.65	7.54	7.61	123249.00	93553328	0	7.584	7.522	7.38	7.306	7.474	7.558	123249	181226.203	281676.5	248717.297	53.969	47.61	66.688
2017/01/24	7.61	7.62	7.52	7.56	114761.00	86775144	0	7.6	7.515	7.399	7.314	7.477	7.551	114761	179472.594	222679.406	244054.406	56.614	50.612	68.62
2017/01/25	7.53	7.61	7.53	7.59	103506.00	78523816	0	7.588	7.533	7.421	7.326	7.479	7.545	103506	137581	195773.594	241688.656	60.759	53.994	74.289
2017/01/26	7.59	7.61	7.55	7.58	127254.00	96429856	0	7.586	7.556	7.444	7.342	7.481	7.54	127254	120373.797	195574.094	238454.75	62.728	56.905	74.374
2017/02/03	7.58	7.58	7.48	7.50	100649.00	75706944	0	7.568	7.565	7.461	7.359	7.48	7.534	100649	113883.797	188016.297	234105.203	53.583	55.798	49.154
2017/02/06	7.49	7.51	7.34	7.41	248107.00	183420992	0	7.528	7.556	7.471	7.371	7.479	7.525	248107	138855.406	160040.797	237217.297	41.863	51.153	23.282
2017/02/07	7.40	7.42	7.35	7.41	117722.00	86899960	0	7.498	7.549	7.481	7.382	7.478	7.519	117722	139447.594	159460.094	235388.406	34.049	45.452	11.243
2017/02/08	7.41	7.46	7.38	7.44	167821.00	124665456	0	7.468	7.528	7.49	7.396	7.478	7.514	167821	152310.594	144945.797	234710	32.8	41.234	15.932
2017/02/09	7.43	7.47	7.39	7.44	304291.00	225927584	0	7.44	7.513	7.497	7.4	7.479	7.51	304291	187718	154045.906	236106.703	32.619	38.363	21.133
2017/02/10	7.44	7.53	7.41	7.51	386805.00	289754176	0	7.442	7.505	7.503	7.409	7.48	7.506	386805	244949.203	179416.5	234673	41.984	39.57	46.813
2017/02/13	7.50	7.58	7.48	7.52	463709.00	348378112	0	7.464	7.496	7.509	7.419	7.479	7.503	463709	288069.594	213462.5	247569.5	50.212	43.117	64.401
2017/02/14	7.53	7.55	7.48	7.53	202759.00	152348752	0	7.488	7.493	7.504	7.431	7.477	7.501	202759	305077	222262.297	222470.844	56.931	47.722	75.35
2017/02/15	7.55	7.75	7.51	7.53	532330.00	404010432	0	7.506	7.487	7.51	7.443	7.475	7.498	532330	377978.813	265144.688	230459.156	53.401	49.615	60.974
2017/02/16	7.54	7.62	7.49	7.60	302326.00	228463600	0	7.538	7.489	7.523	7.459	7.474	7.494	302326	377585.813	282651.906	239113	56.739	51.99	66.238
2017/02/17	7.59	7.69	7.58	7.60	402055.00	306946656	0	7.556	7.499	7.532	7.473	7.471	7.49	402055	380635.813	312792.5	250404.406	58.659	54.213	67.552
2017/02/20	7.60	7.92	7.58	7.87	917504.00	715016064	0	7.626	7.545	7.55	7.496	7.476	7.489	917504	471394.813	379732.188	269886.5	69.353	59.26	89.54
2017/02/21	7.88	7.98	7.79	7.91	475182.00	375047200	0	7.702	7.595	7.572	7.519	7.481	7.489	475182	525879.375	415478.188	287469.156	75.614	64.711	97.42
2017/02/22	7.95	7.98	7.86	7.91	381536.00	302290592	0	7.778	7.642	7.585	7.541	7.485	7.49	381536	495720.594	436849.688	290897.75	79.649	69.69	99.566
2017/02/23	7.90	8.11	7.76	7.82	410579.00	324635296	0	7.822	7.68	7.596	7.558	7.489	7.49	410579	517371.188	447478.5	300762.188	71.089	70.157	72.953
2017/02/24	7.81	8.35	7.71	8.07	1088544.00	876365888	0	7.916	7.736	7.621	7.581	7.497	7.493	1088544	654669	517652.406	348534.438	69.998	70.104	69.786
2017/02/27	7.86	8.00	7.80	7.87	575450.00	454352320	0	7.916	7.771	7.634	7.596	7.499	7.495	575450	586258.188	528826.5	371144.5	61.394	67.2	49.781
2017/02/28	7.85	7.95	7.84	7.90	227097.00	179346848	0	7.914	7.808	7.65	7.605	7.499	7.497	227097	536641.188	531260.313	376761.313	56.821	63.741	42.981
2017/03/01	7.92	8.27	7.89	8.08	660282.00	536228000	0	7.948	7.863	7.675	7.628	7.502	7.5	660282	592390.375	544055.5	404600.094	59.526	62.336	53.905
2017/03/02	8.09	8.14	7.95	7.97	300982.00	241798656	0	7.978	7.9	7.694	7.648	7.502	7.503	300982	570471	543921.125	413286.5	56.567	60.413	48.875
2017/03/03	7.92	7.97	7.84	7.92	294206.00	232110112	0	7.948	7.932	7.715	7.665	7.5	7.506	294206	411603.406	533136.188	422964.344	48.649	56.491	32.963
2017/03/06	7.88	8.02	7.85	7.98	290460.00	230436640	0	7.97	7.943	7.744	7.681	7.502	7.511	290460	354605.406	470431.813	425082	46.495	53.159	33.166
2017/03/07	7.98	8.04	7.90	7.91	222497.00	177298688	0	7.972	7.943	7.769	7.696	7.502	7.514	222497	353685.406	445163.313	430320.75	41.413	49.244	25.752
2017/03/08	7.91	7.98	7.81	7.96	343618.00	270266592	0	7.948	7.948	7.795	7.706	7.507	7.517	343618	290352.594	441371.5	439110.594	40.63	46.372	29.144
2017/03/09	7.98	8.05	7.84	7.95	453213.00	359684608	0	7.944	7.961	7.82	7.718	7.512	7.521	453213	320798.813	445634.906	446556.688	37.725	43.49	26.194
2017/03/10	8.01	8.10	7.94	7.96	373462.00	299411456	0	7.952	7.95	7.843	7.73	7.518	7.525	373462	336650	374126.688	445889.563	36.019	41	26.059
2017/03/13	7.92	8.16	7.85	8.02	446742.00	358372480	0	7.96	7.965	7.868	7.744	7.525	7.53	446742	367906.406	361255.906	445041.188	39.23	40.41	36.871
2017/03/14	8.08	8.18	8.03	8.09	534782.00	433146816	0	7.996	7.984	7.896	7.762	7.538	7.534	534782	430363.406	392024.406	461642.344	51.379	44.066	66.004
2017/03/15	8.10	8.33	8.07	8.24	851370.00	700635200	0	8.052	8	7.931	7.783	7.555	7.541	851370	531913.813	411133.188	477594.344	61.817	49.983	85.484
2017/03/16	8.31	8.35	8.18	8.28	504031.00	417107904	0	8.118	8.031	7.965	7.807	7.575	7.548	504031	542077.375	431438.094	487679.594	70.223	56.73	97.211
2017/03/17	8.28	8.31	8.12	8.15	305802.00	251618400	0	8.156	8.054	7.993	7.828	7.594	7.554	305802	528545.375	432597.688	482866.938	67.803	60.421	82.568
2017/03/20	8.11	8.17	7.94	8.08	336835.00	271166816	0	8.168	8.064	8.003	7.851	7.611	7.561	336835	506564	437235.188	453833.5	61.869	60.904	63.799
2017/03/21	8.07	8.09	7.99	8.07	234329.00	188460720	0	8.164	8.08	8.012	7.873	7.628	7.566	234329	446473.406	438418.406	441790.844	56.279	59.362	50.112
2017/03/22	8.05	8.35	8.01	8.30	705307.00	579546688	0	8.176	8.114	8.031	7.901	7.649	7.574	705307	417260.813	474587.313	457979.406	67.519	62.081	78.395
2017/03/23	8.40	8.70	8.39	8.49	865446.00	738411904	0	8.218	8.168	8.064	7.936	7.668	7.583	865446	489543.813	515810.594	480722.75	70.111	64.758	80.817
2017/03/24	8.52	8.79	8.42	8.72	535411.00	461080160	0	8.332	8.244	8.097	7.977	7.693	7.593	535411	535465.625	532005.5	453066.094	77.329	68.948	94.09
2017/03/27	8.72	8.74	8.59	8.60	384110.00	332228256	0	8.436	8.302	8.134	8.013	7.716	7.602	384110	544920.625	525742.313	443499.094	77.435	71.777	88.751
2017/03/28	8.60	8.66	8.20	8.32	597085.00	499896960	0	8.486	8.325	8.155	8.039	7.735	7.611	597085	617471.813	531972.625	461998.5	66.525	70.026	59.523
2017/03/29	8.32	8.51	8.26	8.37	403931.00	339537664	0	8.5	8.338	8.169	8.067	7.755	7.62	403931	557196.625	487228.688	449180.938	61.213	67.088	49.462
2017/03/30	8.36	8.36	8.14	8.32	445818.00	367245888	0	8.466	8.342	8.186	8.091	7.775	7.627	445818	473271	481407.406	456422.75	55.711	63.296	40.54
2017/03/31	8.23	8.33	8.15	8.29	284416.00	234491264	0	8.38	8.356	8.205	8.114	7.794	7.635	284416	423072	479268.813	455933.25	49.64	58.744	31.433
2017/04/05	8.45	8.58	8.28	8.44	423235.00	355950656	0	8.348	8.392	8.228	8.133	7.814	7.645	423235	430897	487908.813	462572	51.47	56.319	41.77
2017/04/06	8.43	8.59	8.35	8.59	439729.00	372769472	0	8.402	8.444	8.262	8.156	7.837	7.656	439729	399425.813	508448.813	473433.594	57.39	56.676	58.818
2017/04/07	8.57	9.34	8.55	9.00	1192819.00	1077386880	0	8.528	8.514	8.314	8.192	7.866	7.67	1192819	557203.375	557200	515893.656	62.149	58.5	69.446
2017/04/10	8.98	9.79	8.80	9.65	1088310.00	1014549248	0	8.794	8.63	8.399	8.253	7.905	7.689	1088310	685701.813	579486.375	547648.5	71.938	62.979	89.854
2017/04/11	9.50	9.70	9.35	9.62	619948.00	590862720	0	9.06	8.72	8.482	8.305	7.943	7.709	619948	752808.188	587940.125	559972.813	77.857	67.939	97.695
2017/04/12	9.50	9.56	9.10	9.42	454374.00	424090688	0	9.256	8.802	8.552	8.356	7.976	7.724	454374	759036	594966.5	560354.375	77.764	71.214	90.863
2017/04/13	9.27	9.54	9.24	9.37	342965.00	321709792	0	9.412	8.907	8.616	8.405	8.005	7.74	342965	739683.188	569554.5	550763.563	76.691	73.039	83.994
2017/04/14	9.47	9.50	9.11	9.41	397920.00	371549024	0	9.494	9.011	8.674	8.45	8.039	7.755	397920	580703.375	568953.375	528091.063	76.737	74.272	81.667
2017/04/17	9.28	9.36	9.12	9.30	316748.00	292538560	0	9.424	9.109	8.726	8.494	8.071	7.768	316748	426391	556046.375	518726.906	73.675	74.073	72.878
2017/04/18	9.28	9.34	9.10	9.12	225229.00	208090272	0	9.324	9.192	8.774	8.534	8.1	7.781	225229	347447.188	550127.688	514698.25	66.94	71.695	57.431
2017/04/19	9.08	9.20	8.89	9.12	364123.00	328465216	0	9.264	9.26	8.826	8.572	8.127	7.795	364123	329397	544216.5	516062.656	59.95	67.78	44.288
2017/04/20	9.05	9.21	8.94	9.15	273265.00	248737056	0	9.22	9.316	8.88	8.613	8.155	7.808	273265	315457	527570.125	518009.438	51.751	62.437	30.379
2017/04/21	9.14	9.46	9.06	9.39	419231.00	390357792	0	9.216	9.355	8.934	8.661	8.184	7.824	419231	319719.188	450211.313	503705.656	55.077	59.984	45.263
2017/04/24	9.53	9.60	9.07	9.37	458928.00	426035680	0	9.23	9.327	8.979	8.708	8.213	7.84	458928	348155.188	387273.094	483379.75	59.253	59.74	58.279
2017/04/25	9.27	9.34	8.95	9.03	395719.00	358087872	0	9.212	9.268	8.994	8.744	8.237	7.853	395719	382253.188	364850.188	476395.156	46.075	55.185	27.854
2017/04/26	8.99	9.00	8.72	8.73	544466.00	478969216	0	9.134	9.199	9	8.768	8.256	7.865	544466	418321.813	373859.406	484412.938	31.095	47.155	-1.024
2017/04/27	8.69	9.04	8.57	9.04	420315.00	371357216	0	9.112	9.166	9.036	8.799	8.281	7.879	420315	447731.813	381594.406	475574.438	35.941	43.417	20.988