'601288'	农业银行	日线
日期	开盘	最高	最低	收盘	成交量	成交额	成交笔数	MA1	MA2	MA3	MA4	MA5	MA6		MA1	MA2	MA3	K	D	J
2014/12/30	3.44	3.59	3.41	3.54	9340923.00	3281640704	0	3.398	3.355	3.227	3.044	2.779	2.622	9340923	9941574	12127947	11631577	73.037	67.615	83.881
2014/12/31	3.55	3.77	3.50	3.71	13637367.00	4973496320	0	3.498	3.402	3.266	3.083	2.8	2.633	13637367	10824821	11880436	11705858	78.85	71.36	93.83
2015/01/05	3.76	3.92	3.72	3.89	14404796.00	5486170624	0	3.608	3.475	3.308	3.128	2.823	2.645	14404796	11832706	12518546	11886247	84.584	75.768	102.216
2015/01/06	3.81	4.13	3.78	3.95	15092859.00	5975994880	0	3.706	3.546	3.34	3.174	2.848	2.659	15092859	12949928	13080826	11739526	83.537	78.358	93.896
2015/01/07	3.90	3.99	3.82	3.89	9633187.00	3760354560	0	3.796	3.579	3.366	3.219	2.871	2.672	9633187	12421826	11681452	11467017	80.777	79.165	84.003
2015/01/08	3.90	3.93	3.71	3.73	8456808.00	3190135040	0	3.834	3.616	3.401	3.256	2.892	2.683	8456808	12245003	11093289	10975111	72.692	77.007	64.063
2015/01/09	3.70	4.02	3.64	3.76	16490178.00	6249768960	0	3.844	3.671	3.434	3.293	2.914	2.695	16490178	12815566	11820193	11204142	66.935	73.65	53.506
2015/01/12	3.70	3.76	3.60	3.67	8255471.00	3037865984	0	3.8	3.704	3.464	3.325	2.934	2.705	8255471	11585701	11709203	11247515	57.512	68.271	35.996
2015/01/13	3.65	3.70	3.62	3.66	4375984.00	1603502080	0	3.742	3.724	3.496	3.352	2.954	2.716	4375984	9442326	11196127	11197613	49.916	62.152	25.442
2015/01/14	3.67	3.79	3.67	3.73	6501410.00	2427109376	0	3.71	3.753	3.532	3.383	2.975	2.728	6501410	8815970	10618898	11271367	45.446	56.584	23.172
2015/01/15	3.72	3.87	3.68	3.86	8002042.00	3024979968	0	3.736	3.785	3.57	3.413	2.998	2.74	8002042	8725017	10485010	11306479	46.65	53.272	33.405
2015/01/16	3.89	3.99	3.86	3.94	10038200.00	3950040320	0	3.772	3.808	3.605	3.447	3.023	2.753	10038200	7434621.5	10125094	11002765	52.484	53.009	51.432
2015/01/19	3.67	3.78	3.55	3.55	10241362.00	3735646976	0	3.748	3.774	3.625	3.463	3.041	2.763	10241362	7831799.5	9708750	11113648	34.989	47.003	10.962
2015/01/20	3.53	3.64	3.48	3.57	7506245.00	2672988928	0	3.73	3.736	3.641	3.472	3.06	2.773	7506245	8457852	8950089	11015457	28.882	40.962	4.72
2015/01/21	3.59	3.82	3.55	3.77	10120540.00	3720674816	0	3.738	3.724	3.651	3.486	3.082	2.784	10120540	9181678	8998824	10340138	37.156	39.693	32.08
2015/01/22	3.76	3.76	3.66	3.73	7062514.00	2627961856	0	3.712	3.724	3.67	3.508	3.103	2.794	7062514	8993772	8859395	9976342	41.11	40.166	42.999
2015/01/23	3.74	3.84	3.71	3.74	8969481.00	3374609152	0	3.672	3.722	3.697	3.53	3.124	2.804	8969481	8780028	8107325	9963759	44.4	41.577	50.046
2015/01/26	3.73	3.73	3.65	3.71	5391733.00	1988524416	0	3.704	3.726	3.715	3.552	3.145	2.814	5391733	7810102.5	7820951	9765077	44.633	42.596	48.707
2015/01/27	3.71	3.71	3.55	3.62	6660681.00	2413402880	0	3.714	3.722	3.723	3.571	3.162	2.823	6660681	7640990	8049421	9622774	38.906	41.366	33.985
2015/01/28	3.59	3.65	3.56	3.58	3768612.00	1355516544	0	3.676	3.707	3.73	3.59	3.18	2.832	3768612	6370604	7776141	9197520	32.473	38.401	20.616
2015/01/29	3.51	3.55	3.47	3.50	5251510.00	1841374208	0	3.63	3.671	3.728	3.604	3.195	2.84	5251510	6008403.5	7501088	8993049	24.351	33.718	5.618
2015/01/30	3.52	3.55	3.45	3.46	3655588.00	1278243200	0	3.574	3.623	3.716	3.611	3.211	2.848	3655588	4945625	6862826.5	8493960	17.089	28.175	-5.083
2015/02/02	3.38	3.42	3.31	3.33	4155746.00	1401030272	0	3.498	3.601	3.688	3.617	3.225	2.855	4155746	4698427.5	6254265	7981507.5	12.65	23	-8.049
2015/02/03	3.35	3.42	3.33	3.40	3725064.00	1255367552	0	3.454	3.584	3.66	3.622	3.24	2.862	3725064	4111304	5876147	7413118	14.094	20.031	2.219
2015/02/04	3.41	3.45	3.35	3.36	3158060.00	1074703488	0	3.41	3.543	3.634	3.615	3.254	2.869	3158060	3989193.5	5179899	7089361.5	12.541	17.535	2.553
2015/02/05	3.56	3.57	3.30	3.32	11612719.00	4001022720	0	3.374	3.502	3.613	3.614	3.264	2.876	11612719	5261435.5	5634919.5	7247157	9.911	14.993	-0.254
2015/02/06	3.29	3.31	3.18	3.22	5691606.00	1853260544	0	3.326	3.45	3.586	3.614	3.274	2.882	5691606	5668639	5307132	6707228.5	9.123	13.037	1.296
2015/02/09	3.20	3.26	3.15	3.23	5022980.00	1606961664	0	3.306	3.402	3.564	3.611	3.284	2.888	5022980	5842086	5270256.5	6545604	11.415	12.496	9.254
2015/02/10	3.22	3.29	3.20	3.27	4775458.00	1553913344	0	3.28	3.367	3.544	3.604	3.294	2.895	4775458	6052164.5	5081734.5	6565577.5	17.134	14.042	23.318
2015/02/11	3.27	3.28	3.24	3.26	2678053.00	872335552	0	3.26	3.335	3.521	3.598	3.305	2.901	2678053	5956163	4972678.5	6374409.5	20.153	16.079	28.3
2015/02/12	3.26	3.27	3.21	3.25	2653542.00	859453440	0	3.246	3.31	3.49	3.589	3.316	2.907	2653542	4164327.75	4712881.5	6106984.5	21.372	17.843	28.429
2015/02/13	3.26	3.35	3.25	3.31	8491971.00	2797240064	0	3.264	3.295	3.459	3.575	3.329	2.914	8491971	4724401	5196520	6029673	26.946	20.878	39.084
2015/02/16	3.30	3.31	3.27	3.29	3204728.00	1053116160	0	3.276	3.291	3.446	3.555	3.342	2.92	3204728	4360750.5	5101418	5677841.5	29.075	23.61	40.006
2015/02/17	3.30	3.34	3.29	3.31	3697343.00	1223977472	0	3.284	3.282	3.433	3.534	3.354	2.927	3697343	4145127.5	5098646	5487396.5	32.082	26.434	43.378
2015/02/25	3.31	3.32	3.27	3.29	3443647.00	1133252352	0	3.29	3.275	3.409	3.514	3.366	2.934	3443647	4298246	5127204.5	5153552	44.721	32.53	69.104
2015/02/26	3.28	3.36	3.25	3.35	5798578.00	1922318720	0	3.31	3.278	3.39	3.501	3.379	2.941	5798578	4927253.5	4545790.5	5090355	61.56	42.207	100.267
2015/02/27	3.35	3.37	3.32	3.34	4331353.00	1448644480	0	3.316	3.29	3.37	3.487	3.39	2.949	4331353	4095129.75	4409765.5	4858448.5	68.491	50.968	103.537
2015/03/02	3.36	3.36	3.32	3.36	5229235.00	1747305472	0	3.33	3.303	3.352	3.477	3.401	2.956	5229235	4500031	4430391	4850323.5	76.911	59.616	111.501
2015/03/03	3.34	3.34	3.24	3.24	5742485.00	1886501120	0	3.316	3.3	3.333	3.463	3.408	2.963	5742485	4909059.5	4527093.5	4804414	57.524	58.918	54.735
2015/03/04	3.24	3.26	3.19	3.22	4745770.00	1529228928	0	3.302	3.296	3.316	3.446	3.414	2.97	4745770	5169484	4733865	4853272	43.905	53.914	23.887
2015/03/05	3.20	3.21	3.10	3.14	6108914.00	1922215552	0	3.26	3.285	3.297	3.422	3.417	2.976	6108914	5231551.5	5079402.5	4896142	34.208	47.345	7.934
2015/03/06	3.13	3.16	3.12	3.15	4439682.00	1396009856	0	3.222	3.269	3.282	3.396	3.421	2.981	4439682	5253217	4674173.5	4935346.5	28.978	41.223	4.489
2015/03/09	3.15	3.33	3.10	3.29	11759544.00	3775232768	0	3.208	3.269	3.28	3.387	3.425	2.988	11759544	6559279	5529655	5315536.5	42.776	41.741	44.846
2015/03/10	3.25	3.25	3.19	3.20	7226502.00	2324410368	0	3.2	3.258	3.27	3.375	3.423	2.993	7226502	6856082.5	5882571	5490608.5	40.863	41.448	39.693
2015/03/11	3.20	3.27	3.19	3.22	6663941.00	2152089600	0	3.2	3.251	3.263	3.356	3.421	2.999	6663941	7239716.5	6204600.5	5665902.5	42.057	41.651	42.868
2015/03/12	3.26	3.36	3.24	3.32	12376325.00	4087800320	0	3.236	3.248	3.263	3.343	3.425	3.006	12376325	8493199	6862375	5704083	56.243	46.515	75.699
2015/03/13	3.33	3.39	3.29	3.32	9230464.00	3081767424	0	3.27	3.246	3.268	3.329	3.429	3.013	9230464	9451355	7352286	5881026	62.783	51.937	84.473
2015/03/16	3.34	3.37	3.31	3.36	8261172.00	2759869440	0	3.284	3.246	3.274	3.317	3.434	3.02	8261172	8751681	7655480	6042935.5	71.74	58.538	98.144
2015/03/17	3.38	3.41	3.36	3.40	10023482.00	3391451904	0	3.324	3.262	3.281	3.31	3.44	3.028	10023482	9311077	8083579.5	6305336.5	80.085	65.721	108.813
2015/03/18	3.41	3.53	3.40	3.52	13394131.00	4641740800	0	3.384	3.292	3.294	3.308	3.449	3.036	13394131	10657115	8948416	6841140.5	85.948	72.463	112.918
2015/03/19	3.53	3.54	3.46	3.48	10537687.00	3677978624	0	3.416	3.326	3.306	3.307	3.455	3.045	10537687	10289387	9391293	7235347.5	86.087	77.004	104.251
2015/03/20	3.48	3.59	3.48	3.56	12656460.00	4464006656	0	3.464	3.367	3.318	3.31	3.461	3.054	12656460	10974586	10212971	7443572	88.224	80.744	103.185
2015/03/23	3.60	3.63	3.57	3.62	11862624.00	4271454720	0	3.516	3.4	3.335	3.32	3.468	3.063	11862624	11694877	10223279	7876467	91.392	84.294	105.589
2015/03/24	3.62	3.84	3.58	3.73	21212404.00	7820087296	0	3.582	3.453	3.355	3.331	3.477	3.073	21212404	13932661	11621869	8752220	88.15	85.579	93.293
2015/03/25	3.71	3.79	3.62	3.64	17699620.00	6535026176	0	3.606	3.495	3.373	3.34	3.478	3.083	17699620	14793759	12725437	9465019	79.979	83.712	72.512
2015/03/26	3.60	3.69	3.55	3.65	12647544.00	4588904448	0	3.64	3.528	3.388	3.351	3.483	3.093	12647544	15215730	12752559	9807467	74.703	80.709	62.69
2015/03/27	3.65	3.67	3.60	3.64	10071005.00	3658351104	0	3.656	3.56	3.403	3.365	3.49	3.103	10071005	14698639	12836613	10094450	69.246	76.888	53.963
2015/03/30	3.66	3.75	3.63	3.74	16120008.00	5965906432	0	3.68	3.598	3.422	3.382	3.497	3.113	16120008	15550116	13622496	10638988	71.922	75.233	65.3
2015/03/31	3.78	3.81	3.65	3.67	15501343.00	5785938432	0	3.668	3.625	3.444	3.396	3.5	3.123	15501343	14407904	14170283	11126931	66.369	72.278	54.551
2015/04/01	3.65	3.71	3.64	3.69	10222807.00	3761058816	0	3.678	3.642	3.467	3.41	3.504	3.133	10222807	12912541	13853150	11400783	63.69	69.416	52.24
2015/04/02	3.70	3.71	3.62	3.65	10345084.00	3783034368	0	3.678	3.659	3.493	3.423	3.506	3.143	10345084	12452049	13833890	11612591	53.955	64.262	33.34
2015/04/03	3.62	3.66	3.61	3.66	9365863.00	3407118592	0	3.682	3.669	3.518	3.435	3.505	3.152	9365863	12311021	13504830	11858900	48.613	59.046	27.749
2015/04/07	3.70	3.77	3.69	3.77	17188756.00	6411085824	0	3.688	3.684	3.542	3.451	3.503	3.163	17188756	12524771	14037443	12130361	60.614	59.569	62.705
2015/04/08	3.77	3.81	3.71	3.81	16229812.00	6114279424	0	3.716	3.692	3.572	3.468	3.501	3.174	16229812	12670464	13539184	12580527	73.743	64.293	92.642
2015/04/09	3.81	3.88	3.76	3.77	16118984.00	6122229760	0	3.732	3.705	3.6	3.484	3.499	3.185	16118984	13849700	13381121	13053279	69.4	65.995	76.209
2015/04/10	3.76	3.82	3.74	3.81	13397760.00	5066601984	0	3.764	3.721	3.625	3.499	3.5	3.196	13397760	14460235	13456142	13104350	70.958	67.65	77.575
2015/04/13	3.88	3.96	3.83	3.92	24740384.00	9601556480	0	3.816	3.749	3.655	3.518	3.503	3.208	24740384	17535140	14923080	13879846	76.829	70.709	89.068
2015/04/14	3.90	3.90	3.84	3.87	15300561.00	5920129024	0	3.836	3.762	3.68	3.535	3.506	3.22	15300561	17157500	14841135	14231816	75.981	72.467	83.01
2015/04/15	3.87	3.98	3.85	3.90	23912760.00	9340788736	0	3.854	3.785	3.705	3.557	3.51	3.232	23912760	18694090	15682277	14926280	76.78	73.905	82.532
2015/04/16	3.88	3.97	3.84	3.97	17919012.00	6996960256	0	3.894	3.813	3.727	3.582	3.514	3.244	17919012	19054096	16451898	15152524	83.619	77.143	96.572
2015/04/17	4.03	4.06	3.97	4.03	22043100.00	8858037248	0	3.938	3.851	3.755	3.612	3.517	3.258	22043100	20783164	17621700	15727795	86.377	80.221	98.689
2015/04/20	4.09	4.09	3.93	3.95	28469284.00	11478212608	0	3.944	3.88	3.775	3.639	3.517	3.27	28469284	21528944	19532042	16518436	78.637	79.693	76.526
2015/04/21	3.93	4.00	3.91	3.99	12621943.00	4987734016	0	3.968	3.902	3.793	3.662	3.524	3.283	12621943	20993220	19075360	16556402	76.234	78.54	71.623
2015/04/22	4.01	4.05	3.98	4.04	15926382.00	6386851328	0	3.996	3.925	3.809	3.69	3.532	3.296	15926382	19395944	19045016	16292101	79.394	78.825	80.533
2015/04/23	4.04	4.04	3.98	4.01	13015679.00	5214446080	0	4.004	3.949	3.827	3.716	3.536	3.309	13015679	18415278	18734686	16057904	76.006	77.885	72.249
2015/04/24	3.95	3.96	3.87	3.92	13805124.00	5413919232	0	3.982	3.96	3.841	3.736	3.539	3.321	13805124	16767682	18775422	16115783	61.338	72.369	39.274
2015/04/27	3.93	4.02	3.92	4.00	15067521.00	5999519232	0	3.992	3.968	3.859	3.759	3.544	3.334	15067521	14087330	17808136	16365608	62.225	68.988	48.699
2015/04/28	4.02	4.25	4.00	4.11	30045236.00	12330604544	0	4.016	3.992	3.877	3.784	3.55	3.348	30045236	17571988	19282604	17061870	63.435	67.137	56.03
2015/04/29	4.03	4.05	3.96	4.02	13543730.00	5434724352	0	4.012	4.004	3.895	3.805	3.557	3.36	13543730	17095458	18245702	16963990	55.448	63.24	39.862
2015/04/30	4.02	4.04	3.95	3.96	11393627.00	4540166656	0	4.002	4.003	3.908	3.819	3.563	3.372	11393627	16771048	17593162	17022530	44.86	57.114	20.352
2015/05/04	3.96	3.96	3.91	3.95	9552547.00	3758818560	0	4.008	3.995	3.923	3.835	3.571	3.383	9552547	15920532	16344107	16982904	36.924	50.384	10.005
2015/05/05	3.94	3.94	3.74	3.77	13404008.00	5159307264	0	3.962	3.977	3.928	3.842	3.576	3.394	13404008	15587830	14837580	17184810	26.577	42.448	-5.166
2015/05/06	3.77	3.85	3.69	3.72	10258128.00	3879876096	0	3.884	3.95	3.926	3.845	3.583	3.404	10258128	11630408	14601198	16838280	19.504	34.8	-11.089
2015/05/07	3.72	3.73	3.64	3.65	8974440.00	3300842496	0	3.81	3.911	3.918	3.843	3.587	3.414	8974440	10716550	13906004	16475510	13.549	27.716	-14.786
2015/05/08	3.68	3.70	3.64	3.70	7133418.00	2623303168	0	3.758	3.88	3.914	3.845	3.592	3.423	7133418	9864508	13317778	16026232	12.311	22.581	-8.229
2015/05/11	3.70	3.75	3.65	3.74	10168319.00	3756128512	0	3.716	3.862	3.911	3.848	3.599	3.432	10168319	9987663	12954097	15864760	13.672	19.612	1.793
2015/05/12	3.75	3.77	3.71	3.75	8899650.00	3325401856	0	3.712	3.837	3.903	3.851	3.608	3.441	8899650	9086791	12337310	15072723	18.058	19.094	15.986
2015/05/13	3.76	3.78	3.71	3.72	8116952.00	3035582720	0	3.712	3.798	3.895	3.851	3.616	3.45	8116952	8658556	10144482	14713543	18.705	18.964	18.187
2015/05/14	3.73	3.74	3.70	3.71	6607739.00	2457321472	0	3.724	3.767	3.885	3.852	3.624	3.459	6607739	8185215.5	9450883	13848292	19.762	19.23	20.825
2015/05/15	3.70	3.71	3.63	3.66	7066818.00	2589704192	0	3.716	3.737	3.87	3.851	3.631	3.468	7066818	8171895.5	9018202	13305682	16.4	18.287	12.627
2015/05/18	3.63	3.64	3.60	3.61	5967311.00	2162340864	0	3.69	3.703	3.849	3.85	3.637	3.477	5967311	7331694	8659678	12501893	12.267	16.28	4.24
2015/05/19	3.60	3.71	3.59	3.70	7861319.00	2884873984	0	3.68	3.696	3.836	3.851	3.643	3.486	7861319	7124028	8105409.5	11471495	27.476	20.012	42.404
2015/05/20	3.70	3.74	3.67	3.69	9094012.00	3363989504	0	3.674	3.693	3.822	3.848	3.65	3.496	9094012	7319440	7988998	11295098	35.861	25.295	56.994
2015/05/21	3.69	3.69	3.66	3.68	6931554.00	2548179712	0	3.668	3.696	3.803	3.844	3.656	3.505	6931554	7384203	7784709	10845357	39.697	30.096	58.9
2015/05/22	3.71	3.79	3.70	3.79	12098922.00	4532768768	0	3.694	3.705	3.793	3.845	3.664	3.515	12098922	8390624	8281259.5	10799519	59.798	39.997	99.401
2015/05/25	3.80	3.90	3.79	3.89	12287216.00	4733161472	0	3.75	3.72	3.791	3.847	3.673	3.526	12287216	9654605	8493149	10723623	72.123	50.706	114.959
2015/05/26	3.93	3.93	3.84	3.90	10237897.00	3975272192	0	3.79	3.735	3.786	3.847	3.683	3.536	10237897	10129920	8626974	10482142	78.474	59.962	115.5
2015/05/27	3.89	3.91	3.84	3.87	9563471.00	3702639360	0	3.826	3.75	3.774	3.847	3.691	3.546	9563471	10223812	8771626	9458054	79.767	66.564	106.174
2015/05/28	3.86	3.88	3.66	3.67	16542931.00	6262441984	0	3.824	3.746	3.757	3.839	3.698	3.553	16542931	12146087	9765145	9608014	61.021	64.716	53.632
2015/05/29	3.66	3.70	3.58	3.64	11631271.00	4229698304	0	3.794	3.744	3.74	3.828	3.705	3.56	11631271	12052557	10221590	9619896	46.395	58.609	21.967
2015/06/01	3.64	3.78	3.61	3.77	13328464.00	4934180352	0	3.77	3.76	3.732	3.819	3.716	3.566	13328464	12260807	10957706	9808692	49.025	55.415	36.247
2015/06/02	3.75	3.79	3.70	3.76	12042725.00	4501666816	0	3.742	3.766	3.731	3.813	3.726	3.573	12042725	12621772	11375846	9740628	49.826	53.552	42.376
2015/06/03	3.78	3.79	3.69	3.74	9834877.00	3673114368	0	3.716	3.771	3.732	3.805	3.733	3.579	9834877	12676054	11449933	9719465	48.456	51.853	41.661
2015/06/04	3.75	3.89	3.71	3.85	19913672.00	7579292672	0	3.752	3.788	3.742	3.798	3.744	3.584	19913672	13350202	12748145	10266427	58.018	53.908	66.238
2015/06/05	3.90	3.93	3.79	3.85	15718948.00	6059918336	0	3.794	3.794	3.75	3.793	3.755	3.588	15718948	14167737	13110147	10695703	64.393	57.403	78.373
2015/06/08	3.86	4.15	3.83	4.12	36023744.00	14449963008	0	3.864	3.817	3.769	3.8	3.768	3.597	36023744	18706794	15483800	11988475	74.508	63.105	97.314
2015/06/09	4.12	4.17	3.98	4.04	24860296.00	10124687360	0	3.92	3.831	3.783	3.801	3.78	3.605	24860296	21270308	16946040	12786507	75.66	67.29	92.402
2015/06/10	4.00	4.01	3.96	3.99	14376930.00	5729672704	0	3.97	3.843	3.796	3.797	3.79	3.612	14376930	22178718	17427386	13099506	73.604	69.395	82.023
2015/06/11	3.98	4.00	3.92	3.95	11852491.00	4680097280	0	3.99	3.871	3.809	3.795	3.8	3.62	11852491	20566482	16958342	13361743	69.308	69.366	69.191
2015/06/12	3.95	3.97	3.91	3.97	12345316.00	4865945600	0	4.014	3.904	3.824	3.795	3.807	3.628	12345316	19891756	17029746	13625668	65.649	68.127	60.695
2015/06/15	3.96	3.97	3.86	3.87	12395747.00	4857626624	0	3.964	3.914	3.837	3.792	3.814	3.635	12395747	15166156	16936474	13947090	56.266	64.173	40.452
2015/06/16	3.84	3.91	3.78	3.82	11932473.00	4593277440	0	3.92	3.92	3.843	3.794	3.818	3.639	11932473	12580591	16925450	14150648	45.482	57.943	20.56
2015/06/17	3.87	3.89	3.80	3.86	11594870.00	4458039808	0	3.894	3.932	3.852	3.799	3.822	3.645	11594870	12024179	17101448	14275691	37.159	51.015	9.447
2015/06/18	3.84	3.84	3.72	3.74	9983862.00	3777946112	0	3.852	3.921	3.855	3.802	3.822	3.649	9983862	11650454	16108468	14428306	26.254	42.761	-6.76
2015/06/19	3.70	3.74	3.54	3.56	10177212.00	3726162176	0	3.77	3.892	3.843	3.797	3.821	3.649	10177212	11216833	15554294	14332221	18.561	34.694	-13.706
2015/06/23	3.59	3.70	3.52	3.70	10041876.00	3634878720	0	3.736	3.85	3.833	3.796	3.822	3.652	10041876	10746059	12956107	14219954	24.619	31.336	11.185
2015/06/24	3.71	3.75	3.67	3.75	9639952.00	3575187968	0	3.722	3.821	3.826	3.796	3.823	3.657	9639952	10287554	11434073	14190056	32.385	31.686	33.783
2015/06/25	3.82	3.85	3.66	3.69	11082281.00	4173775872	0	3.688	3.791	3.817	3.795	3.823	3.66	11082281	10185037	11104608	14265997	34.182	32.518	37.512
2015/06/26	3.64	3.70	3.42	3.53	14346965.00	5154144768	0	3.646	3.749	3.81	3.789	3.82	3.66	14346965	11057657	11354055	14156199	29.455	31.497	25.371
2015/06/29	3.60	3.63	3.35	3.54	16197003.00	5728415744	0	3.642	3.706	3.805	3.785	3.818	3.661	16197003	12261615	11739224	14384485	30.946	31.313	30.212
2015/06/30	3.54	3.72	3.47	3.71	16761552.00	6054932992	0	3.644	3.69	3.802	3.788	3.819	3.662	16761552	13605551	12175805	14556140	42.853	35.16	58.239
2015/07/01	3.66	3.69	3.57	3.59	11320600.00	4125991424	0	3.612	3.667	3.793	3.784	3.818	3.661	11320600	13941680	12114617	14520033	44.569	38.296	57.114
2015/07/02	3.61	3.67	3.45	3.63	14161723.00	5063489536	0	3.6	3.644	3.788	3.782	3.815	3.659	14161723	14557569	12371303	14736376	48.379	41.657	61.823
2015/07/03	3.58	3.64	3.45	3.51	14075134.00	5004755968	0	3.596	3.621	3.771	3.777	3.81	3.656	14075134	14503202	12780430	14444449	42.919	42.078	44.602
2015/07/06	3.80	3.86	3.65	3.86	43720880.00	16565088256	0	3.66	3.651	3.771	3.779	3.812	3.655	43720880	20007978	16134797	15844545	61.946	48.701	88.437
2015/07/07	3.80	4.19	3.77	4.12	37410992.00	15103793152	0	3.742	3.693	3.771	3.787	3.817	3.659	37410992	24137866	18871708	15913908	71.853	56.418	102.723
2015/07/08	3.95	4.12	3.71	3.93	39753652.00	15730203648	0	3.81	3.711	3.766	3.788	3.817	3.66	39753652	29824476	21883078	16658576	70.918	61.251	90.251
2015/07/09	3.93	4.22	3.79	4.13	30284788.00	12172961792	0	3.91	3.755	3.773	3.796	3.822	3.664	30284788	33049090	23803328	17453968	77.164	66.555	98.38
2015/07/10	3.87	4.16	3.81	3.94	34273560.00	13750050816	0	3.996	3.796	3.773	3.805	3.822	3.666	34273560	37088776	25795988	18575022	72.655	68.589	80.787
2015/07/13	3.84	3.85	3.75	3.78	21408176.00	8130583040	0	3.98	3.82	3.763	3.81	3.819	3.667	21408176	32626234	26317106	19028164	62.722	66.633	54.9
2015/07/14	3.72	3.77	3.62	3.71	15191145.00	5630057984	0	3.898	3.82	3.755	3.808	3.814	3.665	15191145	28182264	26160064	19167934	53.07	62.112	34.986
2015/07/15	3.68	3.81	3.66	3.80	15519692.00	5826074624	0	3.872	3.841	3.754	3.809	3.811	3.664	15519692	23335472	26579974	19347296	50.532	58.252	35.091
2015/07/16	3.80	3.88	3.72	3.76	12166290.00	4605126144	0	3.798	3.854	3.749	3.81	3.807	3.666	12166290	19711772	26380430	19375866	41.466	52.656	19.084
2015/07/17	3.77	3.78	3.71	3.76	8132724.00	3047237120	0	3.762	3.879	3.75	3.807	3.803	3.668	8132724	14483605	25786190	19283310	35.421	46.911	12.441
2015/07/20	3.75	3.76	3.71	3.73	7318529.00	2730769152	0	3.752	3.866	3.759	3.803	3.798	3.667	7318529	11665676	22145954	19140376	29.725	41.183	6.811
2015/07/21	3.71	3.73	3.66	3.70	7298552.00	2695851264	0	3.75	3.824	3.759	3.789	3.794	3.667	7298552	10087157	19134710	19003210	24.261	35.542	1.7
2015/07/22	3.68	3.70	3.66	3.67	5475865.00	2013604864	0	3.724	3.798	3.754	3.777	3.789	3.666	5475865	8078392	15706932	18795006	19.261	30.115	-2.448
2015/07/23	3.67	3.71	3.66	3.70	6343240.00	2339719680	0	3.712	3.755	3.755	3.767	3.782	3.666	6343240	6913782	13312777	18558054	23.097	27.776	13.739
2015/07/24	3.69	3.70	3.65	3.65	6416679.00	2357488128	0	3.69	3.726	3.761	3.757	3.776	3.667	6416679	6570573	10527089	18161538	19.244	24.932	7.869
2015/07/27	3.62	3.63	3.40	3.41	10372235.00	3668295168	0	3.626	3.689	3.754	3.738	3.767	3.665	10372235	7181314	9423495	17870300	13.524	21.129	-1.687
2015/07/28	3.38	3.54	3.36	3.45	8613455.00	2975242752	0	3.576	3.663	3.741	3.724	3.758	3.665	8613455	7444295	8765726	17462896	14.785	19.014	6.326
2015/07/29	3.44	3.47	3.41	3.46	5218663.00	1792869120	0	3.534	3.629	3.735	3.712	3.753	3.665	5218663	7392854.5	7735623	17157798	17.793	18.607	16.165
2015/07/30	3.45	3.46	3.40	3.41	4251320.00	1457605504	0	3.476	3.594	3.724	3.697	3.748	3.665	4251320	6974470.5	6944126	16662279	16.029	17.748	12.591
2015/07/31	3.39	3.45	3.37	3.44	5434695.00	1853947136	0	3.434	3.562	3.72	3.687	3.744	3.666	5434695	6778073.5	6674323.5	16230257	17.893	17.796	18.087
2015/08/03	3.42	3.53	3.41	3.51	8788137.00	3050816256	0	3.454	3.54	3.703	3.686	3.741	3.667	8788137	6461254	6821284	14483619	26.214	20.602	37.439
2015/08/04	3.50	3.52	3.47	3.52	3326681.00	1164673408	0	3.468	3.522	3.673	3.68	3.738	3.669	3326681	5403899	6424097	12779404	32.714	24.64	48.864
2015/08/05	3.50	3.51	3.45	3.45	2810821.00	977560000	0	3.466	3.5	3.649	3.67	3.733	3.671	2810821	4922331	6157592.5	10932262	30.633	26.638	38.624
2015/08/06	3.43	3.47	3.42	3.43	2208076.00	760566784	0	3.47	3.473	3.614	3.661	3.728	3.672	2208076	4513682	5744076	9528427	29.064	27.446	32.3
2015/08/07	3.44	3.47	3.43	3.45	2481477.00	857078528	0	3.472	3.453	3.589	3.658	3.724	3.674	2481477	3923038.5	5350556	7938822.5	36.043	30.312	47.505
2015/08/10	3.43	3.52	3.42	3.51	5563079.00	1933286272	0	3.472	3.463	3.576	3.657	3.721	3.676	5563079	3278026.75	4869640.5	7146568	53.195	37.94	83.706
2015/08/11	3.49	3.50	3.45	3.48	4297870.00	1493925248	0	3.464	3.466	3.565	3.65	3.719	3.678	4297870	3472264.5	4438082	6601904	58.38	44.753	85.634
2015/08/12	3.46	3.46	3.43	3.44	2980201.00	1027993472	0	3.462	3.464	3.546	3.645	3.714	3.679	2980201	3506140.5	4214235.5	5974929.5	53.503	47.67	65.171
2015/08/13	3.44	3.45	3.40	3.45	3371452.00	1156421632	0	3.466	3.468	3.531	3.639	3.711	3.68	3371452	3738815.75	4126249	5535187.5	48.489	47.943	49.582
2015/08/14	3.43	3.44	3.42	3.43	2922409.00	1002360704	0	3.462	3.467	3.515	3.636	3.706	3.681	2922409	3827002.25	3875020.25	5274672	40.66	45.515	30.948
2015/08/17	3.42	3.43	3.39	3.41	3891159.00	1323575296	0	3.442	3.457	3.499	3.621	3.7	3.682	3891159	3492618.25	3385322.5	5103303.5	32.235	41.088	14.527
2015/08/18	3.40	3.43	3.35	3.36	5593676.00	1897134720	0	3.418	3.441	3.482	3.596	3.691	3.682	5593676	3751779.5	3612022	5018059.5	23.451	35.209	-0.067
2015/08/19	3.33	3.36	3.26	3.34	6154987.00	2041158912	0	3.398	3.43	3.465	3.576	3.682	3.682	6154987	4386736.5	3946438.5	5052015.5	25.89	32.103	13.465
2015/08/20	3.36	3.39	3.32	3.32	3839435.00	1288910336	0	3.372	3.419	3.446	3.549	3.673	3.682	3839435	4480333	4109574.5	4926825.5	24.952	29.719	15.418
2015/08/21	3.30	3.37	3.28	3.32	5980792.00	1985216640	0	3.35	3.406	3.43	3.528	3.667	3.683	5980792	5092010	4459506	4905031	24.968	28.136	18.633
2015/08/24	3.28	3.28	2.99	3.01	9739098.00	3015321344	0	3.27	3.356	3.41	3.503	3.656	3.681	9739098	6261597.5	4877108	4873374	18.064	24.778	4.635
2015/08/25	2.90	3.02	2.71	2.74	9344377.00	2676473856	0	3.146	3.282	3.374	3.47	3.639	3.677	9344377	7011738	5381758.5	4909920	13.394	20.984	-1.785
2015/08/26	2.80	2.91	2.74	2.83	8507679.00	2390387200	0	3.044	3.221	3.342	3.438	3.624	3.675	8507679	7482276	5934506.5	5074371	14.409	18.792	5.642
2015/08/27	2.84	3.00	2.78	2.98	7999607.00	2298336512	0	2.976	3.174	3.321	3.412	3.611	3.672	7999607	8314310.5	6397322	5261785.5	22.106	19.897	26.524
2015/08/28	2.99	3.03	2.94	3.01	6911074.00	2057450240	0	2.914	3.132	3.299	3.387	3.597	3.671	6911074	8500367	6796188.5	5335604.5	28.626	22.806	40.265
2015/08/31	2.98	3.00	2.91	2.99	5528973.00	1632999680	0	2.91	3.09	3.273	3.362	3.583	3.669	5528973	7658342	6959970	5172646	32.81	26.141	46.147
2015/09/01	2.98	3.21	2.95	3.16	14490300.00	4502529024	0	2.994	3.07	3.256	3.344	3.567	3.667	14490300	8687527	7849632	5730827	43.932	32.071	67.653
2015/09/02	3.06	3.39	3.04	3.37	19956688.00	6450391040	0	3.102	3.073	3.251	3.334	3.556	3.668	19956688	10977328	9229802	6588120.5	61.641	41.928	101.067
2015/09/07	3.26	3.27	3.10	3.12	6443336.00	2055250560	0	3.13	3.053	3.236	3.315	3.541	3.666	6443336	10666074	9490192	6799883.5	61.192	48.349	86.878
2015/09/08	3.10	3.18	3.07	3.15	4299557.00	1346175616	0	3.158	3.036	3.221	3.298	3.528	3.664	4299557	10143771	9322069	6890787.5	62.363	53.021	81.049
2015/09/09	3.14	3.18	3.11	3.17	4042053.00	1272402688	0	3.194	3.052	3.204	3.29	3.514	3.661	4042053	9846387	8752364	6814736	63.627	56.556	77.768
2015/09/10	3.14	3.19	3.13	3.17	2796673.00	885797504	0	3.196	3.095	3.188	3.281	3.503	3.658	2796673	7507661.5	8097594	6739676.5	63.729	58.947	73.294
2015/09/11	3.15	3.17	3.12	3.14	1840526.00	579384256	0	3.15	3.126	3.174	3.27	3.491	3.655	1840526	3884429	7430878.5	6682692.5	58.458	58.784	57.807
2015/09/14	3.14	3.22	3.06	3.14	5216798.00	1643864960	0	3.154	3.142	3.158	3.261	3.479	3.651	5216798	3639121.5	7152598	6774960	54.945	57.504	49.825
2015/09/15	3.11	3.17	3.10	3.16	4869510.00	1530771584	0	3.156	3.157	3.145	3.252	3.47	3.646	4869510	3753112	6948441.5	6872315	52.539	55.849	45.918
2015/09/16	3.14	3.21	3.10	3.17	3363860.00	1057267712	0	3.156	3.175	3.132	3.241	3.463	3.642	3363860	3617473.5	6731930	6845950	47.407	53.035	36.15
2015/09/17	3.15	3.19	3.13	3.15	2558661.00	809539584	0	3.152	3.174	3.122	3.228	3.454	3.638	2558661	3569871	5538766	6694199	45.89	50.653	36.364
2015/09/18	3.15	3.17	3.13	3.14	2543587.00	801315008	0	3.152	3.151	3.112	3.218	3.444	3.634	2543587	3710483.25	3797456	6513629	47.26	49.522	42.736
2015/09/21	3.13	3.14	3.10	3.12	2630962.00	820965760	0	3.148	3.151	3.102	3.208	3.434	3.628	2630962	3193316	3416218.75	6453205.5	44.007	47.684	36.653
2015/09/22	3.12	3.15	3.11	3.14	1910816.00	599526976	0	3.144	3.15	3.093	3.197	3.428	3.624	1910816	2601577.25	3177344.5	6249707	46.005	47.124	43.765
2015/09/23	3.12	3.13	3.09	3.10	1824137.00	567271808	0	3.13	3.143	3.098	3.184	3.421	3.619	1824137	2293632.5	2955553	5853958.5	39.003	44.417	28.175
2015/09/24	3.10	3.11	3.08	3.09	1410323.00	436291552	0	3.118	3.135	3.115	3.171	3.41	3.615	1410323	2063965	2816918	5457256	32.252	40.362	16.032
2015/09/25	3.08	3.11	3.06	3.11	2065470.00	636519680	0	3.112	3.132	3.129	3.16	3.402	3.61	2065470	1968341.625	2839412.5	5135145.5	32.612	37.779	22.28
2015/09/28	3.09	3.10	3.07	3.08	928485.00	286040768	0	3.104	3.126	3.134	3.147	3.393	3.604	928485	1627846.25	2410581	4781589.5	26.186	33.915	10.729
2015/09/29	3.07	3.07	3.02	3.03	1943153.00	589769856	0	3.082	3.113	3.135	3.134	3.385	3.598	1943153	1634313.625	2117945.5	4533193.5	19.418	29.082	0.09
2015/09/30	3.03	3.06	3.02	3.03	1470618.00	447049280	0	3.068	3.099	3.137	3.121	3.371	3.592	1470618	1563609.75	1928621.25	4330275.5	15.168	24.444	-3.385
2015/10/08	3.08	3.10	3.06	3.08	2175893.00	670450560	0	3.066	3.092	3.133	3.112	3.354	3.585	2175893	1716723.75	1890344.375	3714555.25	25.496	24.795	26.899
2015/10/09	3.08	3.10	3.07	3.09	1837101.00	567440960	0	3.062	3.087	3.119	3.104	3.34	3.579	1837101	1671050	1819695.75	2808576	34.946	28.179	48.481
2015/10/12	3.10	3.16	3.09	3.15	3300400.00	1033755520	0	3.076	3.09	3.121	3.098	3.323	3.572	3300400	2145433	1886639.625	2651429.25	54.25	36.869	89.011
2015/10/13	3.14	3.15	3.12	3.13	1624296.00	508734656	0	3.096	3.089	3.119	3.092	3.31	3.566	1624296	2081661.625	1857987.625	2517666	62.357	45.365	96.341
2015/10/14	3.12	3.13	3.10	3.10	1624366.00	505713728	0	3.11	3.089	3.116	3.095	3.299	3.559	1624366	2112411.25	1838010.5	2396781.75	60.619	50.45	80.957
2015/10/15	3.10	3.14	3.09	3.13	1704405.00	531347712	0	3.12	3.093	3.114	3.108	3.289	3.551	1704405	2018113.625	1867418.75	2342168.25	66.603	55.834	88.141
2015/10/16	3.14	3.15	3.12	3.14	2463337.00	772920960	0	3.13	3.096	3.114	3.118	3.278	3.545	2463337	2143360.75	1907205.375	2373309	72.974	61.547	95.826
2015/10/19	3.15	3.15	3.11	3.13	2827199.00	886733504	0	3.126	3.101	3.114	3.123	3.267	3.537	2827199	2048720.625	2097076.75	2253829	74.84	65.978	92.562
2015/10/20	3.12	3.14	3.12	3.14	1881134.00	588836992	0	3.128	3.112	3.112	3.127	3.257	3.53	1881134	2100088.25	2090874.875	2104410.25	76.56	69.505	90.669
2015/10/21	3.14	3.20	3.12	3.19	6068206.00	1915113216	0	3.146	3.128	3.114	3.134	3.248	3.523	6068206	2988856.25	2550633.75	2239627.5	81.809	73.607	98.214
2015/10/22	3.15	3.18	3.13	3.15	3127832.00	985771072	0	3.15	3.135	3.114	3.134	3.239	3.517	3127832	3273541.5	2645827.5	2268086	72.721	73.311	71.541
2015/10/23	3.15	3.17	3.14	3.16	2599485.00	819079936	0	3.154	3.142	3.115	3.127	3.23	3.51	2599485	3300771.25	2722066	2270881	69.693	72.105	64.868
2015/10/26	3.18	3.19	3.15	3.17	2685701.00	851196672	0	3.162	3.144	3.117	3.128	3.222	3.502	2685701	3272471.5	2660596	2273617.75	70.704	71.638	68.837
2015/10/27	3.16	3.17	3.14	3.15	2264562.00	714450368	0	3.164	3.146	3.118	3.128	3.213	3.495	2264562	3349157.25	2724622.75	2291305.25	65.318	69.532	56.891
2015/10/28	3.15	3.16	3.13	3.15	1965505.00	618862336	0	3.156	3.151	3.12	3.128	3.209	3.488	1965505	2528617	2758736.5	2298373.5	58.36	65.808	43.465
2015/10/29	3.14	3.15	3.13	3.13	1488404.00	467279552	0	3.152	3.151	3.122	3.126	3.204	3.481	1488404	2200731.5	2737136.5	2302277.5	46.314	59.31	20.323
2015/10/30	3.13	3.15	3.12	3.14	1615417.00	507044192	0	3.148	3.151	3.124	3.126	3.198	3.476	1615417	2003917.75	2652344.5	2279775	39.21	52.61	12.409
2015/11/02	3.13	3.15	3.11	3.11	2156399.00	675040640	0	3.136	3.149	3.125	3.125	3.193	3.471	2156399	1898057.375	2585264.5	2341170.75	26.14	43.786	-9.154
2015/11/03	3.11	3.12	3.06	3.07	2167451.00	668600192	0	3.12	3.142	3.127	3.122	3.187	3.466	2167451	1878635.25	2613896.25	2352385.5	19.991	35.855	-11.737
2015/11/04	3.07	3.15	3.06	3.15	4067193.00	1263851520	0	3.12	3.138	3.133	3.122	3.181	3.461	4067193	2298972.75	2413795	2482214.25	36.404	36.038	37.137
2015/11/05	3.14	3.25	3.12	3.20	8125185.00	2599442688	0	3.134	3.143	3.139	3.123	3.176	3.457	8125185	3626329	2913530.25	2779679	48.831	40.302	65.888
2015/11/06	3.18	3.21	3.16	3.20	4894291.00	1558232704	0	3.146	3.147	3.145	3.125	3.172	3.452	4894291	4282104	3143010.75	2932538.5	57.115	45.906	79.533
2015/11/09	3.23	3.38	3.23	3.33	10167795.00	3385888256	0	3.19	3.163	3.154	3.132	3.17	3.449	10167795	5884383	3891220.25	3275908.25	66.202	52.672	93.262
2015/11/10	3.30	3.33	3.27	3.29	4645924.00	1531133568	0	3.234	3.177	3.161	3.137	3.167	3.445	4645924	6380077.5	4129356.5	3426989.5	68.093	57.812	88.655
2015/11/11	3.29	3.29	3.23	3.27	3622909.00	1182061056	0	3.258	3.189	3.17	3.143	3.163	3.442	3622909	6291221	4295097	3526916.75	67.27	60.965	79.881
2015/11/12	3.26	3.27	3.22	3.23	2219999.00	719395328	0	3.264	3.199	3.175	3.148	3.159	3.439	2219999	5110183.5	4368256.5	3552696.5	62.555	61.495	64.676
2015/11/13	3.22	3.25	3.20	3.21	2327907.00	749385280	0	3.266	3.206	3.178	3.151	3.155	3.435	2327907	4596907	4439505.5	3545925	57.328	60.106	51.773
2015/11/16	3.19	3.23	3.18	3.23	2051500.00	658117248	0	3.246	3.218	3.184	3.156	3.152	3.431	2051500	2973647.75	4429015.5	3507140	55.927	58.713	50.356
2015/11/17	3.23	3.28	3.22	3.24	3874939.00	1259699712	0	3.236	3.235	3.188	3.163	3.148	3.427	3874939	2819450.75	4599764	3606830.25	52.669	56.699	44.611
2015/11/18	3.23	3.27	3.21	3.25	3615938.00	1170345216	0	3.232	3.245	3.191	3.17	3.146	3.423	3615938	2818056.5	4554638.5	3484216.75	48.749	54.049	38.15
2015/11/19	3.24	3.25	3.21	3.24	2646568.00	854566912	0	3.234	3.249	3.196	3.176	3.144	3.418	2646568	2903370.5	4006777	3460153.5	42.5	50.199	27.1
2015/11/20	3.24	3.25	3.21	3.23	3126108.00	1007683968	0	3.238	3.252	3.2	3.18	3.142	3.412	3126108	3063010.5	3829958.75	3486484.75	39.444	46.614	25.104
2015/11/23	3.22	3.23	3.20	3.21	2226005.00	715854912	0	3.234	3.24	3.201	3.182	3.14	3.406	2226005	3097911.5	3035779.75	3463500	35.387	42.872	20.418
2015/11/24	3.20	3.21	3.18	3.20	3080582.00	983831808	0	3.226	3.231	3.204	3.185	3.138	3.402	3080582	2939040.25	2879245.5	3504301	30.258	38.667	13.44
2015/11/25	3.19	3.23	3.18	3.23	2744333.00	880851520	0	3.222	3.227	3.208	3.189	3.142	3.399	2744333	2764719.25	2791388	3543242.25	36.839	38.058	34.401
2015/11/26	3.22	3.24	3.21	3.22	1986038.00	640015936	0	3.218	3.226	3.213	3.192	3.15	3.395	1986038	2632613.25	2767991.75	3568124	37.892	38.003	37.672
2015/11/27	3.21	3.22	3.10	3.13	3049233.00	963799552	0	3.198	3.218	3.212	3.192	3.155	3.389	3049233	2617238.25	2840124.5	3639814.75	30.817	35.607	21.237
2015/11/30	3.13	3.17	3.11	3.15	3271240.00	1027774784	0	3.186	3.21	3.214	3.192	3.158	3.384	3271240	2826285.25	2962098.5	3695557	30.349	33.855	23.337
2015/12/01	3.14	3.14	3.11	3.12	2052915.00	641232512	0	3.17	3.198	3.217	3.192	3.16	3.378	2052915	2620751.75	2779896	3689830	24.677	30.795	12.44
2015/12/02	3.12	3.25	3.11	3.24	6635767.00	2119992576	0	3.172	3.197	3.221	3.193	3.164	3.373	6635767	3399038.5	3081879	3818258.75	47.562	36.384	69.918
2015/12/03	3.22	3.39	3.21	3.34	10640564.00	3523961600	0	3.196	3.207	3.228	3.2	3.167	3.367	10640564	5129944	3881278.5	3944027.75	59.294	44.021	89.841
2015/12/04	3.32	3.34	3.28	3.30	5498624.00	1817714432	0	3.23	3.214	3.233	3.204	3.165	3.361	5498624	5619822	4118530	3974244.5	62.518	50.187	87.181
2015/12/07	3.30	3.31	3.26	3.27	1779332.00	582602688	0	3.254	3.22	3.23	3.208	3.168	3.355	1779332	5321440.5	4073862.75	3554821.25	61.219	53.864	75.929
2015/12/08	3.25	3.26	3.18	3.21	2396199.00	770157184	0	3.272	3.221	3.226	3.21	3.169	3.348	2396199	5390097	4005424.5	3442335	53.456	53.728	52.913
2015/12/09	3.19	3.25	3.18	3.23	1607812.00	518588896	0	3.27	3.221	3.224	3.212	3.17	3.342	1607812	4384506	3891772.5	3341580.25	50.58	52.679	46.383
2015/12/10	3.22	3.26	3.20	3.23	1756657.00	567761280	0	3.248	3.222	3.224	3.216	3.171	3.337	1756657	2607724.75	3868834.25	3318413	48.006	51.121	41.775
2015/12/11	3.21	3.24	3.19	3.23	2423986.00	778045952	0	3.234	3.232	3.225	3.219	3.173	3.332	2423986	1992797.25	3806309.5	3323217	46.29	49.511	39.847
2015/12/14	3.20	3.28	3.20	3.28	2777256.00	901848960	0	3.236	3.245	3.227	3.224	3.175	3.327	2777256	2192382	3756911.25	3359504.75	51.098	50.04	53.214
2015/12/15	3.27	3.28	3.23	3.24	1279828.00	416591840	0	3.242	3.257	3.227	3.23	3.176	3.323	1279828	1969107.75	3679602.5	3229749.25	43.589	47.889	34.988
2015/12/16	3.25	3.26	3.23	3.24	1129361.00	366282336	0	3.244	3.257	3.227	3.233	3.177	3.32	1129361	1873417.625	3128962	3105420.5	41.559	45.779	33.119
2015/12/17	3.24	3.28	3.24	3.27	2112741.00	688339456	0	3.252	3.25	3.228	3.235	3.179	3.317	2112741	1944634.375	2276179.5	3078729	50.783	47.447	57.455
2015/12/18	3.25	3.34	3.25	3.28	2713388.00	892574016	0	3.262	3.248	3.231	3.238	3.182	3.313	2713388	2002514.75	1997656	3058093	54.689	49.861	64.344
2015/12/21	3.26	3.34	3.26	3.31	3571995.00	1180666240	0	3.268	3.252	3.236	3.237	3.185	3.31	3571995	2161462.5	2176922.25	3125392.5	63.543	54.422	81.784
2015/12/22	3.31	3.32	3.28	3.31	1816912.00	599348480	0	3.282	3.262	3.241	3.238	3.188	3.308	1816912	2268879.5	2118993.5	3062209	69.028	59.291	88.504
2015/12/23	3.30	3.34	3.28	3.30	2635339.00	870971520	0	3.294	3.269	3.245	3.239	3.191	3.306	2635339	2570075	2221746.25	3056759.25	70.463	63.015	85.36
2015/12/24	3.30	3.31	3.25	3.28	2470539.00	809165184	0	3.296	3.274	3.248	3.241	3.194	3.302	2470539	2641634.5	2293134.5	3080984.5	66.023	64.018	70.034
2015/12/25	3.28	3.29	3.26	3.27	1219167.00	399167776	0	3.294	3.278	3.255	3.243	3.197	3.299	1219167	2342790.5	2172652.5	2989481	56.137	61.391	45.629
2015/12/28	3.27	3.28	3.20	3.20	2546599.00	825957696	0	3.272	3.27	3.257	3.242	3.199	3.296	2546599	2137711.25	2149587	2953249	37.424	53.402	5.47
2015/12/29	3.21	3.24	3.20	3.24	1459283.00	469657568	0	3.258	3.27	3.263	3.242	3.202	3.294	1459283	2066185.375	2167532.5	2923567.5	34.473	47.092	9.236
2015/12/30	3.23	3.24	3.21	3.23	1268803.00	408871360	0	3.244	3.269	3.263	3.241	3.206	3.288	1268803	1792878.25	2181476.5	2655219.25	30.125	41.437	7.502
2015/12/31	3.23	3.25	3.22	3.23	1582481.00	511938656	0	3.234	3.265	3.257	3.241	3.208	3.281	1582481	1615266.625	2128450.5	2202315	27.226	36.7	8.279
2016/01/04	3.24	3.24	3.11	3.12	1913127.00	609918464	0	3.204	3.249	3.248	3.237	3.209	3.274	1913127	1754058.625	2048424.5	2023040.25	19.6	31	-3.2
2016/01/05	3.10	3.17	3.08	3.16	3215456.00	1010967552	0	3.196	3.234	3.243	3.235	3.209	3.266	3215456	1887830	2012770.625	2094846.5	23.323	28.441	13.087
2016/01/06	3.15	3.19	3.14	3.18	1684200.00	534016672	0	3.184	3.221	3.241	3.235	3.21	3.26	1684200	1932813.375	1999499.375	2059246.5	30.042	28.975	32.176
2016/01/07	3.16	3.17	3.10	3.11	676930.00	213026032	0	3.16	3.202	3.236	3.231	3.21	3.254	676930	1814438.75	1803658.5	2012702.375	24.79	27.58	19.21
2016/01/08	3.14	3.17	3.11	3.16	2696911.00	848424960	0	3.146	3.19	3.232	3.229	3.21	3.25	2696911	2037324.75	1826295.75	2059715.125	29.86	28.34	32.9
2016/01/11	3.14	3.15	3.09	3.09	2863886.00	896360960	0	3.14	3.172	3.225	3.227	3.21	3.244	2863886	2227476.5	1990767.625	2081710.125	21.867	26.182	13.237
2016/01/12	3.11	3.14	3.09	3.13	1763419.00	549730304	0	3.134	3.165	3.217	3.227	3.21	3.239	1763419	1937069.25	1912449.625	2031018.25	24.382	25.582	21.982
2016/01/13	3.13	3.15	3.11	3.12	1536208.00	481542848	0	3.122	3.153	3.211	3.227	3.209	3.233	1536208	1907470.75	1920142.125	2043837.25	24.098	25.087	22.119
2016/01/14	3.09	3.12	3.06	3.12	2738626.00	847415488	0	3.124	3.142	3.205	3.223	3.208	3.228	2738626	2319810	2067124.375	2124300.5	27.176	25.784	29.962
2016/01/15	3.11	3.11	3.06	3.07	2146738.00	662801856	0	3.106	3.126	3.195	3.214	3.207	3.223	2146738	2209775.5	2123550	2126000.25	20.682	24.083	13.879
2016/01/18	3.05	3.11	3.03	3.07	2139644.00	658513792	0	3.102	3.121	3.185	3.206	3.205	3.218	2139644	2064927	2146201.75	2097313.25	22.121	23.429	19.505
2016/01/19	3.08	3.12	3.06	3.11	1434957.00	444661216	0	3.098	3.116	3.175	3.201	3.204	3.213	1434957	1999234.625	1968151.875	1990461.25	33.795	26.884	47.616
2016/01/20	3.10	3.12	3.08	3.11	1884368.00	583696256	0	3.096	3.109	3.165	3.197	3.204	3.208	1884368	2068866.625	1988168.75	1993834	41.578	31.782	61.169
2016/01/21	3.08	3.13	3.08	3.09	1727071.00	536059072	0	3.09	3.107	3.155	3.193	3.203	3.206	1727071	1866555.625	2093182.75	1948420.625	44.385	35.983	61.189
2016/01/22	3.10	3.11	3.07	3.11	1515520.00	468537728	0	3.098	3.102	3.146	3.189	3.202	3.203	1515520	1740312	1975043.75	1900669.75	51.812	41.259	72.918
2016/01/25	3.09	3.10	3.07	3.10	1613665.00	497810336	0	3.104	3.103	3.138	3.184	3.201	3.2	1613665	1635116.25	1850021.625	1920394.625	53.986	45.502	70.954
2016/01/26	3.08	3.09	2.93	2.95	2207487.00	666917440	0	3.072	3.085	3.125	3.173	3.199	3.196	2207487	1789622.25	1894428.375	1903439	39.324	43.442	31.087
2016/01/27	2.95	2.97	2.89	2.95	2399650.00	706129920	0	3.04	3.068	3.11	3.164	3.197	3.192	2399650	1892678.625	1980772.625	1950457.375	34.549	40.478	22.692
2016/01/28	2.95	2.96	2.91	2.91	1590226.00	466818208	0	3.004	3.047	3.095	3.153	3.193	3.187	1590226	1865309.625	1865932.625	1966528.5	25.811	35.589	6.254
2016/01/29	2.91	3.00	2.91	2.99	1987771.00	589150144	0	2.98	3.039	3.082	3.143	3.189	3.183	1987771	1959759.75	1850035.875	1986793	31.096	34.091	25.105
2016/02/01	2.99	2.99	2.92	2.94	1007930.00	297433568	0	2.948	3.026	3.073	3.132	3.185	3.178	1007930	1838612.75	1736864.5	1941533.125	27.675	31.953	19.12
2016/02/02	2.94	2.97	2.93	2.96	1189786.00	351511328	0	2.95	3.011	3.063	3.12	3.179	3.174	1189786	1635072.625	1712347.375	1840249.625	28.172	30.692	23.132
2016/02/03	2.94	2.95	2.90	2.92	1043090.00	304478336	0	2.944	2.992	3.05	3.107	3.173	3.17	1043090	1363760.625	1628219.625	1808194.125	23.327	28.237	13.506
2016/02/04	2.93	2.95	2.92	2.93	864652.00	253707504	0	2.948	2.976	3.042	3.095	3.167	3.165	864652	1218645.75	1541977.75	1817580.25	21.901	26.125	13.452
2016/02/05	2.93	2.94	2.91	2.92	656930.00	192073200	0	2.934	2.957	3.03	3.083	3.162	3.161	656930	952477.625	1456118.75	1715581.25	19.6	23.95	10.901
2016/02/15	2.87	2.91	2.85	2.89	912311.00	262813136	0	2.924	2.936	3.02	3.07	3.157	3.156	912311	933353.813	1385983.25	1618002.5	21.956	23.285	19.297
2016/02/16	2.90	2.95	2.89	2.94	1280652.00	375299488	0	2.92	2.935	3.01	3.062	3.152	3.152	1280652	951527	1293299.75	1593864.125	34.637	27.069	49.773
2016/02/17	2.94	2.98	2.93	2.97	1380608.00	407818880	0	2.93	2.937	3.003	3.053	3.147	3.148	1380608	1019030.625	1191395.625	1586084.125	49.758	34.632	80.01
2016/02/18	2.98	2.98	2.95	2.97	1463014.00	433664672	0	2.938	2.943	2.995	3.044	3.142	3.144	1463014	1138703	1178674.375	1522303.5	61.744	43.669	97.892
2016/02/19	2.96	2.98	2.94	2.95	1223878.00	361889184	0	2.944	2.939	2.989	3.035	3.138	3.141	1223878	1252092.625	1102285.125	1476160.5	66.803	51.381	97.649
2016/02/22	2.98	3.03	2.96	3.00	1677229.00	501775840	0	2.966	2.945	2.986	3.031	3.134	3.138	1677229	1405076.25	1169215	1453039.75	72.313	58.358	100.224
2016/02/23	3.00	3.00	2.96	2.98	1263812.00	375741984	0	2.974	2.947	2.979	3.025	3.13	3.135	1263812	1401708.25	1176617.625	1444482.5	72.283	63	90.849
2016/02/24	2.96	2.99	2.96	2.98	952479.00	283044320	0	2.976	2.953	2.973	3.018	3.126	3.132	952479	1316082.375	1167556.5	1397888	72.263	66.087	84.613
2016/02/25	2.98	2.98	2.90	2.92	2315152.00	684747392	0	2.966	2.952	2.964	3.012	3.121	3.132	2315152	1486510	1312606.5	1427292.125	61.138	64.438	54.539
2016/02/26	2.93	2.97	2.92	2.96	1405325.00	414976640	0	2.968	2.956	2.957	3.005	3.117	3.133	1405325	1522799.375	1387446	1421782.375	57.425	62.1	48.076
2016/02/29	2.95	2.99	2.91	2.99	2605846.00	768176768	0	2.966	2.966	2.951	3.002	3.115	3.135	2605846	1708522.75	1556799.5	1471391.375	61.361	61.854	60.374
2016/03/01	2.98	3.01	2.96	2.99	1426632.00	425758784	0	2.968	2.971	2.953	2.997	3.112	3.135	1426632	1741086.75	1571397.5	1432348.625	63.984	62.564	66.824
2016/03/02	3.00	3.05	2.99	3.05	2205802.00	667956160	0	2.982	2.979	2.958	2.995	3.111	3.135	2205802	1991751.375	1653916.875	1422656.25	75.989	67.039	93.89
2016/03/03	3.04	3.08	3.03	3.08	1868188.00	570413760	0	3.014	2.99	2.967	2.993	3.108	3.136	1868188	1902358.625	1694434.25	1436554.375	83.993	72.69	106.598
2016/03/04	3.07	3.21	3.05	3.20	5271311.00	1659320320	0	3.062	3.015	2.977	2.998	3.106	3.136	5271311	2675555.75	2099177.5	1600731.375	88.253	77.878	109.004
2016/03/07	3.18	3.19	3.15	3.18	1700296.00	539430720	0	3.1	3.033	2.989	3.001	3.104	3.135	1700296	2494445.75	2101484.25	1635349.625	88.943	81.566	103.697
2016/03/08	3.17	3.19	3.09	3.18	2249408.00	705773312	0	3.138	3.053	3	3.004	3.102	3.135	2249408	2659001	2200044	1688330.75	89.403	84.179	99.852
2016/03/09	3.15	3.22	3.12	3.21	2315883.00	735275200	0	3.17	3.076	3.015	3.007	3.102	3.136	2315883	2681017.25	2336384.25	1751970.375	91.86	86.739	102.102
2016/03/10	3.18	3.19	3.14	3.15	1179986.00	374240096	0	3.184	3.099	3.026	3.009	3.101	3.135	1179986	2543376.75	2222867.75	1767737.125	87.046	86.841	87.456
2016/03/11	3.14	3.20	3.13	3.19	1382086.00	437020672	0	3.182	3.122	3.039	3.012	3.1	3.136	1382086	1765531.75	2220543.75	1803994.875	87.518	87.067	88.42
2016/03/14	3.18	3.20	3.16	3.19	1471446.00	468904384	0	3.184	3.142	3.054	3.015	3.099	3.136	1471446	1719761.75	2107103.75	1831951.625	87.331	87.155	87.683
2016/03/15	3.19	3.20	3.14	3.19	1787682.00	567050112	0	3.186	3.162	3.066	3.023	3.098	3.136	1787682	1627416.625	2143208.75	1857303.125	86.291	86.867	85.139
2016/03/16	3.17	3.25	3.17	3.25	4521616.00	1459107072	0	3.194	3.182	3.081	3.033	3.098	3.137	4521616	2068563.25	2374790.25	2014353.5	90.861	88.198	96.185
2016/03/17	3.24	3.25	3.20	3.21	1789544.00	575115904	0	3.206	3.195	3.092	3.043	3.098	3.138	1789544	2190474.75	2366925.75	2030680	85.574	87.323	82.074
2016/03/18	3.22	3.22	3.19	3.22	2296705.00	735884608	0	3.212	3.197	3.106	3.05	3.097	3.138	2296705	2373398.5	2069465.25	2084321.375	84.132	86.26	79.878
2016/03/21	3.21	3.23	3.20	3.21	2444573.00	785307584	0	3.216	3.2	3.117	3.059	3.096	3.139	2444573	2568024	2143893	2122688.5	79.165	83.895	69.706
2016/03/22	3.21	3.22	3.18	3.18	1206303.00	385505504	0	3.214	3.2	3.127	3.067	3.093	3.139	1206303	2451748.25	2039582.375	2119813.25	66.666	78.152	43.693
2016/03/23	3.18	3.20	3.17	3.18	924696.00	294433440	0	3.2	3.197	3.137	3.075	3.091	3.139	924696	1732364.25	1900463.75	2118424	58.333	71.545	31.907
2016/03/24	3.18	3.18	3.15	3.16	809724.00	256274608	0	3.19	3.198	3.148	3.083	3.089	3.14	809724	1536400.25	1863437.5	2043152.625	44.949	62.68	9.487
2016/03/25	3.16	3.18	3.15	3.16	562644.00	177930544	0	3.178	3.195	3.158	3.091	3.087	3.141	562644	1189588	1781493.25	2001018.5	36.027	53.796	0.489
2016/03/28	3.16	3.18	3.15	3.15	855935.00	271224832	0	3.166	3.191	3.167	3.1	3.085	3.141	855935	871860.375	1719942.25	1913523	24.018	43.87	-15.686
2016/03/29	3.16	3.17	3.14	3.15	1073904.00	338801440	0	3.16	3.187	3.174	3.107	3.084	3.141	1073904	845380.625	1648564.375	1895886.625	19.042	35.594	-14.061
2016/03/30	3.16	3.21	3.15	3.20	1251289.00	398683136	0	3.164	3.182	3.182	3.114	3.083	3.143	1251289	910699.188	1321531.75	1848161	34.917	35.368	34.015
2016/03/31	3.20	3.21	3.18	3.20	820845.00	262022896	0	3.172	3.181	3.188	3.122	3.083	3.144	820845	912923.375	1224661.75	1795793.75	45.5	38.746	59.01
2016/04/01	3.19	3.21	3.16	3.20	1155406.00	367538432	0	3.18	3.179	3.188	3.13	3.082	3.145	1155406	1031475.813	1110531.875	1589998.5	55.333	44.275	77.451
2016/04/05	3.18	3.22	3.17	3.21	1542619.00	492795200	0	3.192	3.179	3.19	3.137	3.084	3.146	1542619	1168812.625	1020336.5	1582114.75	66.056	51.535	95.097
2016/04/06	3.19	3.20	3.18	3.18	805777.00	256831968	0	3.198	3.179	3.19	3.144	3.084	3.147	805777	1115187.25	980283.875	1509933.125	60.704	54.591	72.929
2016/04/07	3.19	3.19	3.15	3.16	852655.00	270220576	0	3.19	3.177	3.187	3.15	3.084	3.147	852655	1035460.375	973079.813	1436771.75	48.803	52.662	41.084
2016/04/08	3.15	3.17	3.14	3.16	777715.00	245251872	0	3.182	3.177	3.188	3.158	3.085	3.147	777715	1026834.375	969878.875	1416658.25	40.868	48.731	25.144
2016/04/11	3.15	3.19	3.15	3.17	986950.00	313141152	0	3.176	3.178	3.187	3.165	3.085	3.148	986950	993143.188	1012309.5	1396901.375	39.746	45.736	27.766
2016/04/12	3.17	3.18	3.15	3.16	617992.00	195532768	0	3.166	3.179	3.185	3.171	3.086	3.148	617992	808217.813	988515.188	1354228.75	34.83	42.101	20.29
2016/04/13	3.16	3.21	3.16	3.19	1908484.00	609347456	0	3.168	3.183	3.185	3.177	3.087	3.148	1908484	1028759.188	1071973.25	1360268.75	44.054	42.752	46.658
2016/04/14	3.20	3.21	3.18	3.19	747041.00	238319168	0	3.174	3.182	3.182	3.182	3.088	3.149	747041	1007636.375	1021548.375	1171540	50.202	45.235	60.137
2016/04/15	3.19	3.20	3.17	3.18	728666.00	231944336	0	3.178	3.18	3.181	3.185	3.089	3.149	728666	997826.625	1012330.5	1118496.125	50.135	46.868	56.668
2016/04/18	3.17	3.18	3.15	3.16	774496.00	244885712	0	3.176	3.176	3.178	3.184	3.091	3.149	774496	955335.813	974239.5	1042385.688	42.947	45.561	37.719
2016/04/19	3.16	3.17	3.15	3.16	680667.00	214976032	0	3.176	3.171	3.175	3.183	3.092	3.149	680667	967870.813	888044.313	954190.375	38.155	43.093	28.28
2016/04/20	3.16	3.17	3.08	3.14	2384007.00	744209600	0	3.166	3.167	3.173	3.182	3.093	3.148	2384007	1062975.375	1045867.313	1013075.625	40.821	42.336	37.793
2016/04/21	3.13	3.14	3.11	3.11	775426.00	242419872	0	3.15	3.162	3.17	3.179	3.093	3.148	775426	1068652.375	1038144.375	1005612.125	34.907	39.859	25.001
2016/04/22	3.11	3.14	3.11	3.13	840423.00	262848768	0	3.14	3.159	3.168	3.178	3.094	3.148	840423	1091003.75	1044415.188	1007147.063	36.092	38.603	31.068
2016/04/25	3.13	3.14	3.10	3.13	807159.00	251872832	0	3.134	3.155	3.167	3.176	3.094	3.148	807159	1097536.375	1026436.125	1019372.813	36.882	38.029	34.586
2016/04/26	3.13	3.14	3.12	3.13	553558.00	173221568	0	3.128	3.152	3.166	3.174	3.094	3.148	553558	1072114.625	1019992.688	1004253.938	37.408	37.822	36.58
2016/04/27	3.14	3.14	3.12	3.12	407740.00	127478576	0	3.124	3.145	3.164	3.172	3.097	3.148	407740	676861.188	869918.313	970945.75	36.05	37.232	33.687
2016/04/28	3.13	3.14	3.12	3.13	607285.00	189872528	0	3.128	3.139	3.161	3.168	3.1	3.148	607285	643233	855942.688	938745.563	40.7	38.388	45.325
2016/04/29	3.12	3.13	3.11	3.12	708406.00	220888432	0	3.126	3.133	3.157	3.165	3.104	3.148	708406	616829.625	853916.688	933123.625	41.948	39.575	46.695
2016/05/03	3.12	3.15	3.11	3.14	1081403.00	338916448	0	3.128	3.131	3.154	3.162	3.106	3.148	1081403	671678.375	884607.375	929423.438	50.188	43.112	64.339
2016/05/04	3.13	3.14	3.12	3.13	708878.00	221774528	0	3.128	3.128	3.15	3.159	3.109	3.147	708878	702742.375	887428.5	887736.375	53.459	46.561	67.254
2016/05/05	3.13	3.13	3.11	3.13	679529.00	212122272	0	3.13	3.127	3.147	3.158	3.112	3.145	679529	757100.188	716980.688	881424	55.639	49.587	67.743
2016/05/06	3.13	3.13	3.10	3.10	1144286.00	355918336	0	3.124	3.126	3.144	3.155	3.115	3.144	1144286	864500.375	753866.688	896005.563	37.093	45.422	20.434
2016/05/09	3.10	3.10	3.06	3.07	972348.00	299759232	0	3.114	3.12	3.14	3.152	3.118	3.142	972348	917288.813	767059.188	905737.188	28.432	39.759	5.779
2016/05/10	3.06	3.08	3.05	3.07	850977.00	260850512	0	3.1	3.114	3.135	3.149	3.12	3.141	850977	871203.625	771441	898938.563	25.621	35.046	6.771
2016/05/11	3.07	3.08	3.05	3.07	946720.00	289997056	0	3.088	3.108	3.13	3.146	3.123	3.14	946720	918772	810757.188	915374.938	23.748	31.28	8.683
2016/05/12	3.06	3.07	3.04	3.05	839045.00	256352912	0	3.072	3.101	3.123	3.143	3.125	3.138	839045	950675.188	853887.688	861903	18.862	27.141	2.305
2016/05/13	3.05	3.07	3.04	3.05	699742.00	213618832	0	3.062	3.093	3.116	3.138	3.126	3.137	699742	861766.375	863133.375	859538.063	15.605	23.296	0.224
2016/05/16	3.05	3.06	3.04	3.06	471212.00	143851712	0	3.06	3.087	3.11	3.133	3.128	3.135	471212	761539.188	839414	846665.375	17.07	21.22	8.769
2016/05/17	3.06	3.06	3.05	3.06	579096.00	176906288	0	3.058	3.079	3.105	3.129	3.13	3.134	579096	707163	789183.313	836895.375	18.787	20.409	15.543
2016/05/18	3.05	3.07	3.03	3.06	1374488.00	419347264	0	3.056	3.072	3.1	3.124	3.131	3.132	1374488	792716.625	855744.313	871586.375	22.525	21.115	25.346
2016/05/19	3.06	3.08	3.05	3.07	906081.00	278206048	0	3.06	3.066	3.096	3.12	3.132	3.131	906081	806123.813	878399.5	797690.125	34.064	25.431	51.33
2016/05/20	3.07	3.08	3.06	3.08	768285.00	236177888	0	3.066	3.064	3.095	3.117	3.134	3.13	768285	819832.375	840799.375	797333.063	56.043	35.635	96.858
2016/05/23	3.08	3.10	3.07	3.09	844634.00	261191712	0	3.072	3.066	3.093	3.115	3.137	3.129	844634	894516.813	828028	797543.625	65.933	45.734	106.331
2016/05/24	3.10	3.10	3.08	3.09	550334.00	170037808	0	3.078	3.068	3.091	3.112	3.139	3.128	550334	888764.375	797963.688	784702.375	72.527	54.665	108.25
2016/05/25	3.10	3.11	3.09	3.10	444187.00	137575584	0	3.086	3.071	3.089	3.11	3.141	3.128	444187	702704.188	747710.375	779233.813	77.518	62.283	107.988
2016/05/26	3.10	3.11	3.09	3.10	704419.00	218462672	0	3.092	3.076	3.089	3.107	3.142	3.127	704419	662371.813	734247.813	794067.75	80.845	68.47	105.595
2016/05/27	3.10	3.11	3.09	3.10	665334.00	206348352	0	3.096	3.081	3.087	3.104	3.143	3.127	665334	641781.625	730807	796970.188	83.064	73.335	102.521
2016/05/30	3.11	3.13	3.09	3.13	780859.00	243241360	0	3.104	3.088	3.087	3.103	3.144	3.126	780859	629026.625	761771.688	800592.875	88.709	78.459	109.208
2016/05/31	3.12	3.20	3.12	3.19	1533158.00	486419584	0	3.124	3.101	3.09	3.104	3.144	3.125	1533158	825591.375	857177.875	823180.625	90.25	82.39	105.972
2016/06/01	3.19	3.19	3.16	3.16	1104516.00	350670752	0	3.136	3.111	3.092	3.104	3.144	3.124	1104516	957657.188	830180.688	842962.5	83.977	82.919	86.092
2016/06/02	3.16	3.17	3.16	3.16	634001.00	200569088	0	3.148	3.12	3.093	3.104	3.143	3.123	634001	943573.625	802972.688	840686.125	79.061	81.633	73.918
2016/06/03	3.17	3.19	3.15	3.19	835987.00	265104432	0	3.166	3.131	3.097	3.107	3.143	3.122	835987	977704.188	809742.875	825271.125	83.263	82.176	85.437
2016/06/06	3.19	3.19	3.17	3.18	672879.00	213730368	0	3.176	3.14	3.103	3.109	3.143	3.122	672879	956108.188	792567.375	810297.688	82.781	82.378	83.588
2016/06/07	3.19	3.19	3.17	3.17	499124.00	158483680	0	3.172	3.148	3.108	3.11	3.143	3.122	499124	749301.375	787446.375	792705.063	79.43	81.395	75.499
2016/06/08	3.18	3.18	3.16	3.18	617745.00	195863984	0	3.176	3.156	3.113	3.112	3.143	3.121	617745	651947.188	804802.188	776256.313	80.226	81.006	78.667
2016/06/13	3.16	3.18	3.14	3.15	954340.00	301915680	0	3.174	3.161	3.118	3.113	3.142	3.12	954340	716015	829794.313	782021.063	71.666	77.892	59.213
2016/06/14	3.14	3.18	3.14	3.16	887282.00	280555872	0	3.168	3.167	3.124	3.114	3.141	3.119	887282	726274	851989.125	791398.063	64.444	73.41	46.513
2016/06/15	3.15	3.18	3.14	3.16	758424.00	239639520	0	3.164	3.17	3.129	3.115	3.14	3.119	758424	743383	849745.625	805758.625	56.296	67.705	33.478
2016/06/16	3.16	3.17	3.15	3.16	595620.00	187998528	0	3.162	3.167	3.134	3.116	3.139	3.118	595620	762682.188	755991.813	806584.875	50.864	62.091	28.409
2016/06/17	3.16	3.18	3.15	3.17	679232.00	215253664	0	3.16	3.168	3.14	3.117	3.138	3.117	679232	774979.625	713463.375	771822.063	53.909	59.364	43
2016/06/20	3.18	3.18	3.16	3.18	405586.00	128543960	0	3.166	3.17	3.145	3.119	3.138	3.116	405586	665228.813	690621.875	746797.313	62.606	60.445	66.929
2016/06/21	3.17	3.18	3.16	3.17	553783.00	175749936	0	3.168	3.168	3.15	3.121	3.138	3.115	553783	598529	662401.5	736072.188	61.737	60.876	63.461
2016/06/22	3.17	3.18	3.16	3.17	715365.00	227194912	0	3.17	3.167	3.154	3.124	3.138	3.114	715365	589917.188	666650.125	729608.75	66.158	62.637	73.202
2016/06/23	3.18	3.19	3.17	3.18	568925.00	180926480	0	3.174	3.168	3.158	3.128	3.138	3.113	568925	584578.188	673630.188	730538.313	70.772	65.348	81.62
2016/06/24	3.18	3.19	3.15	3.17	826460.00	261932176	0	3.174	3.167	3.161	3.131	3.139	3.112	826460	614023.813	694501.688	749651.938	67.181	65.959	69.626
2016/06/27	3.16	3.17	3.15	3.17	569438.00	180061376	0	3.172	3.169	3.165	3.135	3.139	3.112	569438	646794.188	656011.5	742902.875	64.788	65.569	63.225
2016/06/28	3.16	3.17	3.15	3.17	498431.00	157481344	0	3.172	3.17	3.169	3.139	3.139	3.111	498431	635723.813	617126.375	734557.75	59.858	63.665	52.245
2016/06/29	3.17	3.19	3.16	3.18	688685.00	218727824	0	3.174	3.172	3.171	3.143	3.138	3.111	688685	630387.813	610152.5	729949.063	64.906	64.079	66.559
2016/06/30	3.19	3.21	3.18	3.20	1080193.00	345820928	0	3.178	3.176	3.171	3.148	3.138	3.11	1080193	732641.375	658609.813	707300.813	71.048	66.402	80.341
2016/07/01	3.21	3.23	3.20	3.22	808962.00	260182896	0	3.188	3.181	3.174	3.153	3.138	3.111	808962	729141.813	671582.813	692523.125	76.532	69.779	90.039
2016/07/04	3.22	3.27	3.21	3.27	1096849.00	356835456	0	3.208	3.19	3.18	3.16	3.14	3.112	1096849	834624	740709.125	715665.5	84.355	74.637	103.79
2016/07/05	3.27	3.28	3.25	3.27	895469.00	292457664	0	3.228	3.2	3.184	3.166	3.142	3.113	895469	914031.625	774877.688	718639.625	87.006	78.76	103.497
2016/07/06	3.27	3.29	3.25	3.28	1537895.00	502353568	0	3.248	3.211	3.189	3.173	3.144	3.114	1537895	1083873.625	857130.688	761890.375	88.956	82.159	102.551
2016/07/07	3.12	3.12	3.09	3.10	1593079.00	493495040	0	3.228	3.203	3.186	3.173	3.143	3.114	1593079	1186450.75	959546.125	816588.125	60.971	75.096	32.72
2016/07/08	3.09	3.10	3.07	3.07	865606.00	266268992	0	3.198	3.193	3.18	3.172	3.141	3.114	865606	1197779.625	963460.688	828981.188	40.647	63.613	-5.285
2016/07/11	3.08	3.10	3.07	3.08	760332.00	234514864	0	3.16	3.184	3.177	3.171	3.139	3.113	760332	1130476.25	982550.125	819280.813	28.613	51.947	-18.053
2016/07/12	3.08	3.14	3.08	3.13	1478779.00	459801504	0	3.132	3.18	3.175	3.172	3.138	3.113	1478779	1247138.25	1080584.875	848855.625	28.166	44.02	-3.54
2016/07/13	3.12	3.16	3.11	3.15	1772608.00	556056000	0	3.106	3.177	3.174	3.173	3.138	3.114	1772608	1294080.75	1188977.25	899564.875	30.899	39.646	13.404
2016/07/14	3.14	3.14	3.11	3.12	1040131.00	324395488	0	3.11	3.169	3.173	3.171	3.137	3.114	1040131	1183491.25	1184971	921790.375	28.175	35.822	12.88
2016/07/15	3.12	3.13	3.11	3.12	889914.00	277159296	0	3.12	3.159	3.17	3.169	3.137	3.114	889914	1188352.75	1193066.25	932324.5	26.359	32.668	13.741
2016/07/18	3.11	3.14	3.11	3.12	1220831.00	381092000	0	3.128	3.144	3.167	3.168	3.136	3.115	1220831	1280452.625	1205464.375	973086.75	25.148	30.161	15.122
2016/07/19	3.12	3.13	3.10	3.10	955791.00	296970688	0	3.122	3.127	3.164	3.165	3.136	3.114	955791	1175855	1211496.625	993187.125	27.877	29.4	24.83
2016/07/20	3.10	3.11	3.08	3.09	674667.00	208466752	0	3.11	3.108	3.159	3.162	3.135	3.114	674667	956266.813	1125173.75	991152.25	25.992	28.264	21.448
2016/07/21	3.09	3.11	3.08	3.10	656740.00	203489936	0	3.106	3.108	3.155	3.16	3.135	3.114	656740	879588.625	1031539.875	995543	28.439	28.322	28.672
2016/07/22	3.10	3.10	3.08	3.09	596559.00	184198448	0	3.1	3.11	3.151	3.157	3.134	3.114	596559	820917.625	1004635.188	984047.938	23.126	26.59	16.198
2016/07/25	3.08	3.10	3.08	3.10	726086.00	224610880	0	3.096	3.112	3.148	3.155	3.134	3.115	726086	721968.625	1001210.625	991880.375	23.751	25.644	19.965
2016/07/26	3.09	3.12	3.09	3.12	725613.00	225438784	0	3.1	3.111	3.145	3.154	3.134	3.117	725613	675933	925894	1003239.438	38.056	29.781	54.606
2016/07/27	3.12	3.12	3.08	3.12	1611621.00	500079968	0	3.106	3.108	3.142	3.152	3.134	3.119	1611621	863323.813	909795.313	1049386.25	47.593	35.718	71.342
2016/07/28	3.11	3.11	3.10	3.10	628277.00	195008208	0	3.106	3.106	3.138	3.15	3.133	3.12	628277	857631.188	868609.875	1026790.438	42.84	38.092	52.335
2016/07/29	3.11	3.11	3.10	3.11	482038.00	149674064	0	3.11	3.105	3.132	3.148	3.133	3.121	482038	834727	827822.313	1010444.25	48.56	41.581	62.516
2016/08/01	3.10	3.12	3.10	3.12	1115964.00	346705856	0	3.114	3.105	3.125	3.146	3.132	3.122	1115964	912702.625	817335.625	1011400	65.706	49.623	97.873
2016/08/02	3.11	3.12	3.11	3.12	615010.00	191685568	0	3.114	3.107	3.117	3.145	3.133	3.124	615010	890582	783257.5	997377.063	77.138	58.795	113.824
2016/08/03	3.11	3.12	3.11	3.11	455423.00	141817616	0	3.112	3.109	3.109	3.143	3.134	3.125	455423	659342.375	761333.125	943253.438	76.425	64.671	99.932
2016/08/04	3.12	3.12	3.10	3.12	920006.00	285953312	0	3.116	3.111	3.109	3.141	3.134	3.127	920006	717688.188	787659.688	909599.813	84.283	71.209	110.433
2016/08/05	3.11	3.12	3.10	3.12	625731.00	194770480	0	3.118	3.114	3.112	3.139	3.135	3.129	625731	746426.813	790576.875	897606.063	89.522	77.313	113.94
2016/08/08	3.11	3.12	3.10	3.12	749354.00	233256896	0	3.118	3.116	3.114	3.137	3.136	3.131	749354	673104.813	792903.688	897057.125	93.015	82.547	113.95
2016/08/09	3.12	3.14	3.11	3.13	1342070.00	419161280	0	3.12	3.117	3.114	3.136	3.138	3.132	1342070	818516.813	854549.375	890221.688	87.01	84.035	92.96
2016/08/10	3.13	3.14	3.12	3.14	719292.00	225299056	0	3.126	3.119	3.113	3.135	3.139	3.133	719292	871290.625	765316.5	837555.875	91.34	86.47	101.08
2016/08/11	3.14	3.19	3.13	3.16	2042573.00	646227968	0	3.134	3.125	3.115	3.133	3.141	3.135	2042573	1095804	906746.125	887678	83.116	85.352	78.643
2016/08/12	3.16	3.21	3.15	3.21	2228817.00	711113728	0	3.152	3.135	3.12	3.133	3.143	3.137	2228817	1416421.25	1081424	954623.125	88.744	86.482	93.266
2016/08/15	3.22	3.29	3.21	3.25	2689056.00	875524992	0	3.178	3.148	3.126	3.132	3.146	3.139	2689056	1804361.625	1238733.25	1028034.375	85.478	86.148	84.139
2016/08/16	3.26	3.26	3.18	3.20	3199686.00	1026235840	0	3.192	3.156	3.132	3.13	3.148	3.141	3199686	2175884.75	1497200.75	1140229.125	74.529	82.275	59.038
2016/08/17	3.20	3.20	3.17	3.18	951221.00	302882144	0	3.2	3.163	3.136	3.127	3.15	3.143	951221	2222270.5	1546780.625	1154056.875	63.721	76.09	38.983
2016/08/18	3.18	3.19	3.17	3.18	914537.00	291081888	0	3.204	3.169	3.14	3.129	3.151	3.145	914537	1996663.375	1546233.75	1166946.75	56.516	69.566	30.417
2016/08/19	3.18	3.19	3.17	3.18	607767.00	193290016	0	3.198	3.175	3.145	3.133	3.152	3.147	607767	1672453.375	1544437.25	1167507.125	50.64	63.257	25.407
2016/08/22	3.18	3.21	3.17	3.20	1518314.00	484234944	0	3.188	3.183	3.149	3.137	3.154	3.148	1518314	1438305	1621333.25	1207118.5	49.447	58.654	31.032
2016/08/23	3.20	3.23	3.19	3.21	1273775.00	409479456	0	3.19	3.191	3.154	3.14	3.156	3.15	1273775	1053122.75	1614503.75	1234526.625	49.631	55.646	37.601
2016/08/24	3.21	3.22	3.20	3.21	850731.00	272762912	0	3.196	3.198	3.158	3.142	3.157	3.151	850731	1033024.813	1627647.75	1196482.125	47.373	52.888	36.342
2016/08/25	3.20	3.22	3.19	3.22	901566.00	288929344	0	3.204	3.204	3.164	3.145	3.158	3.151	901566	1030430.625	1513547	1210146.5	45.471	50.416	35.581
2016/08/26	3.21	3.22	3.20	3.20	556908.00	178849776	0	3.208	3.203	3.169	3.148	3.158	3.151	556908	1020258.813	1346356.125	1213890	41.425	47.419	29.437
2016/08/29	3.20	3.21	3.17	3.18	956119.00	304310080	0	3.204	3.196	3.172	3.15	3.159	3.151	956119	907819.813	1173062.375	1205897.75	33.172	42.67	14.177
2016/08/30	3.18	3.21	3.17	3.21	1061561.00	338987744	0	3.204	3.197	3.177	3.153	3.159	3.151	1061561	865377	959249.875	1228225.375	44.337	43.226	46.56
2016/08/31	3.21	3.21	3.19	3.21	616480.00	197342608	0	3.204	3.2	3.181	3.157	3.16	3.151	616480	818526.813	925775.813	1236278.25	51.78	46.077	63.186
2016/09/01	3.20	3.21	3.18	3.18	1155877.00	369546656	0	3.196	3.2	3.184	3.16	3.16	3.151	1155877	869389	949909.813	1248071.75	40.076	44.077	32.074
2016/09/02	3.18	3.20	3.18	3.19	1229368.00	392450624	0	3.194	3.201	3.188	3.163	3.16	3.151	1229368	1003881	1012069.875	1278253.625	37.828	41.994	29.497
2016/09/05	3.19	3.21	3.18	3.19	1017593.00	325155392	0	3.196	3.2	3.191	3.166	3.161	3.151	1017593	1016175.813	961997.813	1291665.5	38.552	40.847	33.963
2016/09/06	3.20	3.22	3.19	3.20	1122876.00	359619360	0	3.194	3.199	3.195	3.169	3.161	3.151	1122876	1028438.813	946907.875	1280705.875	45.701	42.465	52.175
2016/09/07	3.20	3.21	3.19	3.20	957026.00	306391616	0	3.192	3.198	3.198	3.172	3.162	3.151	957026	1096548	957537.375	1292592.5	50.468	45.132	61.138
2016/09/08	3.20	3.21	3.19	3.20	818244.00	261475968	0	3.196	3.196	3.2	3.175	3.163	3.151	818244	1029021.375	949205.188	1231376.125	53.645	47.97	64.995
2016/09/09	3.19	3.20	3.18	3.19	685684.00	218915296	0	3.196	3.195	3.199	3.178	3.163	3.151	685684	920284.625	962082.813	1154219.5	49.097	48.346	50.599
2016/09/12	3.18	3.18	3.13	3.14	1607206.00	506920128	0	3.186	3.191	3.194	3.178	3.162	3.15	1607206	1038207.188	1027191.5	1100127	36.435	44.375	20.554
2016/09/13	3.15	3.16	3.13	3.15	856343.00	268934144	0	3.176	3.185	3.191	3.179	3.162	3.15	856343	984900.625	1006669.688	982959.813	31.697	40.149	14.793
2016/09/14	3.14	3.15	3.10	3.11	935118.00	291772768	0	3.158	3.175	3.188	3.179	3.161	3.15	935118	980519	1038533.5	982154.625	23.909	34.736	2.256
2016/09/19	3.11	3.13	3.11	3.12	691438.00	215504656	0	3.142	3.169	3.184	3.179	3.16	3.149	691438	955157.813	992089.625	970999.688	21.495	30.322	3.841
2016/09/20	3.12	3.13	3.11	3.12	711210.00	222096240	0	3.128	3.162	3.181	3.179	3.159	3.149	711210	960263	940273.813	976171.875	19.886	26.843	5.97
2016/09/21	3.12	3.14	3.12	3.13	752931.00	235646256	0	3.126	3.156	3.178	3.18	3.158	3.149	752931	789408	913807.625	937902.688	22.348	25.345	16.354
2016/09/22	3.14	3.15	3.13	3.14	628998.00	197707120	0	3.124	3.15	3.174	3.18	3.158	3.148	628998	743939	864419.813	905663.875	27.02	25.903	29.253
2016/09/23	3.14	3.15	3.14	3.15	405700.00	127601456	0	3.132	3.145	3.171	3.18	3.158	3.148	405700	638055.375	809287.188	883412.313	34.68	28.829	46.382
2016/09/26	3.14	3.15	3.11	3.12	847752.00	265509392	0	3.132	3.137	3.167	3.179	3.156	3.147	847752	669318.188	812238	880721.625	31.453	29.704	34.953
2016/09/27	3.12	3.15	3.11	3.15	863415.00	270228288	0	3.138	3.133	3.164	3.177	3.155	3.147	863415	699759.188	830011.125	896046.938	48.747	36.051	74.137
2016/09/28	3.14	3.15	3.13	3.13	475698.00	149038832	0	3.138	3.132	3.161	3.173	3.153	3.146	475698	644312.625	716860.313	872025.875	52.498	41.534	74.427
2016/09/29	3.13	3.14	3.13	3.14	450600.00	141277808	0	3.138	3.131	3.158	3.171	3.151	3.146	450600	608633	676286	841477.875	59.999	47.689	84.619
2016/09/30	3.14	3.14	3.13	3.13	339622.00	106403592	0	3.134	3.133	3.154	3.169	3.148	3.146	339622	595417.375	616736.375	827634.938	56.666	50.681	68.636
2016/10/10	3.14	3.15	3.13	3.15	1147619.00	360419584	0	3.14	3.136	3.153	3.168	3.149	3.146	1147619	655390.813	662354.5	827222.063	71.111	57.491	98.35
2016/10/11	3.15	3.15	3.14	3.14	653992.00	205828944	0	3.138	3.138	3.15	3.167	3.15	3.146	653992	613506.188	656632.688	798453.25	72.407	62.463	92.295
2016/10/12	3.14	3.15	3.14	3.14	594529.00	186797808	0	3.14	3.139	3.148	3.165	3.151	3.145	594529	637272.375	640792.5	777300.063	73.271	66.066	87.683
2016/10/13	3.14	3.15	3.13	3.14	643815.00	202120112	0	3.14	3.139	3.145	3.163	3.151	3.145	643815	675915.375	642274.188	753347	73.848	68.66	84.224
2016/10/14	3.14	3.14	3.13	3.14	394496.00	123676416	0	3.142	3.138	3.141	3.16	3.151	3.144	394496	686890.188	641153.813	725220.5	74.232	70.517	81.661
2016/10/17	3.14	3.14	3.12	3.13	643334.00	201414672	0	3.138	3.139	3.138	3.157	3.151	3.144	643334	586033.188	620712	716475	60.599	67.211	47.375
2016/10/18	3.13	3.15	3.12	3.14	963810.00	302068096	0	3.138	3.138	3.135	3.155	3.151	3.144	963810	647996.813	630751.5	730381.313	62.622	65.681	56.503
2016/10/19	3.14	3.15	3.14	3.14	514613.00	161886992	0	3.138	3.139	3.135	3.154	3.152	3.144	514613	632013.625	634643	675751.625	63.97	65.111	61.689
2016/10/20	3.15	3.15	3.14	3.14	359789.00	113091128	0	3.138	3.139	3.135	3.152	3.152	3.144	359789	575208.375	625561.875	650923.938	64.869	65.03	64.547
2016/10/21	3.14	3.15	3.13	3.14	616941.00	193750128	0	3.138	3.14	3.137	3.149	3.153	3.144	616941	619697.375	653293.813	635015.125	65.468	65.176	66.052
2016/10/24	3.14	3.19	3.14	3.17	1580859.00	500307392	0	3.146	3.142	3.139	3.149	3.155	3.145	1580859	807202.375	696617.813	679486.125	67.455	65.936	70.494
2016/10/25	3.17	3.19	3.16	3.18	1226883.00	390123168	0	3.154	3.146	3.142	3.149	3.156	3.145	1226883	859817	753906.875	705269.813	73.542	68.471	83.682
2016/10/26	3.18	3.19	3.16	3.16	583868.00	185014000	0	3.158	3.148	3.144	3.148	3.157	3.145	583868	873668	752840.813	696816.625	68.075	68.339	67.548
2016/10/27	3.16	3.17	3.14	3.15	600765.00	189496688	0	3.16	3.149	3.144	3.146	3.158	3.146	600765	921863.188	748535.813	695405	59.669	65.449	48.11
2016/10/28	3.15	3.17	3.15	3.17	753428.00	238358000	0	3.166	3.152	3.145	3.145	3.158	3.146	753428	949160.625	784429	712791.375	63.589	64.829	61.109
2016/10/31	3.16	3.17	3.14	3.16	587930.00	185447488	0	3.164	3.155	3.147	3.144	3.159	3.146	587930	750574.813	778888.625	699800.313	59.059	62.906	51.366
2016/11/01	3.16	3.17	3.15	3.17	589707.00	186457552	0	3.162	3.158	3.148	3.143	3.16	3.147	589707	623139.625	741478.313	686114.875	61.595	62.469	59.847
2016/11/02	3.16	3.17	3.15	3.16	562213.00	177332080	0	3.162	3.16	3.15	3.144	3.161	3.147	562213	618808.625	746238.313	690440.625	57.73	60.889	51.412
2016/11/03	3.15	3.16	3.14	3.15	613703.00	193382304	0	3.162	3.161	3.15	3.144	3.161	3.147	613703	621396.188	771629.688	698595.813	45.153	55.644	24.172
2016/11/04	3.15	3.16	3.14	3.15	785851.00	247542000	0	3.158	3.162	3.151	3.145	3.162	3.148	785851	627880.813	788520.688	720907.25	36.769	49.352	11.602
2016/11/07	3.15	3.16	3.14	3.16	845757.00	266365152	0	3.158	3.161	3.151	3.146	3.163	3.149	845757	679446.188	715010.5	705814.125	37.846	45.517	22.504
2016/11/08	3.16	3.19	3.15	3.18	1627493.00	516092896	0	3.16	3.161	3.154	3.148	3.164	3.15	1627493	887003.375	755071.5	754489.188	51.897	47.644	60.405
2016/11/09	3.18	3.18	3.14	3.15	1597854.00	503668320	0	3.158	3.16	3.154	3.149	3.164	3.15	1597854	1094131.625	856470.125	804655.438	41.265	45.517	32.76
2016/11/10	3.16	3.17	3.15	3.17	664843.00	210425184	0	3.162	3.162	3.156	3.15	3.165	3.151	664843	1104359.625	862877.875	805706.875	47.51	46.182	50.167
2016/11/11	3.16	3.17	3.15	3.17	1187554.00	375127584	0	3.166	3.162	3.157	3.151	3.166	3.152	1187554	1184700.25	906290.5	845359.75	51.673	48.012	58.996
2016/11/14	3.16	3.18	3.15	3.17	1128987.00	357509088	0	3.168	3.163	3.159	3.152	3.166	3.153	1128987	1241346.25	960396.188	869642.375	54.449	50.158	63.031
2016/11/15	3.17	3.18	3.15	3.16	1216915.00	385049344	0	3.164	3.162	3.16	3.153	3.165	3.154	1216915	1159230.625	1023117	882297.625	49.633	49.983	48.932
2016/11/16	3.16	3.17	3.16	3.16	701281.00	221892448	0	3.166	3.162	3.161	3.154	3.163	3.155	701281	979916	1037023.813	891631.063	46.422	48.796	41.674
2016/11/17	3.16	3.17	3.15	3.16	611585.00	193096480	0	3.164	3.163	3.162	3.154	3.163	3.155	611585	969264.375	1036812	904220.875	44.281	47.291	38.262
2016/11/18	3.16	3.17	3.15	3.17	611436.00	193339232	0	3.164	3.165	3.164	3.156	3.163	3.156	611436	854040.813	1019370.5	903945.625	49.521	48.034	52.494
2016/11/21	3.16	3.18	3.15	3.18	1654741.00	524742016	0	3.166	3.167	3.164	3.157	3.163	3.157	1654741	959191.625	1100268.875	907639.688	66.347	54.138	90.765
2016/11/22	3.18	3.20	3.17	3.19	2051530.00	653396480	0	3.172	3.168	3.164	3.158	3.163	3.158	2051530	1126114.625	1142672.625	948872.063	70.898	59.725	93.244
2016/11/23	3.19	3.22	3.18	3.21	3825951.00	1225589504	0	3.182	3.174	3.167	3.161	3.163	3.158	3825951	1751048.625	1365482.25	1110976.25	75.837	65.096	97.319
2016/11/24	3.20	3.21	3.18	3.19	1304237.00	416597888	0	3.188	3.176	3.169	3.162	3.163	3.159	1304237	1889579	1429421.75	1146149.75	69.606	66.599	75.619
2016/11/25	3.19	3.22	3.19	3.22	2176574.00	698011136	0	3.198	3.181	3.171	3.165	3.163	3.16	2176574	2202606.5	1528323.75	1217307.125	79.737	70.978	97.254
2016/11/28	3.22	3.26	3.20	3.22	5763081.00	1862053632	0	3.206	3.186	3.174	3.168	3.163	3.16	5763081	3024274.5	1991733.125	1476064.625	74.37	72.109	78.893
2016/11/29	3.21	3.24	3.20	3.23	2359992.00	760254528	0	3.214	3.193	3.178	3.171	3.163	3.161	2359992	3085967	2106040.75	1564578.875	73.823	72.68	76.107
2016/11/30	3.23	3.23	3.20	3.21	1921967.00	618284800	0	3.214	3.198	3.18	3.173	3.164	3.161	1921967	2705170.25	2228109.5	1632566.625	67.397	70.919	60.352
2016/12/01	3.21	3.23	3.20	3.22	1883864.00	606668096	0	3.22	3.204	3.184	3.176	3.164	3.161	1883864	2821095.5	2355337.25	1696074.625	66.143	69.327	59.776
2016/12/02	3.22	3.23	3.19	3.22	3284665.00	1054982976	0	3.22	3.209	3.187	3.179	3.164	3.162	3284665	3042713.75	2622660.25	1821015.375	62.614	67.089	53.663
2016/12/05	3.21	3.25	3.20	3.24	2691412.00	867532416	0	3.224	3.215	3.191	3.181	3.165	3.162	2691412	2428380	2726327.25	1913298.125	66.743	66.974	66.28
2016/12/06	3.24	3.25	3.23	3.25	1903807.00	616778432	0	3.228	3.221	3.194	3.183	3.166	3.163	1903807	2337143	2711555	1927113.75	73.662	69.203	82.579
2016/12/07	3.24	3.25	3.23	3.24	1146156.00	370593408	0	3.234	3.224	3.199	3.186	3.167	3.164	1146156	2181980.75	2443575.5	1904528.875	72.917	70.441	77.87
2016/12/08	3.24	3.25	3.22	3.24	1593784.00	514993664	0	3.238	3.229	3.203	3.189	3.168	3.164	1593784	2123964.75	2472530.25	1950976	72.421	71.101	75.061
2016/12/09	3.23	3.29	3.23	3.27	4067372.00	1328464000	0	3.248	3.234	3.207	3.192	3.169	3.165	4067372	2280506.25	2661610	2094966.875	74.947	72.383	80.076
2016/12/12	3.26	3.31	3.21	3.26	5298455.00	1726650752	0	3.252	3.238	3.212	3.196	3.17	3.166	5298455	2801914.75	2615147.5	2303440.25	69.409	71.392	65.444
2016/12/13	3.24	3.25	3.19	3.21	3174173.00	1019685760	0	3.244	3.236	3.214	3.197	3.17	3.167	3174173	3055988	2696565.5	2401303.25	51.828	64.871	25.744
2016/12/14	3.21	3.23	3.20	3.21	2622731.00	843580480	0	3.238	3.236	3.217	3.199	3.171	3.167	2622731	3351303	2766642	2497375.75	40.108	56.617	7.091
2016/12/15	3.20	3.21	3.15	3.17	2797455.00	887614400	0	3.224	3.231	3.217	3.199	3.171	3.167	2797455	3592037.25	2858001	2606669.25	30.905	48.046	-3.376
2016/12/16	3.15	3.17	3.14	3.15	2224005.00	700680448	0	3.2	3.224	3.217	3.199	3.172	3.167	2224005	3223363.75	2751935	2687297.5	22.564	39.552	-11.411
2016/12/19	3.15	3.16	3.13	3.14	1318276.00	414247200	0	3.176	3.214	3.214	3.199	3.173	3.166	1318276	2427328	2614621.5	2670474.25	16.895	32	-13.315
2016/12/20	3.14	3.15	3.10	3.12	1864920.00	581996928	0	3.158	3.201	3.211	3.197	3.173	3.166	1864920	2165477.5	2610732.75	2661143.75	14.438	26.146	-8.978
2016/12/21	3.12	3.14	3.12	3.13	1537418.00	480680864	0	3.142	3.19	3.207	3.196	3.173	3.165	1537418	1948414.75	2649859	2546717.25	14.387	22.226	-1.291
2016/12/22	3.13	3.13	3.11	3.13	775497.00	242055440	0	3.134	3.179	3.204	3.195	3.172	3.165	775497	1544023.25	2568030.25	2520280.25	14.353	19.602	3.856
2016/12/23	3.12	3.13	3.11	3.12	928723.00	289653728	0	3.128	3.164	3.199	3.193	3.172	3.165	928723	1284966.75	2254165.25	2457887.75	14.013	17.739	6.562
2016/12/26	3.11	3.13	3.09	3.13	1501796.00	467041024	0	3.126	3.151	3.194	3.192	3.172	3.164	1501796	1321670.75	1874499.375	2244823.5	18.866	18.115	20.369
2016/12/27	3.12	3.13	3.11	3.11	694130.00	216126240	0	3.124	3.141	3.188	3.19	3.171	3.163	694130	1087512.75	1626495.125	2161530.25	18.133	18.121	18.157
2016/12/28	3.11	3.12	3.09	3.10	1294946.00	401771776	0	3.118	3.13	3.183	3.188	3.171	3.162	1294946	1039018.375	1493716.625	2130179.25	16.255	17.499	13.768
2016/12/29	3.09	3.10	3.09	3.09	1659229.00	513537184	0	3.11	3.122	3.177	3.186	3.17	3.16	1659229	1215764.75	1379894	2118947.5	10.837	15.278	1.954
2016/12/30	3.10	3.11	3.09	3.10	2089577.00	646713152	0	3.106	3.117	3.171	3.183	3.17	3.159	2089577	1447935.625	1366451.25	2059193.125	12.78	14.446	9.449
2017/01/03	3.10	3.13	3.09	3.12	1967451.00	612871296	0	3.104	3.115	3.164	3.181	3.169	3.159	1967451	1541066.625	1431368.75	2022995	28.52	19.137	47.286
2017/01/04	3.12	3.14	3.11	3.12	1706903.00	533118720	0	3.106	3.115	3.158	3.179	3.169	3.159	1706903	1743621.25	1415567	2013149.875	39.013	25.762	65.515
2017/01/05	3.13	3.14	3.12	3.13	1094379.00	342385664	0	3.112	3.115	3.152	3.176	3.168	3.16	1094379	1703507.75	1371263.125	2010561	52.676	34.733	88.56
2017/01/06	3.13	3.13	3.12	3.13	1022967.00	319656736	0	3.12	3.115	3.147	3.174	3.168	3.16	1022967	1576255.375	1396010.125	1982020.125	61.784	43.75	97.851
2017/01/09	3.13	3.13	3.12	3.13	1195328.00	373443680	0	3.126	3.116	3.14	3.171	3.168	3.16	1195328	1397405.625	1422670.625	1838418	67.856	51.785	99.997
2017/01/10	3.12	3.13	3.12	3.13	1116094.00	348515072	0	3.128	3.116	3.134	3.168	3.168	3.16	1116094	1227134.25	1384100.375	1629299.875	71.904	58.492	98.729
2017/01/11	3.12	3.13	3.11	3.12	1337041.00	417271616	0	3.128	3.117	3.129	3.165	3.168	3.16	1337041	1153161.75	1448391.5	1537443.25	67.936	61.64	80.528
2017/01/12	3.12	3.12	3.11	3.12	700755.00	218353376	0	3.126	3.119	3.125	3.162	3.168	3.16	700755	1074437	1388972.375	1441344.5	65.29	62.857	70.158
2017/01/13	3.11	3.13	3.11	3.12	1915919.00	598121472	0	3.124	3.122	3.122	3.158	3.167	3.16	1915919	1253027.375	1414641.375	1397267.75	63.527	63.08	64.421
2017/01/16	3.12	3.19	3.11	3.16	5915838.00	1860811392	0	3.13	3.128	3.122	3.156	3.168	3.16	5915838	2197129.5	1797267.5	1581859.375	63.185	63.115	63.324
2017/01/17	3.15	3.15	3.14	3.15	1095138.00	344443200	0	3.134	3.131	3.123	3.153	3.167	3.161	1095138	2192938.25	1710036.25	1570702.5	58.79	61.673	53.023
2017/01/18	3.15	3.16	3.14	3.15	1298144.00	408892096	0	3.14	3.134	3.125	3.15	3.167	3.161	1298144	2185158.75	1669160.25	1542363.625	55.86	59.735	48.109
2017/01/19	3.15	3.17	3.15	3.16	1671129.00	527737344	0	3.148	3.137	3.126	3.147	3.167	3.162	1671129	2379233.5	1726835.25	1549049.25	58.073	59.181	55.857
2017/01/20	3.15	3.17	3.15	3.16	1042380.00	329419584	0	3.156	3.14	3.128	3.145	3.167	3.162	1042380	2204525.75	1728776.625	1562393.375	59.549	59.304	60.039
2017/01/23	3.16	3.17	3.16	3.17	1193719.00	377792800	0	3.158	3.144	3.13	3.141	3.167	3.163	1193719	1260102	1728615.75	1575643.125	64.699	61.102	71.893
2017/01/24	3.16	3.19	3.16	3.18	1445299.00	458756992	0	3.164	3.149	3.132	3.139	3.167	3.163	1445299	1330134.25	1761536.25	1572818.25	72.3	64.835	87.229
2017/01/25	3.18	3.19	3.18	3.19	847750.00	270061280	0	3.172	3.156	3.137	3.138	3.168	3.164	847750	1240055.375	1712607.125	1580499.25	81.533	70.401	103.797
2017/01/26	3.19	3.21	3.19	3.21	989478.00	316891168	0	3.182	3.165	3.142	3.138	3.168	3.165	989478	1103725.25	1741479.375	1565225.875	87.689	76.163	110.739
2017/02/03	3.21	3.21	3.18	3.18	886526.00	282798912	0	3.186	3.171	3.147	3.138	3.169	3.165	886526	1072554.375	1638540.125	1526590.75	77.507	76.611	79.298
2017/02/06	3.19	3.19	3.17	3.18	1063061.00	338270752	0	3.188	3.173	3.151	3.139	3.169	3.166	1063061	1046422.813	1153262.375	1475265	70.719	74.647	62.862
2017/02/07	3.18	3.19	3.17	3.17	919809.00	292144064	0	3.186	3.175	3.153	3.14	3.17	3.166	919809	941324.813	1135729.5	1422882.875	58.257	69.184	36.404
2017/02/08	3.17	3.18	3.16	3.18	1165061.00	369554112	0	3.184	3.178	3.156	3.142	3.17	3.167	1165061	1004787	1122421.25	1395790.75	55.505	64.624	37.266
2017/02/09	3.17	3.19	3.17	3.18	1132000.00	360295328	0	3.178	3.18	3.158	3.144	3.17	3.167	1132000	1033291.375	1068508.25	1397671.75	50.336	59.861	31.286
2017/02/10	3.19	3.20	3.18	3.20	1492708.00	476614944	0	3.182	3.184	3.162	3.146	3.171	3.168	1492708	1154527.75	1113541.125	1421158.875	60.224	59.982	60.708
2017/02/13	3.20	3.23	3.19	3.22	1761288.00	566727872	0	3.19	3.189	3.167	3.15	3.171	3.168	1761288	1294173.25	1170298	1449456.875	68.721	62.895	80.372
2017/02/14	3.22	3.23	3.21	3.22	866731.00	278732896	0	3.2	3.193	3.171	3.153	3.172	3.169	866731	1283557.625	1112441.25	1436988.75	74.385	66.725	89.706
2017/02/15	3.22	3.30	3.21	3.29	4971439.00	1622176512	0	3.222	3.203	3.18	3.159	3.174	3.17	4971439	2044833.25	1524810.125	1618708.625	80.543	71.331	98.966
2017/02/16	3.29	3.30	3.27	3.29	2438042.00	800442496	0	3.244	3.211	3.188	3.165	3.177	3.17	2438042	2306041.5	1669666.5	1705573	84.647	75.77	102.403
2017/02/17	3.29	3.29	3.25	3.26	2148699.00	702251968	0	3.256	3.219	3.195	3.171	3.178	3.17	2148699	2437239.75	1795883.75	1717212	80.241	77.26	86.203
2017/02/20	3.25	3.31	3.24	3.26	9122103.00	2979528192	0	3.264	3.227	3.2	3.176	3.18	3.171	9122103	3909402.75	2601788	1877525.25	75.716	76.746	73.658
2017/02/21	3.27	3.29	3.26	3.27	3500568.00	1145646592	0	3.274	3.237	3.206	3.181	3.181	3.172	3500568	4436170	2859864	1997796.75	74.287	75.926	71.009
2017/02/22	3.26	3.27	3.25	3.27	2213983.00	722512640	0	3.27	3.246	3.212	3.186	3.183	3.173	2213983	3884679	2964756	2043588.625	72.602	74.818	68.169
2017/02/23	3.27	3.29	3.26	3.28	2024387.00	663106816	0	3.268	3.256	3.218	3.191	3.184	3.173	2024387	3801948	3053994.75	2061251.5	73.401	74.346	71.512
2017/02/24	3.27	3.28	3.26	3.27	1251033.00	408741056	0	3.27	3.263	3.224	3.196	3.185	3.174	1251033	3622414.75	3029827.25	2071684.25	68.934	72.542	61.719
2017/02/27	3.26	3.27	3.24	3.25	1582221.00	514586432	0	3.268	3.266	3.227	3.2	3.185	3.174	1582221	2114438.5	3011920.5	2091109.25	59.289	68.124	41.619
2017/02/28	3.24	3.26	3.24	3.25	1447999.00	471085728	0	3.264	3.269	3.231	3.204	3.186	3.174	1447999	1703924.625	3070047.5	2091244.25	44.288	60.179	12.507
2017/03/01	3.25	3.27	3.25	3.26	1749623.00	570124928	0	3.262	3.266	3.234	3.208	3.187	3.175	1749623	1611052.625	2747865.75	2136338	39.049	53.136	10.876
2017/03/02	3.26	3.27	3.25	3.26	1133704.00	369043904	0	3.258	3.263	3.237	3.213	3.187	3.176	1133704	1432916	2617432	2143549.25	35.557	47.276	12.118
2017/03/03	3.24	3.25	3.23	3.24	1169404.00	378675904	0	3.252	3.261	3.24	3.217	3.188	3.176	1169404	1416590.25	2519502.5	2157693.25	29.26	41.271	5.239
2017/03/06	3.24	3.25	3.23	3.24	1350166.00	437901824	0	3.25	3.259	3.243	3.22	3.188	3.176	1350166	1370179.25	1742308.75	2172048.5	25.062	35.868	3.451
2017/03/07	3.24	3.25	3.23	3.24	1130735.00	365734048	0	3.248	3.256	3.247	3.223	3.188	3.177	1130735	1306726.375	1505325.5	2182594.75	22.264	31.333	4.125
2017/03/08	3.23	3.25	3.23	3.25	1169284.00	379157952	0	3.246	3.254	3.25	3.226	3.188	3.177	1169284	1190658.625	1400855.625	2182805.75	28.176	30.281	23.966
2017/03/09	3.24	3.25	3.23	3.23	1711835.00	554045248	0	3.24	3.249	3.253	3.228	3.188	3.177	1711835	1306284.75	1369600.375	2211797.5	18.784	26.448	3.455
2017/03/10	3.23	3.24	3.22	3.24	1302139.00	420649184	0	3.24	3.246	3.254	3.231	3.188	3.178	1302139	1332831.75	1374711	2202269.25	25.856	26.251	25.066
2017/03/13	3.23	3.26	3.22	3.26	1502928.00	486671360	0	3.244	3.247	3.257	3.234	3.188	3.178	1502928	1363384.25	1366781.75	2189351.25	43.904	32.135	67.441
2017/03/14	3.25	3.27	3.25	3.26	1219869.00	397921024	0	3.248	3.248	3.259	3.237	3.188	3.179	1219869	1381211	1343968.75	2207008	55.936	40.069	87.67
2017/03/15	3.26	3.26	3.24	3.26	1187792.00	386271776	0	3.25	3.248	3.257	3.239	3.188	3.179	1187792	1384912.625	1287785.625	2017825.75	63.957	48.032	95.809
2017/03/16	3.26	3.29	3.25	3.28	2571937.00	840401024	0	3.26	3.25	3.257	3.241	3.19	3.18	2571937	1556933	1431608.875	2024520.5	71.21	55.758	102.114
2017/03/17	3.27	3.28	3.24	3.26	1783060.00	581361280	0	3.264	3.252	3.257	3.244	3.191	3.181	1783060	1653117.25	1492974.5	2006238.5	66.521	59.345	80.871
2017/03/20	3.26	3.26	3.24	3.26	1505391.00	489726720	0	3.264	3.254	3.257	3.247	3.193	3.183	1505391	1653609.75	1508497	1625402.875	63.395	60.695	68.794
2017/03/21	3.26	3.26	3.25	3.25	1530490.00	498060864	0	3.262	3.255	3.256	3.249	3.195	3.184	1530490	1715734	1548472.5	1526899	56.549	59.313	51.021
2017/03/22	3.24	3.25	3.22	3.24	1805041.00	583535552	0	3.258	3.254	3.254	3.251	3.197	3.185	1805041	1839183.75	1612048.25	1506451.875	47.223	55.283	31.103
2017/03/23	3.23	3.25	3.23	3.24	1674563.00	541951360	0	3.25	3.255	3.252	3.253	3.199	3.186	1674563	1659709	1608321	1488960.75	41.006	50.524	21.97
2017/03/24	3.24	3.25	3.23	3.25	1494267.00	483890432	0	3.248	3.256	3.251	3.255	3.201	3.187	1494267	1601950.375	1627533.75	1501122.375	41.623	47.557	29.755
2017/03/27	3.24	3.29	3.24	3.28	3003512.00	981747776	0	3.252	3.258	3.253	3.257	3.203	3.188	3003512	1901574.625	1777592.25	1572187	56.32	50.478	68.004
2017/03/29	3.28	3.30	3.27	3.29	2848784.00	937769856	0	3.26	3.261	3.254	3.259	3.206	3.189	2848784	2165233.5	1940483.75	1642226.25	66.713	55.89	88.361
2017/03/30	3.29	3.30	3.26	3.29	2698495.00	884358912	0	3.27	3.264	3.256	3.259	3.209	3.19	2698495	2343924.25	2091554	1689669.75	73.642	61.807	97.312
2017/03/31	3.28	3.36	3.27	3.34	4181305.00	1387281536	0	3.29	3.27	3.26	3.261	3.213	3.192	4181305	2845272.5	2252490.75	1842049.875	77.666	67.094	98.812
2017/04/05	3.33	3.36	3.32	3.35	2521207.00	840554368	0	3.31	3.279	3.266	3.264	3.217	3.194	2521207	3050660.5	2326305.5	1909640	82.73	72.306	103.578
2017/04/06	3.35	3.35	3.32	3.34	1876542.00	625583744	0	3.322	3.287	3.27	3.267	3.221	3.195	1876542	2825266.5	2363420.5	1935958.75	83.725	76.112	98.95
2017/04/07	3.34	3.37	3.32	3.36	2675819.00	894763392	0	3.336	3.298	3.276	3.27	3.225	3.197	2675819	2790673.5	2477953.5	2013213	86.769	79.664	100.978
2017/04/10	3.36	3.36	3.34	3.34	1774057.00	593621504	0	3.346	3.308	3.281	3.272	3.229	3.199	1774057	2605786	2474855	2043451.625	84.036	81.122	89.866
2017/04/11	3.33	3.34	3.31	3.34	1455699.00	484191392	0	3.346	3.318	3.286	3.274	3.233	3.201	1455699	2060664.75	2452968.75	2030644.875	81.665	81.303	82.39
2017/04/12	3.33	3.33	3.30	3.32	2214044.00	734138624	0	3.34	3.325	3.29	3.276	3.236	3.202	2214044	1999232.25	2524946.5	2076240.125	72.625	78.41	61.055
2017/04/13	3.32	3.33	3.31	3.32	1572608.00	521740416	0	3.336	3.329	3.293	3.278	3.239	3.204	1572608	1938445.375	2381856	2079724.125	66.599	74.473	50.85
2017/04/14	3.32	3.32	3.28	3.31	1887071.00	622558912	0	3.326	3.331	3.296	3.28	3.242	3.205	1887071	1780695.75	2285684.75	2113084.25	57.732	68.893	35.412
2017/04/17	3.29	3.31	3.27	3.30	2266744.00	745123584	0	3.318	3.332	3.298	3.281	3.245	3.206	2266744	1879233.25	2242509.5	2167031.75	48.488	62.091	21.282
2017/04/18	3.29	3.30	3.27	3.27	1289584.00	423039104	0	3.304	3.325	3.297	3.282	3.247	3.207	1289584	1846010.25	1953337.5	2102914.25	32.326	52.169	-7.362
2017/04/19	3.26	3.27	3.23	3.25	2742287.00	890876416	0	3.29	3.315	3.297	3.282	3.25	3.208	2742287	1951658.75	1975445.5	2150875.5	26.312	43.55	-8.164
2017/04/20	3.25	3.27	3.24	3.26	1448019.00	471469344	0	3.278	3.307	3.297	3.283	3.251	3.209	1448019	1926741	1932593.25	2148007	25.234	37.445	0.812
2017/04/21	3.26	3.30	3.25	3.29	3277924.00	1076741632	0	3.274	3.3	3.299	3.284	3.253	3.21	3277924	2204911.5	1992803.75	2235378.5	35.004	36.631	31.75
2017/04/24	3.28	3.32	3.28	3.32	2575190.00	851249344	0	3.278	3.298	3.303	3.287	3.256	3.211	2575190	2266600.75	2072917	2273886	53.336	42.2	75.609
2017/04/25	3.31	3.33	3.30	3.33	1501616.00	497906048	0	3.29	3.297	3.307	3.29	3.259	3.213	1501616	2309007.25	2077508.75	2265238.75	68.891	51.097	104.479
2017/04/26	3.32	3.36	3.31	3.35	2797946.00	934723072	0	3.31	3.3	3.313	3.294	3.262	3.215	2797946	2320139	2135899	2330422.75	76.696	59.63	110.829
2017/04/27	3.34	3.39	3.34	3.38	3056399.00	1027246272	0	3.334	3.306	3.317	3.298	3.266	3.216	3056399	2641815	2284278	2333067	82.381	67.214	112.716
2017/04/28	3.37	3.38	3.35	3.38	1639822.00	551495872	0	3.352	3.313	3.322	3.302	3.269	3.218	1639822	2314194.5	2259553	2272619	86.171	73.533	111.447
2017/05/02	3.37	3.37	3.33	3.33	1468889.00	491426272	0	3.354	3.316	3.324	3.304	3.271	3.22	1468889	2092934.375	2179767.5	2211138.5	78.28	75.115	84.611
2017/05/03	3.33	3.33	3.30	3.31	1028427.00	341014336	0	3.35	3.32	3.322	3.305	3.273	3.221	1028427	1998296.625	2153652	2053494.75	67.742	72.658	57.912
2017/05/04	3.31	3.32	3.30	3.32	856428.00	283634112	0	3.344	3.327	3.321	3.307	3.276	3.222	856428	1609993	1965066	1970255.75	61.828	69.048	47.389
2017/05/05	3.31	3.33	3.29	3.33	1687092.00	558892160	0	3.334	3.334	3.32	3.309	3.278	3.224	1687092	1336131.625	1988973.25	1960783.25	56.37	64.822	39.467
