'601398'	工商银行	日线
日期	开盘	最高	最低	收盘	成交量	成交额	成交笔数	MA1	MA2	MA3	MA4	MA5	MA6		MA1	MA2	MA3	K	D	J
2014/10/08	3.53	3.54	3.49	3.53	1035548.00	363668608	0	3.536	3.533	3.551	3.531	3.521	3.514	1035548	804182.188	812304.688	773764.625	56.328	52.334	64.315
2014/10/09	3.52	3.53	3.51	3.52	701508.00	246661728	0	3.53	3.529	3.55	3.531	3.522	3.514	701508	744990.813	805005.875	764324.125	54.219	52.962	56.731
2014/10/10	3.51	3.52	3.50	3.51	668586.00	234263424	0	3.522	3.524	3.546	3.532	3.523	3.514	668586	780780.625	786035.375	757276.125	48.646	51.523	42.89
2014/10/13	3.50	3.51	3.48	3.48	828471.00	288764160	0	3.514	3.523	3.539	3.531	3.524	3.514	828471	781755.188	795781.875	749844.125	32.43	45.159	6.973
2014/10/14	3.48	3.50	3.48	3.48	514249.00	179211296	0	3.504	3.521	3.534	3.53	3.524	3.514	514249	749672.375	793060.875	750600.313	21.62	37.313	-9.765
2014/10/15	3.48	3.51	3.47	3.50	510453.00	178181968	0	3.498	3.517	3.531	3.53	3.525	3.514	510453	644653.375	724417.813	742863.75	25.525	33.383	9.807
2014/10/16	3.49	3.53	3.48	3.52	895556.00	314377920	0	3.498	3.514	3.53	3.531	3.526	3.514	895556	683463	714226.875	757560.75	37.85	34.872	43.805
2014/10/17	3.52	3.52	3.50	3.52	688790.00	241808896	0	3.5	3.511	3.527	3.534	3.527	3.515	688790	687503.813	734142.188	777371.375	49.043	39.596	67.937
2014/10/20	3.52	3.53	3.50	3.52	564222.00	198398592	0	3.508	3.511	3.524	3.536	3.528	3.516	564222	634654	708204.625	771672.5	56.505	45.232	79.05
2014/10/21	3.52	3.52	3.49	3.51	656451.00	230232816	0	3.514	3.509	3.523	3.537	3.53	3.516	656451	663094.375	706383.375	744671.75	59.892	50.119	79.439
2014/10/22	3.50	3.53	3.49	3.50	946627.00	332294528	0	3.514	3.506	3.52	3.536	3.531	3.517	946627	750329.188	697491.313	754898	56.595	52.277	65.229
2014/10/23	3.50	3.53	3.49	3.52	931504.00	327702752	0	3.514	3.506	3.517	3.535	3.532	3.518	931504	757518.813	720490.875	762748.375	65.508	56.687	83.148
2014/10/24	3.51	3.53	3.50	3.52	760485.00	267439456	0	3.514	3.507	3.516	3.533	3.533	3.518	760485	771857.813	729680.813	757858.125	71.449	61.608	91.132
2014/10/27	3.51	3.52	3.48	3.49	668997.00	233997088	0	3.508	3.508	3.516	3.529	3.533	3.518	668997	792812.813	713733.375	754757.625	58.744	60.653	54.925
2014/10/28	3.49	3.53	3.49	3.52	575108.00	201800032	0	3.51	3.512	3.516	3.527	3.531	3.519	575108	776544.188	719819.313	756440.125	65.829	62.379	72.731
2014/10/29	3.52	3.56	3.51	3.54	1127216.00	398318400	0	3.518	3.516	3.516	3.526	3.53	3.52	1127216	812662	781495.625	752956.688	68.886	64.548	77.563
2014/10/30	3.55	3.60	3.54	3.59	1489665.00	532277888	0	3.532	3.523	3.519	3.527	3.531	3.522	1489665	924294.188	840906.5	777566.688	76.48	68.525	92.389
2014/10/31	3.59	3.69	3.59	3.66	2169956.00	790282560	0	3.56	3.537	3.524	3.53	3.532	3.524	2169956	1206188.375	989023.125	861582.625	79.558	72.203	94.268
2014/11/03	3.67	3.67	3.62	3.63	1270581.00	462810304	0	3.588	3.548	3.53	3.532	3.532	3.525	1270581	1326505.25	1059659	883931.813	76.848	73.751	83.042
2014/11/04	3.63	3.66	3.61	3.64	1051043.00	381144416	0	3.612	3.561	3.535	3.535	3.533	3.527	1051043	1421692.25	1099118.25	902750.813	76.629	74.71	80.466
2014/11/05	3.64	3.65	3.57	3.58	1974283.00	709205824	0	3.62	3.569	3.537	3.536	3.533	3.528	1974283	1591105.625	1201883.75	949687.563	66.959	72.127	56.624
2014/11/06	3.58	3.59	3.54	3.57	1173599.00	418473856	0	3.616	3.574	3.54	3.536	3.533	3.529	1173599	1527892.375	1226093.25	973292.125	58.925	67.726	41.323
2014/11/07	3.56	3.61	3.54	3.57	1401026.00	500760096	0	3.598	3.579	3.543	3.537	3.533	3.53	1401026	1374106.375	1290147.375	1009914.125	52.617	62.69	32.471
2014/11/10	3.60	3.67	3.59	3.67	1929556.00	700418368	0	3.606	3.597	3.553	3.543	3.536	3.531	1929556	1505901.375	1416203.25	1064968.375	64.707	63.362	67.398
2014/11/11	3.69	3.92	3.69	3.81	5598216.00	2139143680	0	3.64	3.626	3.569	3.553	3.54	3.534	5598216	2415336	1918514.125	1319166.75	66.822	64.516	71.436
2014/11/12	3.78	3.78	3.72	3.76	1775730.00	665749632	0	3.676	3.648	3.582	3.56	3.544	3.537	1775730	2375625.5	1983365.5	1382430.5	63.847	64.293	62.954
2014/11/13	3.76	3.83	3.75	3.76	1864775.00	706374400	0	3.714	3.665	3.594	3.567	3.548	3.539	1864775	2513860.5	2020876.5	1430891.5	61.863	63.483	58.623
2014/11/14	3.78	3.79	3.74	3.78	1319533.00	496181920	0	3.756	3.677	3.607	3.575	3.553	3.541	1319533	2497562	1935834.25	1462428.625	62.294	63.087	60.71
2014/11/17	3.88	3.89	3.74	3.75	2171022.00	827209344	0	3.772	3.689	3.618	3.583	3.556	3.543	2171022	2545855.25	2025878.25	1542768.625	59.951	62.041	55.769
2014/11/18	3.79	3.80	3.71	3.72	1522533.00	569736064	0	3.754	3.697	3.629	3.589	3.56	3.545	1522533	1730718.625	2073027.25	1586072.75	55.757	59.946	47.377
2014/11/19	3.70	3.72	3.67	3.69	1079677.00	398616832	0	3.74	3.708	3.638	3.594	3.563	3.547	1079677	1591508	1983566.75	1592725.25	50.329	56.741	37.506
2014/11/20	3.68	3.70	3.65	3.68	923723.00	339571200	0	3.724	3.719	3.647	3.6	3.566	3.548	923723	1403297.625	1958579.125	1592336.25	42.644	52.042	23.848
2014/11/21	3.69	3.75	3.67	3.73	1114660.00	413475392	0	3.714	3.735	3.657	3.607	3.569	3.549	1114660	1362323	1929942.5	1610045	38.306	47.463	19.991
2014/11/24	3.70	3.78	3.68	3.73	1756372.00	657357504	0	3.71	3.741	3.669	3.615	3.573	3.551	1756372	1279393	1912624.125	1664413.75	36.648	43.858	22.228
2014/11/25	3.73	3.79	3.72	3.77	1603068.00	602064256	0	3.72	3.737	3.681	3.625	3.577	3.552	1603068	1295500	1513109.25	1715811.75	41.099	42.938	37.42
2014/11/26	3.77	3.82	3.75	3.82	2489965.00	944879744	0	3.746	3.743	3.695	3.636	3.583	3.554	2489965	1577557.625	1584532.75	1783949.125	51.01	45.629	61.773
2014/11/27	3.84	3.85	3.81	3.83	3064360.00	1174924800	0	3.776	3.75	3.707	3.646	3.589	3.556	3064360	2005685	1704491.25	1862683.875	59.007	50.088	76.844
2014/11/28	3.83	4.05	3.82	4.04	8537071.00	3356783616	0	3.838	3.776	3.727	3.663	3.599	3.56	8537071	3490167.25	2426245	2181039.75	71.838	57.338	100.837
2014/12/01	4.05	4.16	4.00	4.01	6506807.00	2639520000	0	3.894	3.802	3.746	3.68	3.608	3.563	6506807	4440254	2859823.5	2442851	71.421	62.033	90.199
2014/12/02	3.98	4.22	3.96	4.18	6677991.00	2730542592	0	3.976	3.848	3.773	3.702	3.619	3.568	6677991	5455239	3375369.5	2724198.25	78.608	67.558	100.71
2014/12/03	4.16	4.26	4.08	4.10	6488922.00	2697790464	0	4.032	3.889	3.799	3.722	3.629	3.571	6488922	6255030	3916294	2949930.25	76.699	70.605	88.888
2014/12/04	4.10	4.28	4.08	4.27	7137844.00	2985764608	0	4.12	3.948	3.833	3.747	3.641	3.575	7137844	7069727	4537706	3248142.5	83.911	75.04	101.652
2014/12/05	4.30	4.68	4.22	4.59	10246444.00	4580277248	0	4.23	4.034	3.885	3.783	3.658	3.583	10246444	7411601.5	5450884.5	3690413.5	86.149	78.743	100.96
2014/12/08	4.49	4.75	4.38	4.63	8713063.00	3966081536	0	4.354	4.124	3.932	3.821	3.675	3.59	8713063	7852853	6146553.5	4029588.75	86.766	81.417	97.463
2014/12/09	4.54	4.62	4.17	4.20	11371610.00	5075552768	0	4.358	4.167	3.952	3.843	3.685	3.593	11371610	8791577	7123407.5	4318258.5	71.674	78.169	58.682
2014/12/10	4.17	4.33	4.07	4.30	6160825.00	2574925824	0	4.398	4.215	3.979	3.869	3.697	3.598	6160825	8725957	7490493.5	4537513	64.987	73.775	47.41
2014/12/11	4.21	4.31	4.17	4.20	3721973.00	1574301184	0	4.384	4.252	4.001	3.889	3.708	3.602	3721973	8042783	7556255	4630373	53.451	67.001	26.352
2014/12/12	4.22	4.30	4.18	4.21	3137928.00	1327654272	0	4.308	4.269	4.023	3.907	3.719	3.606	3137928	6621080	7016340.5	4721293	46.183	60.061	18.425
2014/12/15	4.18	4.19	4.07	4.13	3420451.00	1408312832	0	4.208	4.281	4.042	3.924	3.728	3.612	3420451	5562557.5	6707705	4783764.5	33.73	51.284	-1.379
2014/12/16	4.12	4.27	4.12	4.25	4723266.00	1978360448	0	4.218	4.288	4.068	3.944	3.74	3.619	4723266	4232888.5	6512232.5	4943801	31.31	44.626	4.678
2014/12/17	4.27	4.52	4.21	4.47	9964655.00	4344311296	0	4.252	4.325	4.107	3.974	3.755	3.628	9964655	4993654.5	6859806	5388050	40.481	43.244	34.955
2014/12/18	4.46	4.47	4.32	4.35	5480074.00	2403489536	0	4.282	4.333	4.141	4	3.768	3.636	5480074	5345275	6694029	5615867.5	40.713	42.401	37.338
2014/12/19	4.34	4.45	4.31	4.41	6054376.00	2657662720	0	4.322	4.315	4.174	4.028	3.782	3.644	6054376	5928564.5	6274822	5862853	47.748	44.183	54.878
2014/12/22	4.46	4.80	4.46	4.71	17465552.00	8172305408	0	4.438	4.323	4.223	4.063	3.803	3.655	17465552	8737585	7150071	6648312	61.056	49.807	83.553
2014/12/23	4.60	4.67	4.46	4.48	7783032.00	3564935680	0	4.484	4.351	4.259	4.085	3.819	3.664	7783032	9349538	6791213	6957310.5	59.425	53.013	72.249
2014/12/24	4.51	4.53	4.26	4.33	6245798.00	2720391936	0	4.456	4.354	4.285	4.104	3.832	3.672	6245798	8605766	6799710.5	7145102	51.489	52.505	49.457
2014/12/25	4.38	4.50	4.34	4.46	5493031.00	2432539648	0	4.478	4.38	4.316	4.127	3.847	3.681	5493031	8608358	6976816.5	7266535.5	52.134	52.382	51.64
2014/12/26	4.47	4.64	4.45	4.62	6707735.00	3048645888	0	4.52	4.421	4.345	4.155	3.865	3.691	6707735	8739030	7333797	7175069	59.266	54.676	68.445
2014/12/29	4.78	4.82	4.55	4.61	8862667.00	4174208000	0	4.5	4.469	4.375	4.184	3.883	3.701	8862667	7018452.5	7878018.5	7292862	61.369	56.907	70.292
2014/12/30	4.61	4.78	4.57	4.71	6966028.00	3268242944	0	4.546	4.515	4.401	4.217	3.903	3.711	6966028	6855052	8102295	7307263.5	67.698	60.504	82.086
2014/12/31	4.73	4.92	4.65	4.87	10502947.00	5049596416	0	4.654	4.555	4.44	4.256	3.925	3.723	10502947	7706481.5	8156124	7507965	75.94	65.649	96.522
2015/01/05	4.93	5.15	4.90	5.06	13658517.00	6849226240	0	4.774	4.626	4.479	4.302	3.951	3.737	13658517	9339579	8973968	7833998.5	80.589	70.629	100.509
2015/01/06	5.00	5.36	4.95	5.10	14975615.00	7672745984	0	4.87	4.695	4.505	4.348	3.977	3.75	14975615	10993155	9866092	8070457	79.181	73.48	90.583
2015/01/07	5.00	5.10	4.95	5.04	8105967.00	4076793856	0	4.956	4.728	4.525	4.392	4.003	3.764	8105967	10841815	8930134	8040102.5	76.424	74.461	80.348
2015/01/08	5.05	5.07	4.80	4.83	6920491.00	3396521216	0	4.98	4.763	4.557	4.427	4.026	3.775	6920491	10832707	8843880	7817546.5	66.962	71.961	56.963
2015/01/09	4.82	5.15	4.74	4.88	9915904.00	4905936896	0	4.982	4.818	4.586	4.462	4.049	3.787	9915904	10715299	9210890	8005300.5	60.392	68.105	44.967
2015/01/12	4.85	4.92	4.72	4.82	5470374.00	2638839552	0	4.934	4.854	4.617	4.495	4.071	3.798	5470374	9077670	9208624	8092720.5	51.373	62.528	29.063
2015/01/13	4.79	4.86	4.78	4.82	2685262.00	1292588800	0	4.878	4.874	4.648	4.521	4.092	3.81	2685262	6619599.5	8806377	8070087	44.797	56.617	21.156
2015/01/14	4.84	4.97	4.83	4.89	5396965.00	2645522688	0	4.848	4.902	4.686	4.551	4.115	3.822	5396965	6077799	8459807	8168913	41.132	51.456	20.485
2015/01/15	4.89	5.12	4.85	5.09	6232085.00	3093536256	0	4.9	4.94	4.727	4.581	4.141	3.836	6232085	5940118	8386412.5	8244354	46.692	49.868	40.341
2015/01/16	5.12	5.27	5.10	5.15	7868540.00	4073206016	0	4.954	4.968	4.761	4.616	4.169	3.85	7868540	5530645	8122972	8139548	53.524	51.087	58.399
2015/01/19	4.80	4.93	4.64	4.64	9924687.00	4725213696	0	4.918	4.926	4.776	4.628	4.188	3.86	9924687	6421508	7749589	8361778.5	35.683	45.952	15.144
2015/01/20	4.66	4.74	4.53	4.64	6479209.00	3017983744	0	4.882	4.88	4.787	4.63	4.206	3.87	6479209	7180297	6899948.5	8383020.5	28.743	40.216	5.799
2015/01/21	4.68	4.98	4.64	4.92	7928434.00	3797531392	0	4.888	4.868	4.798	4.64	4.23	3.881	7928434	7686591	6882195	7906164.5	36.73	39.054	32.082
2015/01/22	4.92	4.93	4.80	4.88	5696593.00	2770806784	0	4.846	4.873	4.818	4.662	4.253	3.892	5696593	7579492.5	6759805.5	7801842.5	40.252	39.453	41.85
2015/01/23	4.91	5.13	4.91	4.98	9319396.00	4664106496	0	4.812	4.883	4.851	4.685	4.277	3.904	9319396	7869664	6700154.5	7955522.5	47.105	42.004	57.308
2015/01/26	4.97	4.99	4.84	4.93	5326525.00	2614900736	0	4.87	4.894	4.874	4.709	4.299	3.915	5326525	6950031.5	6685769.5	7947197	49.421	44.476	59.311
2015/01/27	4.93	4.93	4.69	4.78	7041010.00	3376429824	0	4.898	4.89	4.882	4.728	4.318	3.925	7041010	7062391.5	7121344.5	7963861	44.209	44.387	43.852
2015/01/28	4.73	4.77	4.65	4.69	5512968.00	2591288832	0	4.852	4.87	4.886	4.747	4.335	3.934	5512968	6579298.5	7132944.5	7796376	36.68	41.818	26.403
2015/01/29	4.61	4.64	4.53	4.56	5775369.00	2643394304	0	4.788	4.817	4.878	4.757	4.351	3.942	5775369	6595053.5	7087273	7736843	26.12	36.585	5.189
2015/01/30	4.59	4.62	4.51	4.54	4194274.00	1912726784	0	4.7	4.756	4.862	4.76	4.367	3.95	4194274	5570029	6719846.5	7421409	19.026	30.732	-4.386
2015/02/02	4.48	4.48	4.38	4.41	5080242.00	2250689536	0	4.596	4.733	4.83	4.762	4.381	3.957	5080242	5520772.5	6235402	6992495.5	14.017	25.161	-8.269
2015/02/03	4.45	4.51	4.37	4.50	5615866.00	2491369472	0	4.54	4.719	4.799	4.765	4.396	3.965	5615866	5235744	6149067.5	6524508	15.047	21.789	1.561
2015/02/04	4.50	4.53	4.40	4.41	4643943.00	2074139776	0	4.484	4.668	4.768	4.755	4.409	3.972	4643943	5061939	5820618.5	6351407	11.786	18.455	-1.553
2015/02/05	4.59	4.61	4.39	4.40	7609649.00	3426932736	0	4.452	4.62	4.747	4.752	4.418	3.979	7609649	5428795	6011924	6385865	9.47	15.46	-2.51
2015/02/06	4.37	4.38	4.27	4.30	5037135.00	2182154752	0	4.404	4.552	4.718	4.751	4.427	3.986	5037135	5597367	5583698	6141926.5	7.828	12.916	-2.347
2015/02/09	4.27	4.34	4.24	4.30	4755478.00	2036829440	0	4.382	4.489	4.692	4.746	4.437	3.992	4755478	5532414	5526593.5	6106181.5	8.993	11.608	3.761
2015/02/10	4.29	4.36	4.27	4.36	4510464.00	1950964736	0	4.354	4.447	4.668	4.737	4.446	3.999	4510464	5311334	5273539	6197441.5	15.995	13.07	21.844
2015/02/11	4.31	4.36	4.30	4.33	2963370.00	1282181760	0	4.338	4.411	4.641	4.728	4.456	4.006	2963370	4975219	5018579	6075762	18.558	14.9	25.875
2015/02/12	4.32	4.35	4.28	4.34	2973674.00	1282864128	0	4.326	4.389	4.603	4.715	4.466	4.013	2973674	4048024.25	4738409.5	5912841.5	21.381	17.06	30.023
2015/02/13	4.36	4.46	4.35	4.44	4825031.00	2127026688	0	4.354	4.379	4.568	4.701	4.479	4.021	4825031	4005603.5	4801485	5760666	32.272	22.131	52.555
2015/02/16	4.43	4.44	4.39	4.42	2371066.00	1047007232	0	4.378	4.38	4.556	4.68	4.491	4.028	2371066	3528721	4530567.5	5382985	37.731	27.331	58.531
2015/02/17	4.43	4.52	4.43	4.49	3255811.00	1460312064	0	4.404	4.379	4.549	4.659	4.504	4.036	3255811	3277790.5	4294562	5221815	47.676	34.113	74.804
2015/02/25	4.49	4.53	4.46	4.49	3161084.00	1421512192	0	4.436	4.387	4.528	4.641	4.516	4.045	3161084	3317333.25	4146276.25	4983447.5	60.52	42.915	95.729
2015/02/26	4.47	4.61	4.46	4.59	5011624.00	2273319424	0	4.486	4.406	4.513	4.633	4.53	4.054	5011624	3724923.25	3886473.75	4949199	71.878	52.569	110.495
2015/02/27	4.60	4.62	4.54	4.58	3811562.00	1747248000	0	4.514	4.434	4.493	4.623	4.543	4.063	3811562	3522229.5	3763916.5	4673807	77.443	60.861	110.607
2015/03/02	4.59	4.61	4.54	4.57	3072297.00	1403422848	0	4.544	4.461	4.475	4.615	4.555	4.072	3072297	3662475.5	3595598.25	4561096	80.06	67.26	105.659
2015/03/03	4.54	4.55	4.40	4.40	4399418.00	1964964736	0	4.526	4.465	4.456	4.601	4.561	4.08	4399418	3891197	3584493.75	4429016	65.138	66.553	62.308
2015/03/04	4.40	4.43	4.36	4.38	2484734.00	1091708160	0	4.504	4.47	4.441	4.584	4.567	4.088	2484734	3755927	3536630	4277604.5	47.129	60.078	21.231
2015/03/05	4.35	4.37	4.28	4.31	2953411.00	1275158912	0	4.448	4.467	4.428	4.558	4.569	4.094	2953411	3344284.5	3534603.75	4136506.75	34.36	51.506	0.07
2015/03/06	4.32	4.36	4.30	4.34	2195382.00	951292032	0	4.4	4.457	4.418	4.531	4.573	4.101	2195382	3021048.5	3271639	4036562	28.789	43.934	-1.499
2015/03/09	4.36	4.56	4.31	4.52	5269589.00	2344408064	0	4.39	4.467	4.424	4.527	4.577	4.109	5269589	3460506.75	3561491.25	4046029.5	42.722	43.53	41.107
2015/03/10	4.47	4.48	4.41	4.42	3422440.00	1520247680	0	4.394	4.46	4.419	4.519	4.575	4.116	3422440	3265111.25	3578154	3936358	42.207	43.089	40.443
2015/03/11	4.43	4.52	4.43	4.46	3189576.00	1427555072	0	4.41	4.457	4.422	4.504	4.572	4.123	3189576	3406079.5	3581003.25	3863639.75	45.785	43.988	49.38
2015/03/12	4.52	4.65	4.49	4.57	6654063.00	3044381184	0	4.462	4.455	4.431	4.494	4.578	4.131	6654063	4146210	3745247.25	3815860.5	56.65	48.208	73.532
2015/03/13	4.61	4.66	4.53	4.57	5058807.00	2329716224	0	4.508	4.454	4.444	4.48	4.582	4.14	5058807	4718895	3869971.75	3816944	63.205	53.207	83.201
2015/03/16	4.59	4.62	4.55	4.60	3917081.00	1797078528	0	4.524	4.457	4.459	4.469	4.589	4.149	3917081	4448393.5	3954450	3775024.25	70.207	58.874	92.873
2015/03/17	4.62	4.64	4.60	4.63	4545496.00	2099251200	0	4.566	4.48	4.472	4.464	4.596	4.157	4545496	4673004.5	3969058	3776775.75	77.506	65.085	102.35
2015/03/18	4.63	4.74	4.62	4.73	6208598.00	2905011200	0	4.62	4.515	4.492	4.465	4.606	4.167	6208598	5276809	4341444.5	3939037.25	84.247	71.472	109.796
2015/03/19	4.73	4.74	4.67	4.69	5179456.00	2435866112	0	4.644	4.553	4.51	4.47	4.614	4.177	5179456	4981887.5	4564049	4049326.25	85.622	76.189	104.488
2015/03/20	4.68	4.78	4.65	4.72	5964981.00	2812444160	0	4.674	4.591	4.524	4.476	4.618	4.186	5964981	5163122.5	4941008.5	4106323.75	85.009	79.129	96.77
2015/03/23	4.78	4.81	4.74	4.78	5349613.00	2555339264	0	4.71	4.617	4.542	4.488	4.625	4.196	5349613	5449629	4949011	4255251	87.375	81.877	98.369
2015/03/24	4.81	4.87	4.75	4.80	7775515.00	3728768000	0	4.744	4.655	4.557	4.498	4.631	4.207	7775515	6095632.5	5384318.5	4481236.5	85.443	83.066	90.196
2015/03/25	4.78	4.81	4.68	4.69	6507089.00	3088804608	0	4.736	4.678	4.568	4.507	4.631	4.217	6507089	6155331	5716070	4648536.5	72.648	79.593	58.758
2015/03/26	4.65	4.76	4.62	4.72	4674255.00	2191190016	0	4.742	4.693	4.574	4.518	4.635	4.227	4674255	6054290.5	5518089	4631668	66.14	75.109	48.203
2015/03/27	4.73	4.75	4.67	4.71	4540518.00	2139574400	0	4.74	4.707	4.581	4.532	4.641	4.237	4540518	5769398	5466260	4668116	57.674	69.297	34.427
2015/03/30	4.75	4.94	4.74	4.92	11375063.00	5509450752	0	4.768	4.739	4.598	4.552	4.649	4.248	11375063	6974488	6212058.5	5083254	69.699	69.431	70.235
2015/03/31	4.99	5.01	4.82	4.86	10047477.00	4946411008	0	4.78	4.762	4.621	4.569	4.653	4.259	10047477	7428880.5	6762256.5	5365657	66.979	68.614	63.709
2015/04/01	4.83	4.92	4.82	4.89	6824758.00	3322487296	0	4.82	4.778	4.647	4.588	4.658	4.271	6824758	7492414	6823872.5	5582658.5	67.73	68.319	66.551
2015/04/02	4.91	4.92	4.81	4.85	5559222.00	2697751296	0	4.846	4.794	4.674	4.605	4.66	4.281	5559222	7669407.5	6861849	5712949	64.811	67.15	60.134
2015/04/03	4.81	4.89	4.79	4.87	5141819.00	2495174400	0	4.878	4.809	4.7	4.619	4.66	4.293	5141819	7789668	6779533	5860271	64.575	66.291	61.142
2015/04/07	4.93	5.00	4.90	5.00	8617609.00	4270348288	0	4.894	4.831	4.724	4.638	4.659	4.305	8617609	7238177	7106332.5	6027672	75.529	69.371	87.845
2015/04/08	5.01	5.05	4.92	5.04	8803451.00	4397159424	0	4.93	4.855	4.755	4.657	4.658	4.318	8803451	6989372	7209126	6296722.5	82.91	73.884	100.964
2015/04/09	5.05	5.14	5.00	5.03	8768798.00	4426962432	0	4.958	4.889	4.784	4.675	4.658	4.331	8768798	7378180	7435297	6575683.5	80.806	76.191	90.035
2015/04/10	5.01	5.12	5.00	5.10	6893611.00	3486315008	0	5.008	4.927	4.81	4.692	4.662	4.344	6893611	7645057.5	7657232.5	6587661	83.87	78.751	94.109
2015/04/13	5.18	5.33	5.18	5.32	12595379.00	6605527552	0	5.098	4.988	4.847	4.716	4.67	4.359	12595379	9135770	8462719	6964489.5	88.63	82.044	101.801
2015/04/14	5.30	5.35	5.22	5.26	7637215.00	4035741696	0	5.15	5.022	4.88	4.739	4.677	4.374	7637215	8939691	8088934	7150496	87.063	83.717	93.754
2015/04/15	5.26	5.60	5.25	5.43	11358019.00	6130926592	0	5.228	5.079	4.92	4.774	4.687	4.39	11358019	9450604	8219988	7491122.5	84.379	83.938	85.262
2015/04/16	5.41	5.63	5.37	5.62	9440080.00	5168773120	0	5.346	5.152	4.965	4.815	4.699	4.407	9440080	9584861	8481520	7652696.5	89.189	85.688	96.192
2015/04/17	5.72	5.76	5.62	5.64	11548090.00	6557324288	0	5.454	5.231	5.012	4.859	4.708	4.425	11548090	10515757	9080407	7971128	88.142	86.506	91.413
2015/04/20	5.69	5.69	5.40	5.42	14141692.00	7840590336	0	5.474	5.286	5.048	4.895	4.713	4.441	14141692	10825019	9980394	8379963.5	78.602	83.871	68.064
2015/04/21	5.40	5.45	5.32	5.44	12279836.00	6613553152	0	5.51	5.33	5.081	4.926	4.726	4.457	12279836	11753543	10346617	8726475	71.7	79.814	55.471
2015/04/22	5.47	5.52	5.42	5.52	9390308.00	5135954944	0	5.528	5.378	5.116	4.963	4.741	4.474	9390308	11360001	10405303	8807214	70.607	76.745	58.33
2015/04/23	5.53	5.53	5.43	5.48	7720455.00	4226012160	0	5.5	5.423	5.156	4.997	4.75	4.49	7720455	11016076	10300468	8867883	64.313	72.601	47.736
2015/04/24	5.37	5.40	5.25	5.33	7966623.00	4249846784	0	5.438	5.446	5.187	5.022	4.758	4.505	7966623	10299783	10407770	9032501	49.665	64.956	19.084
2015/04/27	5.33	5.50	5.33	5.50	8948649.00	4866667520	0	5.454	5.464	5.226	5.053	4.766	4.522	8948649	9261174	10043097	9252908	49.45	59.787	28.776
2015/04/28	5.53	5.85	5.49	5.64	15395491.00	8668592128	0	5.494	5.502	5.262	5.088	4.778	4.539	15395491	9884305	10818924	9453929	54.633	58.069	47.762
2015/04/29	5.57	5.58	5.44	5.53	7374465.00	4055593472	0	5.496	5.512	5.295	5.118	4.791	4.554	7374465	9481137	10420569	9320278	51.978	56.039	43.856
2015/04/30	5.50	5.52	5.40	5.41	6181688.00	3363326976	0	5.482	5.491	5.321	5.14	4.803	4.569	6181688	9173383	10094730	9288125	43.541	51.873	26.877
2015/05/04	5.39	5.42	5.36	5.39	4358450.00	2347049472	0	5.494	5.466	5.348	5.164	4.817	4.584	4358450	8451749	9375766	9228086	36.805	46.85	16.715
2015/05/05	5.39	5.39	5.11	5.14	7923255.00	4154907648	0	5.422	5.438	5.362	5.178	4.827	4.597	7923255	8246670	8753922	9367158	25.888	39.863	-2.062
2015/05/06	5.14	5.28	5.10	5.13	5899041.00	3058482176	0	5.32	5.407	5.368	5.189	4.839	4.61	5899041	6347380	8115842.5	9231230	18.592	32.772	-9.769
2015/05/07	5.13	5.18	5.07	5.08	4401962.00	2251034880	0	5.23	5.363	5.371	5.199	4.848	4.622	4401962	5752879	7617008	9011155	12.822	26.122	-13.779
2015/05/08	5.13	5.17	5.07	5.15	3524750.00	1805319936	0	5.178	5.33	5.377	5.214	4.861	4.635	3524750	5221491.5	7197437.5	8748953	11.967	21.404	-6.907
2015/05/11	5.15	5.21	5.06	5.20	5454729.00	2796222720	0	5.14	5.317	5.381	5.23	4.874	4.646	5454729	5440747.5	6946248	8677009	13.885	18.898	3.86
2015/05/12	5.22	5.22	5.13	5.19	4470726.00	2315241984	0	5.15	5.286	5.375	5.246	4.889	4.658	4470726	4750241.5	6498455.5	8270776	17.59	18.462	15.847
2015/05/13	5.21	5.24	5.14	5.16	4477733.00	2320210944	0	5.156	5.238	5.37	5.254	4.903	4.67	4477733	4465980	5406680	8112802	18.973	18.632	19.655
2015/05/14	5.18	5.19	5.10	5.13	4277950.00	2200069120	0	5.166	5.198	5.355	5.263	4.916	4.681	4277950	4441177.5	5097028.5	7758798.5	19.13	18.798	19.794
2015/05/15	5.12	5.13	5.03	5.08	4599146.00	2333028864	0	5.152	5.165	5.328	5.269	4.929	4.692	4599146	4656057	4938774	7516752	17.383	18.326	15.496
2015/05/18	5.03	5.07	4.99	5.00	3388706.00	1703567872	0	5.112	5.126	5.296	5.274	4.939	4.703	3388706	4242852	4841800	7108783	12.738	16.464	5.287
2015/05/19	4.99	5.15	4.98	5.14	4852377.00	2471092992	0	5.102	5.126	5.282	5.283	4.951	4.715	4852377	4319182.5	4534712	6644317	29.005	20.644	45.727
2015/05/20	5.14	5.23	5.11	5.15	5022616.00	2592655872	0	5.1	5.128	5.267	5.288	4.963	4.727	5022616	4428159	4447069.5	6281456	41.132	27.473	68.448
2015/05/21	5.15	5.24	5.14	5.20	4049383.00	2103803904	0	5.114	5.14	5.252	5.294	4.975	4.739	4049383	4382445.5	4411811.5	6014410	55.626	36.858	93.163
2015/05/22	5.25	5.35	5.22	5.33	5711108.00	3026571008	0	5.164	5.158	5.244	5.304	4.989	4.753	5711108	4604838	4630447.5	5913942.5	68.616	47.444	110.96
2015/05/25	5.35	5.44	5.35	5.44	5078211.00	2740220672	0	5.252	5.182	5.249	5.315	5.003	4.767	5078211	4942739	4592795.5	5769522	79.077	57.988	121.255
2015/05/26	5.45	5.47	5.40	5.44	4910491.00	2667503872	0	5.312	5.207	5.247	5.319	5.018	4.78	4910491	4954362	4636772	5567614	84.011	66.662	118.707
2015/05/27	5.45	5.46	5.32	5.37	5919550.00	3187843840	0	5.356	5.228	5.233	5.323	5.031	4.793	5919550	5133748.5	4780954	5093817	82.538	71.954	103.705
2015/05/28	5.36	5.37	5.07	5.10	6858904.00	3597809664	0	5.336	5.225	5.212	5.312	5.043	4.802	6858904	5695653	5039049	5068039	63.188	69.032	51.501
2015/05/29	5.07	5.14	5.00	5.07	5387033.00	2730794496	0	5.284	5.224	5.194	5.293	5.054	4.811	5387033	5630838	5117838	5028306	48.248	62.104	20.536
2015/06/01	5.07	5.25	5.03	5.23	7671787.00	3949707776	0	5.242	5.247	5.187	5.28	5.069	4.819	7671787	6149553	5546146	5193973	48.477	57.562	30.308
2015/06/02	5.21	5.25	5.14	5.20	5191380.00	2689808128	0	5.194	5.253	5.189	5.272	5.084	4.829	5191380	6205731	5580046.5	5057379	46.503	53.875	31.757
2015/06/03	5.20	5.24	5.12	5.20	4448077.00	2300977408	0	5.16	5.258	5.193	5.264	5.095	4.836	4448077	5911436	5522592.5	4984831	45.186	50.979	33.6
2015/06/04	5.20	5.38	5.13	5.34	8768898.00	4623463424	0	5.208	5.272	5.206	5.258	5.11	4.843	8768898	6293435	5994544	5203178	54.238	52.065	58.582
2015/06/05	5.41	5.45	5.23	5.32	8747890.00	4673267712	0	5.258	5.271	5.214	5.253	5.125	4.848	8747890	6965606.5	6298222	5464335	58.853	54.328	67.904
2015/06/08	5.32	5.64	5.30	5.63	17261580.00	9499321344	0	5.338	5.29	5.236	5.263	5.142	4.86	17261580	8883565	7516559	6054677.5	72.048	60.235	95.675
2015/06/09	5.65	5.69	5.45	5.52	13129097.00	7303845888	0	5.402	5.298	5.253	5.264	5.158	4.87	13129097	10471108	8338419.5	6487596	73.153	64.541	90.377
2015/06/10	5.44	5.48	5.41	5.43	7455057.00	4060887296	0	5.448	5.304	5.266	5.257	5.172	4.881	7455057	11072504	8491970	6636462	69.542	66.208	76.209
2015/06/11	5.42	5.46	5.35	5.42	4976747.00	2687770368	0	5.464	5.336	5.28	5.253	5.185	4.891	4976747	10314074	8303754.5	6671402	66.058	66.158	65.858
2015/06/12	5.43	5.44	5.37	5.44	4852189.00	2625858304	0	5.488	5.373	5.299	5.254	5.197	4.902	4852189	9534934	8250270	6684054	62.752	65.023	58.211
2015/06/15	5.45	5.51	5.31	5.32	7002855.00	3785027584	0	5.426	5.382	5.314	5.252	5.208	4.911	7002855	7483189	8183377	6864761.5	53.531	61.192	38.208
2015/06/16	5.29	5.37	5.20	5.23	5338685.00	2823396864	0	5.368	5.385	5.319	5.255	5.216	4.917	5338685	5925106.5	8198107.5	6889077	41.639	54.674	15.57
2015/06/17	5.29	5.32	5.21	5.29	4848571.00	2553292544	0	5.34	5.394	5.326	5.26	5.225	4.925	4848571	5403809.5	8238157	6880374.5	33.882	47.744	6.159
2015/06/18	5.26	5.26	5.07	5.11	5059354.00	2624346880	0	5.278	5.371	5.321	5.261	5.23	4.931	5059354	5420331	7867202.5	6930873	24.739	40.075	-5.935
2015/06/19	5.08	5.14	4.95	4.97	5697821.00	2884750336	0	5.184	5.336	5.304	5.255	5.234	4.933	5697821	5589457	7562195.5	6930209	17.393	32.515	-12.849
2015/06/23	5.00	5.20	4.98	5.18	6877079.00	3499038720	0	5.156	5.291	5.291	5.254	5.242	4.939	6877079	5564302	6523745.5	7020152	25.286	30.105	15.648
2015/06/24	5.18	5.24	5.13	5.22	4850953.00	2513574656	0	5.154	5.261	5.28	5.255	5.251	4.946	4850953	5466755.5	5695931	7017175.5	32.929	31.046	36.694
2015/06/25	5.31	5.34	5.12	5.15	5370492.00	2819105024	0	5.126	5.233	5.268	5.255	5.254	4.952	5370492	5571140	5487474.5	6989722.5	33.857	31.983	37.605
2015/06/26	5.11	5.17	4.85	4.98	7757871.00	3910574592	0	5.1	5.189	5.262	5.25	5.256	4.955	7757871	6110843	5765587	7034671	29.137	31.035	25.342
2015/06/29	5.04	5.10	4.70	5.07	9188542.00	4584033792	0	5.12	5.152	5.262	5.25	5.26	4.959	9188542	6808987.5	6199222.5	7224746	37.833	33.301	46.897
2015/06/30	5.06	5.29	5.00	5.28	9650413.00	4972056576	0	5.14	5.148	5.265	5.259	5.267	4.963	9650413	7363654	6463978	7323677.5	55.43	40.677	84.936
2015/07/01	5.20	5.24	5.11	5.14	6062181.00	3141718272	0	5.124	5.139	5.262	5.259	5.271	4.966	6062181	7605900	6536327.5	7367217.5	59.87	47.075	85.461
2015/07/02	5.15	5.48	5.03	5.44	14326338.00	7516680704	0	5.182	5.154	5.274	5.269	5.279	4.969	14326338	9397069	7484104.5	7861130.5	71.537	55.229	104.154
2015/07/03	5.30	5.44	5.16	5.31	11772613.00	6290095104	0	5.248	5.174	5.273	5.272	5.283	4.97	11772613	10200017	8155430.5	8011316.5	73.76	61.406	98.468
2015/07/06	5.73	5.80	5.43	5.79	29495824.00	16699621376	0	5.392	5.256	5.296	5.288	5.296	4.977	29495824	14261474	10535231	9048713	82.204	68.339	109.934
2015/07/07	5.48	5.94	5.36	5.74	22484044.00	12789666816	0	5.484	5.312	5.301	5.298	5.306	4.984	22484044	16828200	12095927	9309836	82.759	73.145	101.987
2015/07/08	5.42	5.82	5.17	5.47	29707972.00	16225472512	0	5.55	5.337	5.299	5.299	5.309	4.989	29707972	21557358	14581629	10138780	75.872	74.054	79.507
2015/07/09	5.47	5.88	5.10	5.58	20082182.00	11073784832	0	5.578	5.38	5.306	5.306	5.314	4.996	20082182	22708528	16052798	10770136	74.237	74.115	74.481
2015/07/10	5.40	5.90	5.31	5.54	21162592.00	11959769088	0	5.624	5.436	5.313	5.32	5.316	5.002	21162592	24586522	17393270	11579429	68.64	72.29	61.341
2015/07/13	5.39	5.41	5.22	5.27	14032233.00	7451598336	0	5.52	5.456	5.304	5.327	5.31	5.005	14032233	21493804	17877640	12038431	54.551	66.377	30.9
2015/07/14	5.20	5.26	5.04	5.15	10965126.00	5625904640	0	5.402	5.443	5.295	5.324	5.302	5.005	10965126	19190020	18009110	12236544	40.763	57.839	6.611
2015/07/15	5.11	5.30	5.10	5.27	10602490.00	5521335808	0	5.362	5.456	5.298	5.327	5.299	5.006	10602490	15368925	18463142	12499735	35.694	50.458	6.167
2015/07/16	5.27	5.37	5.15	5.22	7413634.00	3888617216	0	5.29	5.434	5.294	5.327	5.296	5.011	7413634	12835215	17771872	12627988	30.463	43.793	3.803
2015/07/17	5.22	5.24	5.15	5.21	5517754.00	2864933632	0	5.224	5.424	5.299	5.323	5.291	5.016	5517754	9706247	17146386	12650908	26.605	38.063	3.688
2015/07/20	5.18	5.21	5.14	5.17	4959048.00	2567507712	0	5.204	5.362	5.309	5.318	5.286	5.018	4959048	7891610.5	14692708	12613969	22.775	32.967	2.391
2015/07/21	5.15	5.19	5.11	5.15	4100623.00	2110593792	0	5.204	5.303	5.307	5.302	5.282	5.02	4100623	6518710	12854365	12475146	19.447	28.461	1.42
2015/07/22	5.13	5.17	5.11	5.12	3318398.00	1702971136	0	5.174	5.268	5.302	5.289	5.276	5.021	3318398	5061891.5	10215408	12398518	16.065	24.329	-0.461
2015/07/23	5.11	5.16	5.10	5.15	3781269.00	1942306432	0	5.16	5.225	5.302	5.279	5.268	5.023	3781269	4335418.5	8585317	12319057	20.62	23.093	15.675
2015/07/24	5.15	5.16	5.09	5.10	4378188.00	2241409792	0	5.138	5.181	5.308	5.269	5.261	5.026	4378188	4107505.25	6906876.5	12150073	19.807	21.998	15.427
2015/07/27	5.06	5.10	4.76	4.82	6316108.00	3140444672	0	5.068	5.136	5.296	5.248	5.251	5.027	6316108	4378917	6135264	12006452	16.484	20.16	9.132
2015/07/28	4.76	4.98	4.72	4.83	5980843.00	2895525888	0	5.004	5.104	5.273	5.232	5.242	5.029	5980843	4754961	5636835.5	11822973	16.63	18.983	11.924
2015/07/29	4.80	4.89	4.80	4.86	3772763.00	1824651648	0	4.952	5.063	5.26	5.219	5.237	5.032	3772763	4845834	4953863	11708502	20.061	19.342	21.498
2015/07/30	4.85	4.86	4.79	4.79	3121665.00	1503512960	0	4.88	5.02	5.227	5.203	5.231	5.035	3121665	4713913.5	4524666	11148268	18.136	18.94	16.527
2015/07/31	4.77	4.86	4.74	4.83	3067752.00	1467023104	0	4.826	4.982	5.203	5.193	5.227	5.038	3067752	4451826	4279665.5	10713025	19.892	19.258	21.161
2015/08/03	4.79	4.89	4.75	4.87	4809866.00	2319874560	0	4.836	4.952	5.157	5.19	5.222	5.042	4809866	4150577.75	4264747.5	9478728	24.373	20.963	31.192
2015/08/04	4.83	4.88	4.82	4.87	2551717.00	1236804352	0	4.844	4.924	5.114	5.18	5.217	5.045	2551717	3464752.5	4109857	8482111	27.612	23.179	36.478
2015/08/05	4.85	4.87	4.82	4.82	2251294.00	1090274432	0	4.836	4.894	5.081	5.166	5.211	5.05	2251294	3160458.75	4003146.5	7109277	25.984	24.114	29.723
2015/08/06	4.79	4.85	4.78	4.81	1648197.00	794823808	0	4.84	4.86	5.043	5.155	5.205	5.054	1648197	2865765.25	3789839.25	6187578	25.217	24.482	26.688
2015/08/07	4.83	4.85	4.80	4.84	1849985.00	894413312	0	4.842	4.834	5.008	5.15	5.2	5.058	1849985	2622211.75	3537019	5221947.5	32.196	27.053	42.482
2015/08/10	4.83	4.92	4.80	4.92	4349534.00	2116314624	0	4.852	4.844	4.99	5.145	5.198	5.063	4349534	2530145.5	3340361.5	4737812.5	54.797	36.301	91.79
2015/08/11	4.89	4.90	4.84	4.87	3123987.00	1520043136	0	4.852	4.848	4.976	5.132	5.195	5.067	3123987	2644599.5	3054676	4345756	60.606	44.403	93.012
2015/08/12	4.83	4.84	4.79	4.80	1968379.00	948524928	0	4.848	4.842	4.952	5.12	5.19	5.07	1968379	2588016.5	2874237.5	3914050.25	51.515	46.773	60.998
2015/08/13	4.79	4.83	4.74	4.79	2033103.00	972276352	0	4.844	4.842	4.931	5.099	5.184	5.074	2033103	2664997.5	2765381.5	3645023.75	43.603	45.717	39.375
2015/08/14	4.79	4.80	4.76	4.77	1675838.00	799466816	0	4.83	4.836	4.909	5.081	5.176	5.076	1675838	2630168.25	2626190	3452927.75	34.624	42.019	19.834
2015/08/17	4.75	4.76	4.69	4.71	2227515.00	1049689216	0	4.788	4.82	4.886	5.045	5.166	5.078	2227515	2205764.5	2367955	3316351.25	25.981	36.673	4.597
2015/08/18	4.71	4.74	4.63	4.63	3236202.00	1517727488	0	4.74	4.796	4.86	5.008	5.153	5.078	3236202	2228207.5	2436403.5	3273130.25	17.321	30.222	-8.482
2015/08/19	4.61	4.65	4.52	4.57	3403435.00	1555867392	0	4.694	4.771	4.832	4.978	5.138	5.078	3403435	2515218.5	2551617.5	3277382	15.714	25.386	-3.631
2015/08/20	4.59	4.61	4.54	4.55	2265575.00	1036189312	0	4.646	4.745	4.803	4.943	5.124	5.078	2265575	2561713	2613355.25	3201597.25	12.976	21.249	-3.571
2015/08/21	4.52	4.62	4.52	4.54	3916047.00	1788192512	0	4.6	4.715	4.774	4.91	5.115	5.079	3916047	3009754.75	2819961.5	3178490.25	10.405	17.635	-4.054
2015/08/24	4.48	4.48	4.09	4.10	5275064.00	2243120896	0	4.478	4.633	4.739	4.871	5.099	5.077	5275064	3619264.5	2912514.5	3126438	7.381	14.217	-6.29
2015/08/25	3.98	4.21	3.81	3.89	5336078.00	2138834944	0	4.33	4.535	4.692	4.829	5.077	5.073	5336078	4039239.75	3133723.5	3094199.75	7.535	11.99	-1.374
2015/08/26	3.97	4.11	3.81	4.05	5961083.00	2368997888	0	4.226	4.46	4.651	4.788	5.057	5.071	5961083	4550769.5	3532994	3203615.75	13.104	12.361	14.59
2015/08/27	4.06	4.25	3.95	4.24	5637206.00	2303939072	0	4.164	4.405	4.623	4.756	5.042	5.068	5637206	5225095.5	3893404.25	3329392.75	23.824	16.182	39.108
2015/08/28	4.22	4.27	4.16	4.23	3682563.00	1547716480	0	4.102	4.351	4.594	4.723	5.023	5.067	3682563	5178399	4094076.75	3360133.5	30.936	21.1	50.609
2015/08/31	4.18	4.21	4.11	4.19	3002307.00	1250690560	0	4.12	4.299	4.56	4.69	5.004	5.064	3002307	4723847.5	4171556	3269755.5	35.704	25.968	55.175
2015/09/01	4.19	4.53	4.17	4.50	10185412.00	4491813888	0	4.242	4.286	4.541	4.669	4.985	5.064	10185412	5693714	4866477	3651440.25	52.197	34.711	87.17
2015/09/02	4.37	4.95	4.34	4.95	13946057.00	6542697984	0	4.422	4.324	4.548	4.663	4.976	5.067	13946057	7290709	5920739	4236178.5	68.132	45.851	112.692
2015/09/07	4.73	4.75	4.49	4.52	6485428.00	2988526848	0	4.478	4.321	4.533	4.642	4.961	5.066	6485428	7460353.5	6342724.5	4478040	66.181	52.628	93.288
2015/09/08	4.44	4.54	4.35	4.50	4041994.00	1800877184	0	4.532	4.317	4.516	4.622	4.945	5.065	4041994	7532239.5	6355319	4587640.5	64.296	56.517	79.854
2015/09/09	4.45	4.53	4.42	4.50	3662167.00	1636333824	0	4.594	4.357	4.495	4.611	4.93	5.063	3662167	7664211.5	6194029.5	4553272	63.04	58.692	71.736
2015/09/10	4.46	4.49	4.43	4.47	1844336.00	822389632	0	4.588	4.415	4.475	4.599	4.916	5.062	1844336	5995996.5	5844855.5	4489289.5	59.36	58.914	60.251
2015/09/11	4.45	4.47	4.42	4.43	1286084.00	572234112	0	4.484	4.453	4.457	4.585	4.902	5.059	1286084	3464001.75	5377355.5	4455174.5	52.272	56.7	43.415
2015/09/14	4.42	4.60	4.37	4.52	4261499.00	1920341376	0	4.484	4.481	4.443	4.576	4.889	5.057	4261499	3019216	5239784.5	4566594.5	51.118	54.839	43.674
2015/09/15	4.47	4.58	4.44	4.54	3828415.00	1729309184	0	4.492	4.512	4.431	4.566	4.88	5.055	3828415	2976500.25	5254370	4674223.5	49.89	53.19	43.292
2015/09/16	4.48	4.59	4.44	4.53	2388100.00	1073991424	0	4.498	4.546	4.423	4.555	4.872	5.054	2388100	2721686.75	5192949	4682252.5	43.643	50.007	30.914
2015/09/17	4.51	4.58	4.50	4.52	2143632.00	974248960	0	4.508	4.548	4.417	4.543	4.861	5.052	2143632	2781546	4388771	4627624	43.262	47.759	34.268
2015/09/18	4.51	4.53	4.42	4.45	1622830.00	727310016	0	4.512	4.498	4.411	4.531	4.849	5.05	1622830	2848895.25	3156448.5	4538594	42.175	45.897	34.729
2015/09/21	4.42	4.44	4.36	4.42	1645946.00	723810624	0	4.492	4.488	4.405	4.518	4.837	5.045	1645946	2325784.5	2672500.25	4507612.5	36.45	42.748	23.853
2015/09/22	4.42	4.46	4.40	4.44	1359496.00	602505600	0	4.472	4.482	4.399	4.505	4.827	5.042	1359496	1832000.75	2404250.5	4379785	35.411	40.302	25.628
2015/09/23	4.41	4.43	4.36	4.37	1107863.00	486081056	0	4.44	4.469	4.413	4.486	4.816	5.038	1107863	1575953.375	2148820	4171424.75	24.996	35.2	4.588
2015/09/24	4.38	4.40	4.35	4.37	775560.00	339021024	0	4.41	4.459	4.437	4.47	4.801	5.034	775560	1302339	2041942.5	3943399	19.331	29.91	-1.829
2015/09/25	4.36	4.47	4.35	4.45	1798790.00	792278272	0	4.41	4.461	4.457	4.458	4.789	5.03	1798790	1337531	2093213.125	3735284.25	26.776	28.866	22.597
2015/09/28	4.41	4.44	4.36	4.38	937731.00	410812160	0	4.402	4.447	4.464	4.444	4.772	5.025	937731	1195888	1760836.25	3500310.5	22.017	26.583	12.886
2015/09/29	4.36	4.36	4.31	4.32	935858.00	405256096	0	4.378	4.425	4.469	4.429	4.755	5.019	935858	1111160.375	1471580.625	3362975.25	15.913	23.026	1.686
2015/09/30	4.33	4.37	4.32	4.32	717160.00	311465568	0	4.368	4.404	4.475	4.416	4.731	5.013	717160	1033019.813	1304486.625	3248718	12.124	19.392	-2.413
2015/10/08	4.40	4.42	4.37	4.38	1207007.00	530081600	0	4.37	4.39	4.469	4.408	4.708	5.007	1207007	1119309.25	1210824.125	2799797.75	22.666	20.483	27.031
2015/10/09	4.40	4.45	4.39	4.44	1184189.00	524746176	0	4.368	4.389	4.444	4.404	4.691	5	1184189	996389	1166960	2161704.25	42.194	27.72	71.141
2015/10/12	4.45	4.54	4.43	4.51	1864166.00	837960832	0	4.394	4.398	4.443	4.402	4.673	4.993	1864166	1181676	1188782	1930641.125	57.115	37.518	96.308
2015/10/13	4.49	4.50	4.43	4.45	1230034.00	548936704	0	4.42	4.399	4.44	4.399	4.655	4.985	1230034	1240511.25	1175835.75	1790043.125	58.366	44.468	86.164
2015/10/14	4.43	4.45	4.41	4.43	884567.00	391745024	0	4.442	4.405	4.437	4.41	4.641	4.975	884567	1273992.625	1153506.25	1651163.125	56.302	48.413	72.082
2015/10/15	4.43	4.49	4.41	4.49	1137610.00	507596672	0	4.464	4.417	4.438	4.43	4.63	4.966	1137610	1260113.25	1189711.25	1615826.875	63.622	53.482	83.901
2015/10/16	4.50	4.51	4.48	4.50	1379631.00	620409280	0	4.476	4.422	4.442	4.445	4.617	4.958	1379631	1299201.625	1147795.25	1620504.25	69.951	58.972	91.909
2015/10/19	4.50	4.53	4.48	4.49	1269784.00	571823872	0	4.472	4.433	4.44	4.454	4.605	4.95	1269784	1180325.25	1181000.625	1470918.5	72.391	63.445	90.284
2015/10/20	4.48	4.51	4.47	4.50	882302.00	396069984	0	4.482	4.451	4.438	4.463	4.593	4.942	882302	1110778.75	1175645	1323612.75	73.751	66.88	87.493
2015/10/21	4.50	4.95	4.48	4.77	3956093.00	1810248576	0	4.55	4.496	4.45	4.482	4.586	4.936	3956093	1725084	1499538.25	1402012.5	71.786	68.516	78.328
2015/10/22	4.59	4.72	4.56	4.65	2602770.00	1203285248	0	4.582	4.523	4.457	4.487	4.578	4.93	2602770	2018116	1639114.625	1424969.375	62.672	66.568	54.881
2015/10/23	4.61	4.65	4.57	4.61	2054495.00	947384256	0	4.604	4.54	4.464	4.476	4.569	4.923	2054495	2153088.75	1726145.25	1446552.625	54.127	62.421	37.54
2015/10/26	4.63	4.64	4.59	4.62	1406145.00	648250624	0	4.63	4.551	4.475	4.479	4.561	4.914	1406145	2180361	1680343.125	1434562.5	49.048	57.963	31.217
2015/10/27	4.61	4.68	4.58	4.63	1718549.00	795044864	0	4.656	4.569	4.484	4.483	4.553	4.907	1718549	2347610.5	1729194.625	1452515.25	46.279	54.069	30.699
2015/10/28	4.60	4.67	4.58	4.61	1773828.00	819665600	0	4.624	4.587	4.496	4.487	4.549	4.9	1773828	1911157.375	1818120.75	1485813.5	40.575	49.571	22.583
2015/10/29	4.60	4.62	4.57	4.58	1321768.00	606674560	0	4.61	4.596	4.507	4.491	4.545	4.893	1321768	1654957	1836536.5	1513123.875	34.689	44.61	14.846
2015/10/30	4.58	4.60	4.56	4.57	1159875.00	530913888	0	4.602	4.603	4.512	4.495	4.54	4.889	1159875	1476033	1814560.875	1481178.125	30.07	39.763	10.684
2015/11/02	4.55	4.60	4.52	4.52	1157456.00	527258368	0	4.582	4.606	4.519	4.495	4.536	4.884	1157456	1426295.25	1803328.125	1492164.375	22.884	34.137	0.378
2015/11/03	4.52	4.53	4.44	4.45	1378802.00	616684736	0	4.546	4.601	4.526	4.492	4.529	4.878	1378802	1358345.75	1852978.125	1514311.5	16.446	28.24	-7.141
2015/11/04	4.44	4.57	4.43	4.56	2156932.00	972451968	0	4.536	4.58	4.538	4.493	4.524	4.873	2156932	1434966.625	1673062	1586300.125	28.298	28.259	28.374
2015/11/05	4.53	4.72	4.52	4.64	4509535.00	2092087424	0	4.548	4.579	4.551	4.497	4.52	4.869	4509535	2072520	1863738.5	1751426.5	43.003	33.174	62.661
2015/11/06	4.62	4.65	4.58	4.65	2436452.00	1123743104	0	4.564	4.583	4.562	4.504	4.517	4.864	2436452	2327835.5	1901934.25	1814039.75	53.956	40.101	81.666
2015/11/09	4.69	4.92	4.66	4.80	5248615.00	2526205952	0	4.62	4.601	4.576	4.517	4.517	4.861	5248615	3146067.25	2286181.25	1983262.125	61.141	47.114	89.194
2015/11/10	4.76	4.79	4.70	4.73	2619280.00	1240416128	0	4.676	4.611	4.59	4.526	4.516	4.858	2619280	3394162.75	2376254.25	2052724.5	61.169	51.799	79.908
2015/11/11	4.71	4.72	4.66	4.70	1945743.00	912946368	0	4.704	4.62	4.603	4.537	4.512	4.855	1945743	3351925	2393445.75	2105783.25	59.146	54.248	68.943
2015/11/12	4.68	4.70	4.62	4.65	1514352.00	705887616	0	4.706	4.627	4.611	4.547	4.508	4.852	1514352	2752888.5	2412704.25	2124620.25	54.397	54.298	54.595
2015/11/13	4.63	4.65	4.60	4.60	1322841.00	610780160	0	4.696	4.63	4.616	4.552	4.505	4.847	1322841	2530166.25	2429000.75	2121780.75	47.829	52.142	39.205
2015/11/16	4.57	4.65	4.56	4.65	1609222.00	742615296	0	4.666	4.643	4.624	4.561	4.503	4.843	1609222	1802287.625	2474177.5	2138752.75	46.852	50.378	39.8
2015/11/17	4.65	4.71	4.63	4.67	1829210.00	855381568	0	4.654	4.665	4.633	4.572	4.501	4.839	1829210	1644273.625	2519218.25	2186098.25	43.735	48.164	34.877
2015/11/18	4.66	4.71	4.63	4.68	1670330.00	780102592	0	4.65	4.677	4.628	4.584	4.5	4.833	1670330	1589191	2470558	2071810	40.268	45.532	29.739
2015/11/19	4.66	4.69	4.65	4.68	1167167.00	545087040	0	4.656	4.681	4.63	4.594	4.501	4.827	1167167	1519754	2136321.25	2000029.875	37.956	43.007	27.855
2015/11/20	4.67	4.68	4.64	4.66	1400728.00	651784448	0	4.668	4.682	4.633	4.602	4.503	4.82	1400728	1535331.375	2032748.75	1967341.5	39.797	41.937	35.517
2015/11/23	4.66	4.66	4.61	4.65	1694884.00	785636032	0	4.668	4.667	4.634	4.606	4.504	4.814	1694884	1552463.75	1677375.75	1981778.5	45.281	43.052	49.741
2015/11/24	4.64	4.65	4.59	4.64	1908586.00	881859968	0	4.662	4.658	4.635	4.613	4.506	4.811	1908586	1568339	1606306.25	1991280.25	47.965	44.689	54.517
2015/11/25	4.62	4.67	4.61	4.66	1930521.00	895611392	0	4.658	4.654	4.637	4.62	4.515	4.807	1930521	1620377.25	1604784.125	1999115	54.199	47.859	66.878
2015/11/26	4.65	4.69	4.65	4.68	1840041.00	859312192	0	4.658	4.657	4.642	4.627	4.529	4.803	1840041	1754952	1637353	2025028.625	62.799	52.839	82.719
2015/11/27	4.66	4.68	4.54	4.58	1567709.00	722141120	0	4.642	4.655	4.642	4.629	4.537	4.797	1567709	1788348.25	1661839.75	2045420.25	49.709	51.796	45.536
2015/11/30	4.57	4.63	4.56	4.62	2081528.00	956407040	0	4.636	4.652	4.648	4.634	4.544	4.793	2081528	1865677	1709070.375	2091623.875	48.826	50.806	44.866
2015/12/01	4.59	4.59	4.52	4.55	1890936.00	858728000	0	4.618	4.64	4.653	4.635	4.549	4.786	1890936	1862147	1715243	2117230.5	38.433	46.682	21.936
2015/12/02	4.54	4.73	4.53	4.72	4011602.00	1866487040	0	4.63	4.644	4.661	4.634	4.558	4.781	4011602	2278363.25	1949370.25	2209964	57.368	50.244	71.616
2015/12/03	4.68	4.91	4.65	4.86	7021189.00	3379124224	0	4.666	4.662	4.672	4.641	4.564	4.775	7021189	3314592.75	2534772.5	2335546.75	67.305	55.931	90.054
2015/12/04	4.80	4.81	4.68	4.69	2057773.00	975947200	0	4.688	4.665	4.674	4.643	4.559	4.768	2057773	3412605.5	2600477	2316612.75	59.4	57.087	64.026
2015/12/07	4.70	4.71	4.63	4.66	1259715.00	586484736	0	4.696	4.666	4.667	4.645	4.562	4.761	1259715	3248243	2556960	2117167.75	51.566	55.247	44.204
2015/12/08	4.63	4.68	4.57	4.62	1724151.00	794501632	0	4.71	4.664	4.661	4.644	4.564	4.755	1724151	3214886	2538516.5	2072411.375	42.924	51.139	26.494
2015/12/09	4.61	4.67	4.60	4.66	906900.00	420770336	0	4.698	4.664	4.659	4.646	4.567	4.748	906900	2593945.5	2436154.5	2020469.25	40.582	47.62	26.506
2015/12/10	4.65	4.70	4.60	4.61	1265450.00	588094720	0	4.648	4.657	4.657	4.647	4.569	4.742	1265450	1442797.75	2378695.25	2008024.125	34.747	43.329	17.583
2015/12/11	4.60	4.61	4.56	4.59	1119425.00	512158208	0	4.628	4.658	4.656	4.648	4.571	4.737	1119425	1255128.25	2333867	1997853.375	29.148	38.602	10.239
2015/12/14	4.57	4.65	4.56	4.65	1491840.00	687866752	0	4.626	4.661	4.656	4.652	4.574	4.732	1491840	1301553.25	2274898	1991984.25	29.958	35.721	18.433
2015/12/15	4.64	4.65	4.59	4.60	900214.00	415001728	0	4.622	4.666	4.653	4.657	4.575	4.727	900214	1136765.75	2175826	1945534.5	23.782	31.741	7.863
2015/12/16	4.61	4.62	4.57	4.59	838050.00	384868800	0	4.608	4.653	4.648	4.658	4.576	4.724	838050	1122995.75	1858470.75	1903920.5	19.854	27.779	4.006
2015/12/17	4.60	4.64	4.59	4.62	925200.00	427421376	0	4.61	4.629	4.646	4.657	4.577	4.719	925200	1054945.75	1248871.75	1891822.125	26.57	27.376	24.957
2015/12/18	4.61	4.71	4.60	4.62	1978369.00	918940032	0	4.616	4.622	4.643	4.656	4.58	4.714	1978369	1226734.625	1240931.375	1920704.125	31.046	28.599	35.941
2015/12/21	4.60	4.71	4.59	4.69	2500209.00	1164770432	0	4.624	4.625	4.646	4.653	4.585	4.711	2500209	1428408.375	1364980.75	1960970.375	49.586	35.595	77.569
2015/12/22	4.69	4.72	4.65	4.67	1460029.00	683260160	0	4.638	4.63	4.647	4.651	4.589	4.708	1460029	1540371.375	1338568.625	1938542.5	55.974	42.388	83.147
2015/12/23	4.66	4.71	4.64	4.67	2369114.00	1106403840	0	4.654	4.631	4.648	4.65	4.594	4.705	2369114	1846584.25	1484790	1960472.25	60.233	48.336	84.026
2015/12/24	4.68	4.68	4.62	4.65	1623467.00	753829632	0	4.66	4.635	4.646	4.65	4.598	4.699	1623467	1986237.625	1520591.75	1949643.5	58.905	51.859	72.997
2015/12/25	4.65	4.66	4.64	4.65	867766.00	403425504	0	4.666	4.641	4.649	4.651	4.602	4.695	867766	1764117	1495425.75	1914646.375	57.048	53.589	63.966
2015/12/28	4.65	4.66	4.59	4.59	1466976.00	678333568	0	4.646	4.635	4.648	4.649	4.605	4.688	1466976	1557470.375	1492939.375	1883918.75	42.476	49.885	27.66
2015/12/29	4.59	4.61	4.58	4.61	1245650.00	572319040	0	4.634	4.636	4.651	4.647	4.61	4.682	1245650	1514594.625	1527483	1851654.5	35.461	45.077	16.228
2015/12/30	4.60	4.62	4.58	4.61	824086.00	378882624	0	4.622	4.638	4.646	4.645	4.615	4.673	824086	1205589	1526086.625	1692278.625	30.783	40.312	11.725
2015/12/31	4.60	4.61	4.58	4.58	979252.00	449656192	0	4.608	4.634	4.632	4.642	4.618	4.663	979252	1076746	1531491.75	1390181.75	20.522	33.716	-5.865
2016/01/04	4.58	4.59	4.44	4.45	1475087.00	669360256	0	4.568	4.617	4.62	4.635	4.618	4.654	1475087	1198210.25	1481163.625	1361047.5	14.872	27.434	-10.253
2016/01/05	4.42	4.51	4.38	4.47	1606293.00	715484736	0	4.544	4.595	4.61	4.629	4.617	4.645	1606293	1226073.625	1391772	1378376.375	19.005	24.625	7.767
2016/01/06	4.45	4.52	4.45	4.51	1131773.00	508161216	0	4.524	4.579	4.604	4.624	4.618	4.637	1131773	1203298.25	1358946.375	1348757.5	27.115	25.455	30.435
2016/01/07	4.49	4.50	4.42	4.43	344915.00	153712624	0	4.488	4.555	4.593	4.617	4.618	4.63	344915	1107464	1156526.5	1320658.25	24.029	24.979	22.128
2016/01/08	4.44	4.49	4.40	4.46	1861345.00	827886976	0	4.464	4.536	4.586	4.609	4.618	4.624	1861345	1283882.625	1180314.25	1350453	25.543	25.167	26.295
2016/01/11	4.43	4.43	4.31	4.32	1647021.00	722038656	0	4.438	4.503	4.572	4.601	4.615	4.616	1647021	1318269.375	1258239.75	1376832.75	18.104	22.813	8.686
2016/01/12	4.36	4.38	4.31	4.32	1157543.00	502307232	0	4.408	4.476	4.556	4.591	4.612	4.608	1157543	1228519.375	1227296.5	1360118	13.145	19.59	0.254
2016/01/13	4.35	4.35	4.29	4.30	1015444.00	439299072	0	4.366	4.445	4.541	4.582	4.609	4.601	1015444	1205253.625	1204275.875	1365879.5	9.805	16.328	-3.242
2016/01/14	4.26	4.31	4.21	4.31	1310475.00	559263232	0	4.342	4.415	4.527	4.569	4.601	4.594	1310475	1398365.625	1252914.75	1389500.75	15.308	15.988	13.949
2016/01/15	4.29	4.30	4.21	4.23	1011908.00	430207040	0	4.296	4.38	4.507	4.548	4.594	4.586	1011908	1228478.25	1256180.375	1393836.125	12.356	14.778	7.513
2016/01/18	4.19	4.25	4.17	4.19	1194841.00	502408256	0	4.27	4.354	4.485	4.531	4.587	4.578	1194841	1138042.25	1228155.75	1354659.75	10.142	13.232	3.962
2016/01/19	4.19	4.27	4.18	4.25	981358.00	415090816	0	4.256	4.332	4.464	4.517	4.581	4.571	981358	1102805.25	1165662.25	1278717.125	14.842	13.769	16.989
2016/01/20	4.25	4.25	4.17	4.22	1065847.00	448627136	0	4.24	4.303	4.441	4.504	4.574	4.563	1065847	1112885.75	1159069.75	1259008	15.103	14.214	16.882
2016/01/21	4.20	4.26	4.18	4.18	846016.00	356768992	0	4.214	4.278	4.417	4.488	4.567	4.558	846016	1019994	1209179.75	1182853.125	11.351	13.259	7.533
2016/01/22	4.21	4.22	4.18	4.22	846965.00	355912032	0	4.212	4.254	4.395	4.475	4.561	4.553	846965	987005.375	1107741.75	1144028	15.504	14.008	18.496
2016/01/25	4.22	4.25	4.20	4.23	627690.00	264870080	0	4.22	4.245	4.374	4.463	4.555	4.548	627690	873575.188	1005808.688	1132024.25	21.447	16.487	31.366
2016/01/26	4.21	4.22	4.05	4.08	1123814.00	464737024	0	4.186	4.221	4.348	4.444	4.548	4.542	1123814	902066.375	1002435.813	1114866.125	18.144	17.04	20.353
2016/01/27	4.09	4.15	4.06	4.11	1524786.00	625439808	0	4.164	4.202	4.324	4.428	4.542	4.536	1524786	993854.188	1053370	1128823	20.096	18.058	24.171
2016/01/28	4.10	4.10	4.02	4.05	901993.00	366284736	0	4.138	4.176	4.295	4.41	4.534	4.529	901993	1005049.625	1012521.813	1132718.25	17.397	17.838	16.516
2016/01/29	4.04	4.12	4.03	4.10	1375856.00	561102784	0	4.114	4.163	4.272	4.392	4.525	4.523	1375856	1110827.75	1048916.625	1152548.5	22.265	19.314	28.167
2016/02/01	4.09	4.09	4.00	4.03	1040283.00	419801088	0	4.074	4.147	4.251	4.373	4.515	4.516	1040283	1193346.375	1033460.813	1130808.25	18.689	19.106	17.857
2016/02/02	4.02	4.07	4.00	4.05	926456.00	374582496	0	4.068	4.127	4.229	4.351	4.502	4.51	926456	1153874.75	1027970.625	1096816.5	18.87	19.027	18.556
2016/02/03	4.02	4.03	3.97	4.01	779352.00	311360864	0	4.048	4.106	4.205	4.329	4.49	4.503	779352	1004788	999321.125	1079195.375	17.342	18.465	15.095
2016/02/04	4.02	4.04	4.00	4.02	735629.00	295717760	0	4.042	4.09	4.184	4.308	4.479	4.495	735629	971515.188	988282.375	1098731.125	17.514	18.148	16.245
2016/02/05	4.02	4.03	4.00	4.01	712044.00	285791584	0	4.024	4.069	4.161	4.286	4.468	4.488	712044	838752.813	974790.313	1041266.063	17.009	17.768	15.49
2016/02/15	3.94	3.99	3.93	3.97	582266.00	230698480	0	4.012	4.043	4.144	4.264	4.457	4.481	582266	747149.375	970247.875	988028.313	17.4	17.646	16.909
2016/02/16	3.98	4.06	3.98	4.05	853280.00	344057248	0	4.012	4.04	4.13	4.246	4.448	4.475	853280	732514.188	943194.5	972815.125	32.653	22.648	52.662
2016/02/17	4.04	4.06	4.02	4.04	840847.00	339602592	0	4.018	4.033	4.117	4.227	4.437	4.469	840847	744813.188	874800.625	964085.313	41.067	28.788	65.625
2016/02/18	4.05	4.07	4.04	4.06	884365.00	358776064	0	4.026	4.034	4.105	4.208	4.427	4.464	884365	774560.375	873037.813	942779.813	54.461	37.345	88.692
2016/02/19	4.04	4.05	4.01	4.02	940799.00	378879648	0	4.028	4.026	4.095	4.19	4.416	4.458	940799	820311.375	829532.125	939224.375	57.736	44.142	84.923
2016/02/22	4.04	4.11	4.02	4.08	1317209.00	535540768	0	4.05	4.031	4.089	4.177	4.406	4.454	1317209	967300	857224.688	945342.75	66.268	51.518	95.77
2016/02/23	4.08	4.08	4.03	4.05	691484.00	279795168	0	4.05	4.031	4.079	4.163	4.396	4.45	691484	934940.813	833727.5	930849.063	66.401	56.479	86.246
2016/02/24	4.04	4.06	4.02	4.05	745898.00	301651008	0	4.052	4.035	4.07	4.148	4.386	4.446	745898	915951	830382.125	914851.625	66.49	59.816	79.838
2016/02/25	4.05	4.08	4.00	4.01	2212645.00	894572032	0	4.042	4.034	4.062	4.134	4.375	4.445	2212645	1181607	978083.688	983183.063	59.141	59.591	58.242
2016/02/26	4.01	4.05	4.00	4.02	1158265.00	466096800	0	4.042	4.035	4.052	4.119	4.364	4.446	1158265	1225100.25	1022705.813	998748.063	49.684	56.289	36.475
2016/02/29	4.01	4.04	3.89	4.03	1832342.00	726405824	0	4.032	4.041	4.042	4.11	4.355	4.446	1832342	1328126.75	1147713.375	1058980.625	54.335	55.637	51.73
2016/03/01	4.02	4.03	3.98	4.03	854620.00	342399840	0	4.028	4.039	4.04	4.1	4.345	4.444	854620	1360754	1147847.375	1045520.938	57.435	56.237	59.833
2016/03/02	4.03	4.12	4.01	4.11	2080789.00	846513536	0	4.04	4.046	4.04	4.094	4.338	4.444	2080789	1627732.25	1271841.625	1073321.125	70.174	60.883	88.758
2016/03/03	4.10	4.14	4.08	4.13	1497689.00	614992512	0	4.064	4.053	4.043	4.088	4.328	4.443	1497689	1484741	1333174	1103105.875	78.783	66.849	102.65
2016/03/04	4.12	4.33	4.09	4.31	4093033.00	1733236992	0	4.122	4.082	4.054	4.09	4.319	4.441	4093033	2071694.625	1648397.375	1238964.75	84.34	72.68	107.661
2016/03/07	4.27	4.31	4.24	4.29	1353112.00	578835456	0	4.174	4.103	4.067	4.094	4.312	4.436	1353112	1975848.625	1651987.75	1254606.25	86.53	77.296	104.997
2016/03/08	4.26	4.34	4.21	4.33	1694172.00	724083072	0	4.234	4.131	4.081	4.096	4.307	4.434	1694172	2143759	1752256.5	1292992	90.279	81.624	107.589
2016/03/09	4.28	4.42	4.26	4.41	1884682.00	816785920	0	4.294	4.167	4.101	4.103	4.303	4.434	1884682	2104537.5	1866134.875	1348258.5	92.89	85.379	107.913
2016/03/10	4.36	4.38	4.32	4.32	1050441.00	456423456	0	4.332	4.198	4.116	4.107	4.298	4.432	1050441	2015088	1749914.5	1363999.125	88.971	86.577	93.76
2016/03/11	4.30	4.34	4.26	4.34	1003135.00	430996928	0	4.338	4.23	4.133	4.111	4.293	4.431	1003135	1397108.375	1734401.5	1378553.625	86.587	86.58	86.6
2016/03/14	4.34	4.34	4.29	4.30	1999208.00	861302528	0	4.34	4.257	4.149	4.114	4.288	4.43	1999208	1526327.625	1751088.125	1449400.75	81.302	84.821	74.264
2016/03/15	4.29	4.29	4.22	4.26	1552033.00	659491392	0	4.326	4.28	4.16	4.12	4.282	4.428	1552033	1497899.75	1820829.375	1484338.375	71.848	80.496	54.552
2016/03/16	4.24	4.35	4.23	4.32	2904651.00	1251693056	0	4.308	4.301	4.174	4.127	4.277	4.426	2904651	1701893.625	1903215.625	1587528.625	71.131	77.375	58.644
2016/03/17	4.30	4.31	4.26	4.29	1560984.00	668653056	0	4.302	4.317	4.185	4.135	4.272	4.424	1560984	1804002.25	1909545.125	1621359.5	60.119	71.623	37.112
2016/03/18	4.30	4.30	4.24	4.30	1652225.00	707016448	0	4.294	4.316	4.199	4.141	4.267	4.422	1652225	1933820.25	1665464.25	1656930.875	54.365	65.87	31.355
2016/03/21	4.30	4.34	4.28	4.31	1353080.00	584178816	0	4.296	4.318	4.211	4.151	4.262	4.421	1353080	1804594.625	1665461.125	1658724.375	51.243	60.995	31.741
2016/03/22	4.31	4.33	4.28	4.29	962657.00	414085376	0	4.302	4.314	4.222	4.159	4.255	4.42	962657	1686719.375	1592309.625	1672283	48.746	56.912	32.414
2016/03/23	4.30	4.33	4.28	4.30	984468.00	424380960	0	4.298	4.303	4.235	4.168	4.249	4.419	984468	1302682.75	1502288.25	1684211.5	53.01	55.611	47.808
2016/03/24	4.30	4.31	4.25	4.26	737965.00	315119488	0	4.292	4.297	4.247	4.176	4.242	4.418	737965	1138079	1471040.625	1610477.5	45.597	52.273	32.244
2016/03/25	4.26	4.28	4.25	4.28	373514.00	159544352	0	4.288	4.291	4.26	4.185	4.236	4.417	373514	882336.813	1408078.5	1571240	45.782	50.109	37.128
2016/03/28	4.27	4.30	4.25	4.30	767822.00	328072864	0	4.286	4.291	4.274	4.196	4.23	4.416	767822	765285.188	1284939.875	1518014	49.966	50.062	49.775
2016/03/29	4.28	4.30	4.25	4.25	858684.00	366811040	0	4.278	4.29	4.285	4.203	4.224	4.415	858684	744490.625	1215605	1518217.25	36.644	45.589	18.754
2016/03/30	4.24	4.33	4.24	4.32	1426749.00	612563264	0	4.282	4.29	4.296	4.212	4.22	4.415	1426749	832946.813	1067814.75	1485515.25	51.096	47.425	58.439
2016/03/31	4.31	4.33	4.28	4.29	918631.00	394752224	0	4.288	4.29	4.304	4.22	4.214	4.414	918631	869080	1003579.5	1456562.25	50.731	48.527	55.139
2016/04/01	4.29	4.31	4.26	4.30	921204.00	394940480	0	4.292	4.29	4.303	4.229	4.209	4.414	921204	978618	930477.375	1297970.875	56.043	51.032	66.064
2016/04/05	4.30	4.33	4.28	4.32	1000996.00	430893536	0	4.296	4.291	4.305	4.237	4.207	4.413	1000996	1025252.813	895269	1280365	66.992	56.352	88.271
2016/04/06	4.30	4.31	4.28	4.29	705707.00	303213632	0	4.304	4.291	4.303	4.245	4.204	4.411	705707	994657.375	869574	1230941.75	63.18	58.628	72.283
2016/04/07	4.30	4.30	4.26	4.26	746380.00	319392800	0	4.292	4.287	4.295	4.252	4.2	4.409	746380	858583.625	845765.188	1174026.75	49.527	55.594	37.393
2016/04/08	4.25	4.29	4.25	4.26	466835.00	199218576	0	4.286	4.287	4.292	4.261	4.197	4.408	466835	768224.375	818652.188	1144846.375	40.426	50.538	20.201
2016/04/11	4.26	4.31	4.26	4.29	673744.00	289293760	0	4.284	4.288	4.29	4.27	4.194	4.406	673744	718732.375	848675.188	1128376.875	45.469	48.848	38.71
2016/04/12	4.29	4.30	4.28	4.28	481950.00	206670592	0	4.276	4.286	4.289	4.278	4.194	4.404	481950	614923.188	820088	1052514	45.128	47.608	40.167
2016/04/13	4.29	4.34	4.29	4.32	1534130.00	662774080	0	4.282	4.293	4.292	4.288	4.194	4.403	1534130	780607.813	887632.625	1051618.75	56.011	50.409	67.215
2016/04/14	4.33	4.33	4.31	4.31	440859.00	190430880	0	4.292	4.292	4.291	4.294	4.194	4.401	440859	719503.625	789043.625	928429.188	59.563	53.46	71.768
2016/04/15	4.33	4.33	4.29	4.30	681584.00	293723680	0	4.3	4.293	4.292	4.3	4.194	4.398	681584	762453.375	765338.875	884459.188	58.227	55.049	64.583
2016/04/18	4.29	4.30	4.26	4.29	932358.00	398952640	0	4.3	4.292	4.291	4.299	4.195	4.395	932358	814176.188	766454.313	848465.875	53.633	54.577	51.744
2016/04/19	4.29	4.30	4.27	4.29	417914.00	179141440	0	4.302	4.289	4.29	4.299	4.197	4.392	417914	801369	708146.125	801707.563	50.57	53.241	45.227
2016/04/20	4.29	4.29	4.22	4.29	1449117.00	616860480	0	4.296	4.289	4.29	4.298	4.197	4.389	1449117	784366.375	782487.125	826030.563	53.158	53.214	53.046
2016/04/21	4.26	4.31	4.25	4.30	809912.00	346995808	0	4.294	4.293	4.29	4.294	4.199	4.386	809912	858177	788840.313	817302.75	57.661	54.696	63.59
2016/04/22	4.28	4.30	4.27	4.28	573753.00	245818752	0	4.29	4.295	4.291	4.293	4.2	4.384	573753	836610.813	799532.125	809092.125	55.107	54.833	55.656
2016/04/25	4.27	4.28	4.25	4.27	445592.00	190074176	0	4.286	4.293	4.291	4.291	4.201	4.381	445592	739257.625	776716.875	812696.063	50.627	53.431	45.019
2016/04/26	4.27	4.29	4.26	4.28	494553.00	211470592	0	4.284	4.293	4.29	4.29	4.202	4.379	494553	754585.375	777977.188	799032.625	51.933	52.932	49.936
2016/04/27	4.28	4.28	4.26	4.28	317015.00	135349088	0	4.282	4.289	4.291	4.291	4.205	4.377	317015	528165	656265.688	771949.125	52.804	52.889	52.634
2016/04/28	4.28	4.28	4.25	4.28	509013.00	217190688	0	4.278	4.286	4.289	4.289	4.208	4.375	509013	467985.188	663081.125	726062.375	57.425	54.401	63.473
2016/04/29	4.27	4.27	4.25	4.26	460491.00	196077296	0	4.274	4.282	4.287	4.288	4.212	4.373	460491	445332.813	640971.813	703155.375	53.098	53.967	51.361
2016/05/03	4.26	4.29	4.24	4.28	759715.00	324449920	0	4.276	4.281	4.286	4.288	4.214	4.37	759715	508157.406	623707.5	695080.875	57.621	55.185	62.494
2016/05/04	4.27	4.28	4.26	4.27	403691.00	172470704	0	4.274	4.279	4.284	4.286	4.219	4.366	403691	489985	622285.188	665215.625	52.7	54.357	49.386
2016/05/05	4.27	4.28	4.26	4.28	450221.00	192148928	0	4.274	4.278	4.284	4.286	4.222	4.362	450221	516626.188	522395.594	652441.375	57.356	55.356	61.354
2016/05/06	4.28	4.28	4.23	4.24	716572.00	305011456	0	4.266	4.272	4.283	4.284	4.226	4.358	716572	558138	513061.594	650950.938	43.792	51.502	28.374
2016/05/09	4.23	4.24	4.16	4.17	714398.00	300202400	0	4.248	4.261	4.278	4.281	4.229	4.354	714398	608919.375	527126.125	663329.125	31.759	44.921	5.436
2016/05/10	4.16	4.18	4.14	4.16	599315.00	249440928	0	4.224	4.25	4.272	4.277	4.231	4.35	599315	576839.375	542498.375	659607.625	25.617	38.486	-0.121
2016/05/11	4.17	4.21	4.15	4.19	650897.00	271739552	0	4.208	4.241	4.267	4.273	4.235	4.346	650897	626280.625	558132.813	668055	28.189	35.054	14.46
2016/05/12	4.17	4.20	4.15	4.18	530217.00	221133232	0	4.188	4.231	4.26	4.271	4.237	4.342	530217	642279.813	579453	617859.375	27.682	32.597	17.852
2016/05/13	4.18	4.23	4.17	4.22	778679.00	327611680	0	4.184	4.225	4.255	4.268	4.24	4.339	778679	654701.188	606419.625	634750.375	36.232	33.808	41.08
2016/05/16	4.20	4.26	4.20	4.25	580130.00	245542608	0	4.2	4.224	4.253	4.266	4.243	4.335	580130	627847.625	618383.5	629677.625	50.345	39.321	72.394
2016/05/17	4.24	4.26	4.23	4.25	409294.00	173829872	0	4.218	4.221	4.251	4.265	4.247	4.331	409294	589843.375	583341.375	603524.438	59.754	46.132	86.998
2016/05/18	4.25	4.25	4.18	4.24	585260.00	247269136	0	4.228	4.218	4.248	4.262	4.25	4.328	585260	576716	601498.313	611891.75	63.645	51.97	86.997
2016/05/19	4.23	4.26	4.22	4.24	527500.00	223875776	0	4.24	4.214	4.246	4.26	4.253	4.324	527500	576172.625	609226.188	565810.875	70.208	58.049	94.526
2016/05/20	4.24	4.26	4.24	4.25	434078.00	184533488	0	4.246	4.215	4.244	4.26	4.256	4.321	434078	507252.406	580976.813	547019.188	77.361	64.486	103.11
2016/05/23	4.26	4.28	4.25	4.26	431135.00	183896320	0	4.248	4.224	4.242	4.26	4.26	4.318	431135	477453.406	552650.5	539888.313	79.779	69.584	100.169
2016/05/24	4.27	4.27	4.24	4.26	484889.00	206353088	0	4.25	4.234	4.242	4.259	4.264	4.314	484889	492572.406	541207.875	541853.125	81.391	73.52	97.134
2016/05/25	4.27	4.28	4.26	4.26	245237.00	104636912	0	4.254	4.241	4.241	4.258	4.268	4.312	245237	424567.813	500641.906	529387.375	81.534	76.191	92.219
2016/05/26	4.26	4.28	4.26	4.28	442473.00	189094752	0	4.262	4.251	4.241	4.257	4.272	4.309	442473	407562.406	491867.5	535660.25	87.689	80.024	103.02
2016/05/27	4.27	4.29	4.26	4.29	322249.00	137788560	0	4.27	4.258	4.241	4.256	4.275	4.307	322249	385196.594	446224.5	526322.063	91.793	83.947	107.485
2016/05/30	4.29	4.31	4.27	4.30	845167.00	362512640	0	4.278	4.263	4.244	4.256	4.278	4.303	845167	468003	472728.188	545555.875	91.964	86.619	102.655
2016/05/31	4.29	4.37	4.29	4.36	1047404.00	454777888	0	4.298	4.274	4.247	4.259	4.279	4.299	1047404	580506	536539.188	559940.313	92.421	88.553	100.156
2016/06/01	4.36	4.36	4.32	4.34	634418.00	275364928	0	4.314	4.284	4.251	4.26	4.28	4.296	634418	658342.188	541455	571476.625	87.255	88.12	85.524
2016/06/02	4.34	4.35	4.33	4.34	296488.00	128753312	0	4.326	4.294	4.254	4.262	4.28	4.293	296488	629145.188	518353.813	563790	83.811	86.684	78.065
2016/06/03	4.35	4.37	4.32	4.37	482064.00	209444064	0	4.342	4.306	4.26	4.264	4.279	4.291	482064	661108.188	523152.406	552064.625	89.207	87.525	92.572
2016/06/06	4.36	4.39	4.35	4.38	592765.00	258951632	0	4.358	4.318	4.271	4.268	4.28	4.289	592765	610627.813	539315.375	545982.938	90.241	88.43	93.862
2016/06/07	4.38	4.42	4.37	4.40	588535.00	258882512	0	4.366	4.332	4.283	4.272	4.281	4.287	588535	518854	549680	545443.938	89.327	88.729	90.523
2016/06/08	4.41	4.41	4.36	4.39	578898.00	254256448	0	4.376	4.345	4.293	4.276	4.283	4.286	578898	507750	583046.125	541844	86.635	88.031	83.842
2016/06/13	4.37	4.40	4.36	4.37	665505.00	291645440	0	4.382	4.354	4.303	4.279	4.285	4.283	665505	581553.375	605349.313	548608.375	79.979	85.347	69.242
2016/06/14	4.35	4.42	4.35	4.40	695830.00	306345728	0	4.388	4.365	4.312	4.283	4.286	4.282	695830	624306.625	642707.375	544465.938	81.524	84.073	76.427
2016/06/15	4.39	4.41	4.37	4.39	640108.00	280556224	0	4.39	4.374	4.319	4.287	4.288	4.28	640108	633775.188	622201.5	547464.875	77.683	81.943	69.163
2016/06/16	4.37	4.38	4.35	4.37	398897.00	174160816	0	4.384	4.375	4.325	4.29	4.289	4.278	398897	595847.625	557350.813	546945	68.455	77.447	50.472
2016/06/17	4.37	4.40	4.36	4.37	374943.00	164418720	0	4.38	4.378	4.331	4.293	4.29	4.276	374943	555056.625	531403.313	536429.125	62.303	72.399	42.112
2016/06/20	4.39	4.40	4.37	4.39	364320.00	160008928	0	4.384	4.383	4.339	4.297	4.292	4.273	364320	494819.594	538186.5	528270.125	60.583	68.46	44.829
2016/06/21	4.40	4.41	4.38	4.41	353589.00	155559520	0	4.386	4.387	4.346	4.303	4.293	4.271	353589	426371.406	525339	524245.688	68.96	68.627	69.626
2016/06/22	4.40	4.46	4.39	4.44	564116.00	250457520	0	4.396	4.393	4.356	4.312	4.296	4.269	564116	411173	522474.094	530894.75	73.246	70.167	79.405
2016/06/23	4.44	4.46	4.43	4.44	254778.00	113215024	0	4.41	4.397	4.365	4.321	4.299	4.267	254778	382349.188	489098.406	519389.188	76.103	72.146	84.019
2016/06/24	4.44	4.46	4.36	4.40	444526.00	196323328	0	4.416	4.398	4.372	4.328	4.301	4.265	444526	396265.813	475661.188	529353.625	65.887	70.059	57.543
2016/06/27	4.39	4.42	4.39	4.42	319339.00	140606432	0	4.422	4.403	4.378	4.336	4.304	4.264	319339	387269.594	441044.594	523196.938	65.137	68.419	58.574
2016/06/28	4.41	4.43	4.36	4.42	643951.00	282442816	0	4.424	4.405	4.385	4.343	4.305	4.262	643951	445342	435856.688	539282.063	64.637	67.158	59.594
2016/06/29	4.41	4.43	4.39	4.42	537922.00	236875616	0	4.42	4.408	4.391	4.348	4.307	4.261	537922	440103.188	425638.094	523919.813	63.091	65.802	57.669
2016/06/30	4.42	4.45	4.40	4.44	441207.00	195605552	0	4.42	4.415	4.395	4.355	4.31	4.26	441207	477389	429869.094	493609.938	68.727	66.777	72.628
2016/07/01	4.45	4.49	4.44	4.47	534528.00	239064528	0	4.434	4.425	4.401	4.362	4.312	4.26	534528	495389.406	445827.594	488615.438	74.023	69.193	83.685
2016/07/04	4.47	4.55	4.47	4.54	648721.00	293563168	0	4.458	4.44	4.411	4.372	4.316	4.26	648721	561265.813	474267.688	506227.094	80.928	73.104	96.575
2016/07/05	4.54	4.57	4.51	4.55	674749.00	306304672	0	4.484	4.454	4.42	4.382	4.321	4.261	674749	567425.375	506383.688	515861.344	84.111	76.773	98.786
2016/07/06	4.54	4.56	4.49	4.56	677270.00	307025856	0	4.512	4.466	4.43	4.392	4.326	4.262	677270	595295	517699.094	520086.594	87.82	80.455	102.549
2016/07/07	4.55	4.60	4.53	4.59	1119897.00	512053952	0	4.542	4.481	4.439	4.403	4.331	4.263	1119897	731033	604211	546654.688	90.491	83.801	103.872
2016/07/08	4.35	4.35	4.27	4.29	1154008.00	496377376	0	4.506	4.47	4.434	4.404	4.331	4.263	1154008	854929	675159.188	575410.188	62.348	76.65	33.743
2016/07/11	4.28	4.31	4.26	4.27	751038.00	322028864	0	4.452	4.455	4.429	4.404	4.331	4.262	751038	875392.375	718329.125	579686.875	42.545	65.282	-2.927
2016/07/12	4.27	4.35	4.26	4.34	1412737.00	608650304	0	4.41	4.447	4.426	4.406	4.331	4.263	1412737	1022990	795207.688	615532.188	36.207	55.59	-2.56
2016/07/13	4.33	4.37	4.30	4.35	1361689.00	591082752	0	4.368	4.44	4.424	4.407	4.332	4.263	1361689	1159873.75	877584.375	651611.25	32.961	48.047	2.79
2016/07/14	4.35	4.35	4.30	4.31	570440.00	246123632	0	4.312	4.427	4.421	4.406	4.332	4.264	570440	1049982.375	890507.688	660188.375	26.876	40.99	-1.352
2016/07/15	4.31	4.33	4.30	4.32	553052.00	238627360	0	4.318	4.412	4.418	4.405	4.333	4.265	553052	929791.188	892360.125	669093.875	23.8	35.26	0.879
2016/07/18	4.31	4.35	4.31	4.34	584481.00	253685840	0	4.332	4.392	4.416	4.405	4.333	4.265	584481	896479.813	885936.125	680101.875	23.71	31.41	8.309
2016/07/19	4.34	4.35	4.29	4.30	836538.00	360670784	0	4.324	4.367	4.411	4.403	4.333	4.266	836538	781240	902115	704249.375	19.728	27.516	4.152
2016/07/20	4.30	4.31	4.27	4.28	527724.00	226295904	0	4.31	4.339	4.403	4.399	4.333	4.267	527724	614447	887160.375	702429.75	19.213	24.748	8.142
2016/07/21	4.28	4.30	4.26	4.28	746673.00	319909888	0	4.304	4.308	4.395	4.395	4.334	4.267	746673	649693.625	849838	727024.5	18.869	22.788	11.03
2016/07/22	4.28	4.29	4.24	4.28	704454.00	300284448	0	4.296	4.307	4.389	4.392	4.334	4.268	704454	679974	804882.625	740020.875	22.836	22.804	22.899
2016/07/25	4.26	4.30	4.26	4.29	660198.00	283002848	0	4.286	4.309	4.382	4.389	4.334	4.27	660198	695117.375	795798.625	757063.875	28.044	24.551	35.031
2016/07/26	4.29	4.32	4.27	4.31	598758.00	257577504	0	4.288	4.306	4.377	4.386	4.334	4.271	598758	647561.375	714400.688	754804.188	39.908	29.67	60.385
2016/07/27	4.31	4.32	4.24	4.31	1045701.00	448543008	0	4.294	4.302	4.371	4.383	4.335	4.273	1045701	751156.813	682801.875	780193.125	47.818	35.719	72.015
2016/07/28	4.30	4.31	4.28	4.29	579118.00	248621824	0	4.296	4.3	4.364	4.381	4.335	4.275	579118	717645.813	683669.688	787088.688	47.03	39.49	62.111
2016/07/29	4.29	4.30	4.28	4.30	350045.00	150323744	0	4.3	4.298	4.355	4.378	4.336	4.277	350045	646764	663369	777864.563	49.535	42.838	62.93
2016/08/01	4.30	4.33	4.29	4.33	735729.00	317506880	0	4.308	4.297	4.345	4.376	4.337	4.28	735729	661870.188	678493.813	782214.938	66.357	50.678	97.715
2016/08/02	4.32	4.34	4.31	4.34	452286.00	195735424	0	4.314	4.301	4.334	4.374	4.338	4.282	452286	632575.813	640068.625	771091.813	77.571	59.642	113.429
2016/08/03	4.33	4.34	4.32	4.33	679414.00	294318752	0	4.318	4.306	4.323	4.37	4.341	4.285	679414	559318.375	655237.625	771199	81.714	67	111.143
2016/08/04	4.32	4.33	4.31	4.33	528862.00	228364240	0	4.326	4.311	4.31	4.367	4.344	4.287	528862	549267.188	633456.5	741647.25	84.476	72.825	107.778
2016/08/05	4.31	4.33	4.30	4.33	584640.00	252398288	0	4.332	4.316	4.312	4.364	4.346	4.291	584640	596186.188	621475.125	713178.875	86.317	77.322	104.307
2016/08/08	4.32	4.35	4.32	4.34	479882.00	208067040	0	4.334	4.321	4.315	4.362	4.349	4.293	479882	545016.813	603443.5	699621.063	87.848	80.831	101.882
2016/08/09	4.33	4.37	4.33	4.37	908517.00	395402688	0	4.34	4.327	4.317	4.36	4.351	4.296	908517	636263	634419.375	674410.063	91.899	84.52	106.656
2016/08/10	4.37	4.39	4.35	4.38	668933.00	292771232	0	4.35	4.334	4.318	4.359	4.353	4.298	668933	634166.813	596742.625	639772.25	91.569	86.87	100.967
2016/08/11	4.38	4.47	4.38	4.42	1275450.00	565050816	0	4.368	4.347	4.324	4.358	4.356	4.302	1275450	783484.375	666375.813	675022.75	85.12	86.286	82.787
2016/08/12	4.42	4.51	4.40	4.50	1395506.00	623687424	0	4.402	4.367	4.332	4.359	4.361	4.305	1395506	945657.625	770921.875	717145.438	88.493	87.022	91.434
2016/08/15	4.51	4.61	4.48	4.58	1907961.00	869842048	0	4.45	4.392	4.345	4.36	4.366	4.31	1907961	1231273.375	888145.125	783319.438	89.103	87.715	91.877
2016/08/16	4.59	4.59	4.39	4.44	3792026.00	1690569216	0	4.464	4.402	4.352	4.357	4.37	4.313	3792026	1807975.25	1222119.125	931093.875	74.455	83.295	56.776
2016/08/17	4.43	4.45	4.41	4.44	1119538.00	495822624	0	4.476	4.413	4.359	4.353	4.372	4.316	1119538	1898096.25	1266131.5	960684.563	64.691	77.094	39.884
2016/08/18	4.43	4.46	4.41	4.43	1208028.00	535750848	0	4.478	4.423	4.367	4.347	4.375	4.32	1208028	1884611.75	1334048.125	983752.313	55.771	69.986	27.34
2016/08/19	4.44	4.44	4.41	4.44	772869.00	341969344	0	4.466	4.434	4.375	4.352	4.378	4.323	772869	1760084.375	1352871	987173.063	50.276	63.416	23.995
2016/08/22	4.43	4.49	4.43	4.47	1205349.00	537380992	0	4.444	4.447	4.384	4.359	4.382	4.327	1205349	1619562	1425417.75	1014430.625	48.902	58.578	29.549
2016/08/23	4.47	4.53	4.46	4.52	1405755.00	633880192	0	4.46	4.462	4.394	4.365	4.385	4.33	1405755	1142307.75	1475141.5	1054780.5	52.891	56.682	45.308
2016/08/24	4.52	4.53	4.50	4.52	972807.00	439059200	0	4.476	4.476	4.405	4.371	4.389	4.334	972807	1112961.625	1505528.875	1051135.75	54.958	56.107	52.658
2016/08/25	4.51	4.53	4.48	4.52	1271725.00	573139584	0	4.494	4.486	4.417	4.378	4.392	4.335	1271725	1125701	1505156.375	1085766.125	56.335	56.183	56.639
2016/08/26	4.52	4.52	4.49	4.50	663759.00	298860448	0	4.506	4.486	4.426	4.384	4.394	4.337	663759	1103879	1431981.75	1101451.75	55.89	56.086	55.499
2016/08/29	4.49	4.50	4.43	4.49	853975.00	381490368	0	4.51	4.477	4.434	4.389	4.397	4.338	853975	1033604.188	1326583.125	1107364.125	59.482	57.218	64.011
2016/08/30	4.48	4.51	4.47	4.51	734626.00	329623648	0	4.508	4.484	4.443	4.396	4.399	4.339	734626	899378.375	1020843.125	1121481.125	67.433	60.623	81.052
2016/08/31	4.50	4.53	4.49	4.53	622220.00	280764480	0	4.51	4.493	4.453	4.404	4.402	4.341	622220	829261	971111.313	1118621.375	78.288	66.511	101.843
2016/09/01	4.52	4.54	4.50	4.52	554518.00	250704768	0	4.51	4.502	4.463	4.412	4.404	4.343	554518	685819.625	905760.313	1119904.25	79.465	70.829	96.737
2016/09/02	4.51	4.54	4.51	4.53	744720.00	336919968	0	4.516	4.511	4.472	4.42	4.406	4.344	744720	702011.813	902945.375	1127908.25	83.28	74.979	99.881
2016/09/05	4.52	4.55	4.50	4.53	859038.00	388599264	0	4.524	4.517	4.482	4.428	4.409	4.347	859038	703024.375	868314.313	1146866	83.298	77.752	94.389
2016/09/06	4.52	4.55	4.44	4.46	2027475.00	911490688	0	4.514	4.511	4.486	4.433	4.41	4.348	2027475	961594.188	930486.313	1202813.875	63.865	73.123	45.349
2016/09/07	4.47	4.49	4.46	4.48	947565.00	424103072	0	4.504	4.507	4.491	4.439	4.411	4.349	947565	1026663.188	927962.125	1216745.5	56.466	67.571	34.256
2016/09/08	4.46	4.49	4.46	4.49	666516.00	298582848	0	4.498	4.504	4.495	4.446	4.413	4.351	666516	1049062.75	867441.188	1186298.75	54.31	63.151	36.63
2016/09/09	4.48	4.49	4.47	4.48	513637.00	230162496	0	4.488	4.502	4.494	4.452	4.415	4.352	513637	1002846.188	852429	1142205.375	48.328	58.21	28.565
2016/09/12	4.45	4.46	4.42	4.45	1124970.00	499502240	0	4.472	4.498	4.488	4.456	4.416	4.354	1124970	1056032.625	879528.5	1103055.75	39.911	52.11	15.513
2016/09/13	4.45	4.45	4.42	4.43	591405.00	262175584	0	4.466	4.49	4.487	4.459	4.416	4.355	591405	768818.625	865206.375	943024.75	29.171	44.464	-1.414
2016/09/14	4.42	4.43	4.35	4.37	775428.00	340057312	0	4.444	4.474	4.484	4.46	4.415	4.356	775428	734391.188	880527.188	925819.25	22.781	37.236	-6.13
2016/09/19	4.37	4.41	4.36	4.40	505692.00	221615232	0	4.426	4.462	4.482	4.462	4.415	4.357	505692	702226.375	875644.625	890702.438	23.521	32.664	5.233
2016/09/20	4.40	4.40	4.38	4.40	448938.00	196916272	0	4.41	4.449	4.48	4.465	4.415	4.358	448938	689286.625	846066.375	874505.875	24.014	29.781	12.48
2016/09/21	4.39	4.42	4.37	4.41	645209.00	283608512	0	4.402	4.437	4.477	4.467	4.414	4.359	645209	593334.375	824683.5	846498.875	30.295	29.952	30.98
2016/09/22	4.42	4.45	4.41	4.44	757873.00	335933664	0	4.404	4.435	4.473	4.469	4.415	4.36	757873	626628	697723.313	814104.813	41.625	33.843	57.189
2016/09/23	4.44	4.46	4.43	4.44	525771.00	233745760	0	4.418	4.431	4.469	4.471	4.415	4.361	525771	576696.625	655543.875	791753	49.179	38.955	69.626
2016/09/26	4.44	4.45	4.41	4.41	692877.00	306947968	0	4.42	4.423	4.464	4.471	4.415	4.362	692877	614133.625	658180	762810.625	50.968	42.959	66.984
2016/09/27	4.41	4.45	4.39	4.44	457161.00	201943904	0	4.428	4.419	4.46	4.469	4.414	4.363	457161	615778.188	652532.375	752480.688	61.251	49.057	85.64
2016/09/28	4.44	4.44	4.42	4.43	294608.00	130526728	0	4.432	4.417	4.457	4.464	4.412	4.364	294608	545658	569496.188	724512.375	65.076	54.397	86.436
2016/09/29	4.43	4.44	4.42	4.44	427133.00	189275376	0	4.432	4.418	4.454	4.464	4.41	4.366	427133	479510	553069	709137.688	70.051	59.615	90.924
2016/09/30	4.43	4.44	4.42	4.43	260570.00	115474512	0	4.43	4.424	4.449	4.464	4.408	4.367	260570	426469.813	501583.188	691055.188	68.923	62.717	81.334
2016/10/10	4.43	4.46	4.43	4.46	784850.00	348472064	0	4.44	4.43	4.446	4.465	4.406	4.369	784850	444864.406	529499	702571.813	79.282	68.239	101.368
2016/10/11	4.46	4.46	4.44	4.45	553427.00	246098912	0	4.442	4.435	4.442	4.465	4.409	4.37	553427	464117.594	539947.875	693007.125	81.426	72.635	99.009
2016/10/12	4.44	4.45	4.42	4.43	592444.00	262766928	0	4.442	4.437	4.437	4.464	4.411	4.371	592444	523684.813	534671.375	679677.438	73.331	72.867	74.261
2016/10/13	4.43	4.44	4.41	4.42	478884.00	211778432	0	4.438	4.435	4.435	4.46	4.413	4.372	478884	534035	506772.5	602247.875	63.173	69.636	50.249
2016/10/14	4.41	4.43	4.39	4.42	676621.00	298373664	0	4.436	4.433	4.432	4.457	4.414	4.373	676621	617245.188	521857.5	588700.688	56.401	65.224	38.756
2016/10/17	4.41	4.42	4.36	4.38	603222.00	264825184	0	4.42	4.43	4.426	4.452	4.415	4.374	603222	580919.625	512892	585536	44.268	58.239	16.325
2016/10/18	4.37	4.41	4.37	4.41	605214.00	265602080	0	4.412	4.427	4.423	4.449	4.417	4.375	605214	591277	527697.313	590114.875	46.178	54.219	30.098
2016/10/19	4.41	4.43	4.39	4.41	538801.00	237802800	0	4.408	4.425	4.421	4.447	4.418	4.376	538801	580548.375	552116.625	560806.375	47.452	51.963	38.43
2016/10/20	4.41	4.41	4.38	4.39	503659.00	221513312	0	4.402	4.42	4.419	4.443	4.419	4.376	503659	585503.375	559769.188	556419.125	41.635	48.52	27.863
2016/10/21	4.39	4.41	4.38	4.41	335838.00	147547920	0	4.4	4.418	4.421	4.439	4.421	4.377	335838	517346.813	567296	534439.625	44.423	47.155	38.96
2016/10/24	4.40	4.45	4.39	4.43	1479654.00	655163392	0	4.41	4.415	4.423	4.436	4.424	4.379	1479654	692633.188	636776.375	583137.688	55.541	49.95	66.724
2016/10/25	4.43	4.45	4.42	4.45	825033.00	366389600	0	4.418	4.415	4.425	4.433	4.427	4.38	825033	736597	663937	601942.438	70.361	56.754	97.575
2016/10/26	4.44	4.44	4.41	4.42	814859.00	360845504	0	4.42	4.414	4.425	4.429	4.429	4.381	814859	791808.625	686178.5	610424.938	69.13	60.879	85.631
2016/10/27	4.41	4.42	4.39	4.42	620373.00	273559456	0	4.426	4.414	4.424	4.428	4.431	4.383	620373	815151.375	700327.375	603549.938	68.309	63.356	78.215
2016/10/28	4.41	4.45	4.40	4.44	810031.00	359216960	0	4.432	4.416	4.424	4.427	4.433	4.384	810031	909990	713668.375	617762.938	74.706	67.139	89.84
2016/10/31	4.42	4.44	4.40	4.43	676200.00	298402976	0	4.432	4.421	4.425	4.425	4.435	4.385	676200	749299.188	720966.188	616929.125	73.613	69.297	82.246
2016/11/01	4.42	4.44	4.41	4.44	600444.00	265994304	0	4.43	4.424	4.425	4.423	4.438	4.387	600444	704381.375	720489.188	624093.25	77.647	72.08	88.78
2016/11/02	4.42	4.43	4.40	4.42	565766.00	249801744	0	4.43	4.425	4.425	4.422	4.439	4.388	565766	654562.813	723185.688	637651.125	70.812	71.658	69.122
2016/11/03	4.42	4.43	4.40	4.42	593174.00	262246928	0	4.43	4.428	4.424	4.422	4.44	4.389	593174	649123	732137.188	645953.188	63.875	69.064	53.498
2016/11/04	4.42	4.42	4.39	4.41	928341.00	408732160	0	4.424	4.428	4.423	4.423	4.442	4.391	928341	672785	791387.5	679341.75	53.695	63.941	33.202
2016/11/07	4.40	4.41	4.39	4.41	577698.00	254331488	0	4.42	4.426	4.42	4.424	4.443	4.393	577698	653084.625	701191.875	668984.125	46.907	58.263	24.197
2016/11/08	4.40	4.45	4.40	4.44	1692727.00	748966016	0	4.42	4.425	4.42	4.425	4.445	4.396	1692727	871541.188	787961.313	725949.125	59.05	58.525	60.098
2016/11/09	4.42	4.43	4.38	4.40	1271931.00	560026624	0	4.416	4.423	4.418	4.425	4.446	4.397	1271931	1012774.188	833668.5	759923.5	48.89	55.313	36.044
2016/11/10	4.42	4.43	4.41	4.43	730812.00	323330496	0	4.418	4.424	4.419	4.424	4.447	4.399	730812	1040301.813	844712.375	772519.875	56.403	55.677	57.856
2016/11/11	4.42	4.43	4.36	4.41	1923675.00	846656768	0	4.418	4.421	4.418	4.423	4.447	4.4	1923675	1239368.625	956076.813	834872.625	56.12	55.825	56.712
2016/11/14	4.40	4.41	4.39	4.40	1908751.00	839507968	0	4.416	4.418	4.419	4.423	4.447	4.402	1908751	1505579.25	1079331.875	900149.063	52.228	54.626	47.434
2016/11/15	4.40	4.40	4.39	4.40	749713.00	329518944	0	4.408	4.414	4.419	4.422	4.445	4.403	749713	1316976.375	1094258.75	907374	49.634	52.962	42.978
2016/11/16	4.40	4.40	4.39	4.40	693309.00	304672032	0	4.408	4.412	4.418	4.421	4.442	4.404	693309	1201252	1107013.125	915099.375	47.904	51.276	41.16
2016/11/17	4.39	4.40	4.38	4.39	534526.00	234759360	0	4.4	4.409	4.418	4.419	4.442	4.405	534526	1161994.75	1101148.25	916642.75	43.047	48.533	32.075
2016/11/18	4.39	4.40	4.38	4.39	567929.00	249517936	0	4.396	4.407	4.418	4.418	4.441	4.407	567929	890845.625	1065107.125	928247.313	39.809	45.625	28.177
2016/11/21	4.39	4.42	4.39	4.42	1253203.00	552525568	0	4.4	4.408	4.417	4.416	4.44	4.408	1253203	759736	1132657.625	916924.75	55.111	48.787	67.759
2016/11/22	4.41	4.44	4.41	4.43	2402789.00	1061212352	0	4.406	4.407	4.416	4.416	4.44	4.409	2402789	1090351.25	1203663.75	995812.563	65.907	54.494	88.734
2016/11/23	4.42	4.47	4.41	4.45	2309052.00	1026788160	0	4.416	4.412	4.418	4.416	4.44	4.411	2309052	1413499.75	1307375.875	1070522.25	71.211	60.066	93.5
2016/11/24	4.44	4.45	4.43	4.44	998598.00	443125760	0	4.426	4.413	4.418	4.417	4.439	4.412	998598	1506314.25	1334154.5	1089433.5	69.696	63.276	82.536
2016/11/25	4.43	4.50	4.43	4.50	2054613.00	917957440	0	4.448	4.422	4.422	4.42	4.438	4.414	2054613	1803651	1347248.25	1151662.5	79.797	68.783	101.826
2016/11/28	4.50	4.56	4.50	4.55	2422787.00	1100768256	0	4.474	4.437	4.427	4.425	4.439	4.415	2422787	2037567.75	1398651.875	1238991.875	84.68	74.082	105.875
2016/11/29	4.55	4.57	4.53	4.57	1468178.00	668112768	0	4.502	4.454	4.434	4.431	4.44	4.417	1468178	1850645.625	1470498.375	1282378.625	89.787	79.317	110.726
2016/11/30	4.56	4.56	4.50	4.52	1213844.00	549680256	0	4.516	4.466	4.439	4.434	4.44	4.419	1213844	1631604	1522551.875	1314782.5	84.419	81.018	91.222
2016/12/01	4.52	4.55	4.50	4.52	1090411.00	493593120	0	4.532	4.479	4.444	4.439	4.441	4.42	1090411	1649966.625	1578140.375	1339644.375	80.353	80.796	79.468
2016/12/02	4.51	4.54	4.47	4.52	1759550.00	793611968	0	4.536	4.492	4.45	4.442	4.44	4.421	1759550	1590954	1697302.5	1381204.75	76.486	79.359	70.738
2016/12/05	4.50	4.57	4.49	4.56	1826370.00	829216064	0	4.538	4.506	4.457	4.447	4.441	4.422	1826370	1471670.625	1754619.25	1443638.375	82.24	80.32	86.082
2016/12/06	4.55	4.58	4.54	4.54	1082827.00	493575008	0	4.532	4.517	4.462	4.45	4.441	4.424	1082827	1394600.375	1622623	1413143.375	79.271	79.97	77.874
2016/12/07	4.54	4.56	4.52	4.53	680711.00	308635968	0	4.534	4.525	4.469	4.453	4.441	4.425	680711	1287973.75	1459788.875	1383582.375	75.07	78.337	68.536
2016/12/08	4.54	4.55	4.51	4.54	855393.00	387851232	0	4.538	4.535	4.474	4.457	4.443	4.426	855393	1240970.25	1445468.375	1389811.5	71.259	75.977	61.821
2016/12/09	4.54	4.62	4.53	4.59	2430206.00	1113653248	0	4.552	4.544	4.483	4.462	4.444	4.428	2430206	1375101.375	1483027.75	1415138	74.173	75.376	71.766
2016/12/12	4.59	4.67	4.57	4.63	2679415.00	1237222016	0	4.566	4.552	4.495	4.469	4.447	4.43	2679415	1545710.375	1508690.5	1453671.25	76.115	75.622	77.101
2016/12/13	4.60	4.61	4.55	4.56	1173619.00	536568992	0	4.57	4.551	4.503	4.473	4.448	4.432	1173619	1563868.75	1479234.625	1474866.5	65.743	72.329	52.572
2016/12/14	4.56	4.60	4.56	4.57	740067.00	338897632	0	4.578	4.556	4.511	4.478	4.45	4.433	740067	1575740	1431856.875	1477204.375	60.496	68.385	44.717
2016/12/15	4.56	4.57	4.44	4.46	1253546.00	562236096	0	4.562	4.55	4.515	4.479	4.451	4.433	1253546	1655370.625	1448170.375	1513155.375	43.229	59.999	9.688
2016/12/16	4.45	4.46	4.41	4.43	1063820.00	471566496	0	4.53	4.541	4.516	4.48	4.452	4.433	1063820	1382093.375	1378597.375	1537950	31.383	50.461	-6.771
2016/12/19	4.43	4.45	4.41	4.44	497663.00	220655680	0	4.492	4.529	4.517	4.481	4.452	4.433	497663	945743	1245726.75	1500173	24.768	41.897	-9.488
2016/12/20	4.44	4.45	4.37	4.41	1029282.00	452756032	0	4.462	4.516	4.516	4.48	4.452	4.433	1029282	916875.625	1240372.25	1431497.625	20.957	34.917	-6.963
2016/12/21	4.39	4.43	4.39	4.42	735738.00	324687360	0	4.432	4.505	4.515	4.481	4.453	4.433	735738	916009.813	1245874.875	1352831.875	19.527	29.787	-0.993
2016/12/22	4.42	4.43	4.39	4.40	608266.00	268013232	0	4.42	4.491	4.513	4.48	4.452	4.433	608266	786953.813	1221162.25	1333315.25	16.351	25.308	-1.563
2016/12/23	4.40	4.41	4.38	4.40	600634.00	263871392	0	4.414	4.472	4.508	4.479	4.451	4.433	600634	694316.625	1038205	1260616.375	15.067	21.895	1.413
2016/12/26	4.38	4.41	4.35	4.41	890139.00	389851616	0	4.408	4.45	4.501	4.48	4.451	4.433	890139	772811.813	859277.375	1183984	18.045	20.611	12.912
2016/12/27	4.39	4.41	4.38	4.39	486887.00	214096544	0	4.404	4.433	4.492	4.479	4.451	4.432	486887	664332.813	790604.188	1134919.375	18.091	19.771	14.729
2016/12/28	4.39	4.39	4.35	4.37	928054.00	405449440	0	4.394	4.413	4.484	4.478	4.45	4.431	928054	702796	809402.875	1120629.875	18.121	19.221	15.921
2016/12/29	4.36	4.39	4.36	4.38	790005.00	345590752	0	4.39	4.405	4.477	4.478	4.449	4.429	790005	739143.813	763048.813	1105609.625	22.081	20.174	25.894
2016/12/30	4.38	4.41	4.37	4.41	876107.00	384672832	0	4.392	4.403	4.472	4.479	4.448	4.428	876107	794238.375	744277.5	1061437.5	34.72	25.023	54.115
2017/01/03	4.40	4.43	4.39	4.43	1041616.00	460087744	0	4.396	4.402	4.465	4.479	4.448	4.427	1041616	824533.813	798672.813	1022199.75	56.48	35.509	98.423
2017/01/04	4.42	4.44	4.41	4.43	1189234.00	526408832	0	4.404	4.404	4.46	4.479	4.447	4.428	1189234	965003.188	814668	1027520.125	67.283	46.1	109.649
2017/01/05	4.43	4.45	4.42	4.44	873561.00	387580736	0	4.418	4.406	4.456	4.479	4.447	4.429	873561	954104.625	828450.313	1037162.625	74.855	55.685	113.196
2017/01/06	4.44	4.45	4.43	4.44	870082.00	386138112	0	4.43	4.41	4.451	4.479	4.448	4.43	870082	970120	854631.875	1037897.063	79.904	63.758	112.195
2017/01/09	4.45	4.48	4.43	4.46	1174541.00	523539392	0	4.44	4.416	4.444	4.477	4.449	4.431	1174541	1029806.813	912022.625	975113.813	81.474	69.664	105.096
2017/01/10	4.45	4.47	4.44	4.46	636633.00	283646240	0	4.446	4.421	4.436	4.474	4.45	4.432	636633	948810.188	886672	872974.688	82.521	73.949	99.665
2017/01/11	4.46	4.48	4.45	4.47	523954.00	233898112	0	4.454	4.429	4.431	4.471	4.451	4.434	523954	815754.188	890378.688	840491.438	85.57	77.823	101.063
2017/01/12	4.46	4.47	4.44	4.47	621663.00	277258304	0	4.46	4.439	4.426	4.469	4.452	4.435	621663	765374.625	859739.625	834571.25	87.349	80.998	100.052
2017/01/13	4.45	4.49	4.44	4.49	938513.00	419357056	0	4.47	4.45	4.427	4.468	4.453	4.436	938513	779060.813	874590.375	818819.625	91.566	84.521	105.657
2017/01/16	4.47	4.58	4.44	4.55	3023114.00	1364412928	0	4.488	4.464	4.433	4.469	4.456	4.439	3023114	1148775.375	1089291.125	916784.313	88.495	85.846	93.794
2017/01/17	4.52	4.54	4.51	4.53	900223.00	407014720	0	4.502	4.474	4.438	4.468	4.457	4.441	900223	1201493.375	1075151.75	936912.313	81.914	84.535	76.671
2017/01/18	4.52	4.54	4.51	4.53	682904.00	308822016	0	4.514	4.484	4.444	4.468	4.459	4.443	682904	1233283.375	1024518.813	919593.375	76.831	81.967	66.56
2017/01/19	4.53	4.56	4.50	4.53	1105988.00	500585760	0	4.526	4.493	4.45	4.468	4.461	4.445	1105988	1330148.375	1047761.5	938105.875	73.443	79.126	62.078
2017/01/20	4.52	4.53	4.50	4.52	678702.00	306500352	0	4.532	4.501	4.456	4.467	4.462	4.446	678702	1278186.25	1028623.5	941627.688	68.01	75.42	53.188
2017/01/23	4.52	4.53	4.51	4.53	770111.00	348112256	0	4.528	4.508	4.462	4.465	4.464	4.448	770111	827585.625	988180.5	950101.563	66.768	72.536	55.232
2017/01/24	4.52	4.57	4.52	4.55	1172834.00	532631872	0	4.532	4.517	4.469	4.463	4.466	4.451	1172834	882107.813	1041800.625	964236.313	70.703	71.925	68.258
2017/01/25	4.55	4.57	4.53	4.56	682557.00	310690176	0	4.538	4.526	4.477	4.463	4.468	4.453	682557	882038.375	1057660.875	974019.813	75.707	73.186	80.749
2017/01/26	4.56	4.60	4.56	4.60	845022.00	386971712	0	4.552	4.539	4.489	4.464	4.471	4.455	845022	829845.188	1079996.75	969868.188	83.804	76.725	97.963
2017/02/03	4.59	4.60	4.55	4.56	531377.00	242482112	0	4.56	4.546	4.498	4.467	4.473	4.457	531377	800380.188	1039283.188	956936.813	75.87	76.44	74.729
2017/02/06	4.57	4.57	4.54	4.56	551283.00	251005936	0	4.566	4.547	4.505	4.471	4.476	4.459	551283	756614.625	792100.125	940695.625	70.58	74.487	62.766
2017/02/07	4.55	4.56	4.54	4.55	684144.00	311360288	0	4.566	4.549	4.511	4.475	4.478	4.46	684144	658876.625	770492.188	922822	63.72	70.898	49.364
2017/02/08	4.55	4.56	4.51	4.56	555113.00	251930032	0	4.566	4.552	4.518	4.48	4.48	4.462	555113	633387.813	757713.125	891115.938	62.48	68.092	51.256
2017/02/09	4.55	4.57	4.54	4.57	655013.00	298864416	0	4.56	4.556	4.524	4.485	4.483	4.464	655013	595386	712615.625	880188.563	63.876	66.686	58.254
2017/02/10	4.57	4.59	4.56	4.59	597202.00	273504000	0	4.566	4.563	4.532	4.491	4.485	4.466	597202	608551	704465.625	866544.563	72.213	68.529	79.583
2017/02/13	4.59	4.63	4.58	4.62	939989.00	433628160	0	4.578	4.572	4.54	4.499	4.489	4.468	939989	686292.188	721453.375	854816.938	78.698	71.918	92.256
2017/02/14	4.62	4.64	4.61	4.62	806458.00	372864448	0	4.592	4.579	4.548	4.506	4.493	4.47	806458	710755	684815.813	863308.188	80.67	74.836	92.339
2017/02/15	4.62	4.69	4.62	4.68	1566789.00	729898560	0	4.616	4.591	4.558	4.515	4.497	4.471	1566789	913090.188	773239	915449.938	85.262	78.311	99.163
2017/02/16	4.68	4.72	4.66	4.68	1031725.00	483137632	0	4.638	4.599	4.569	4.526	4.502	4.472	1031725	988432.625	791909.313	935953.063	83.825	80.149	91.177
2017/02/17	4.70	4.70	4.62	4.64	953769.00	444519264	0	4.648	4.607	4.576	4.534	4.506	4.474	953769	1059746	834148.5	936715.875	76.518	78.939	71.677
2017/02/20	4.63	4.71	4.63	4.67	1557025.00	728360192	0	4.658	4.618	4.582	4.543	4.511	4.476	1557025	1183153.25	934722.688	863411.375	76.409	78.096	73.036
2017/02/21	4.68	4.71	4.66	4.68	907398.00	425412576	0	4.67	4.631	4.59	4.551	4.515	4.478	907398	1203341.25	957048.125	863770.125	76.865	77.686	75.225
2017/02/22	4.68	4.70	4.67	4.70	609735.00	285950432	0	4.674	4.645	4.598	4.56	4.52	4.48	609735	1011930.375	962510.313	860111.688	80.41	78.594	84.043
2017/02/23	4.70	4.72	4.69	4.71	613091.00	288149504	0	4.68	4.659	4.608	4.569	4.524	4.482	613091	928203.625	958318.125	835466.875	84.559	80.582	92.513
2017/02/24	4.70	4.70	4.68	4.70	542872.00	254734800	0	4.692	4.67	4.616	4.578	4.528	4.484	542872	846024.188	952885.125	828675.375	83.646	81.603	87.73
2017/02/27	4.68	4.70	4.67	4.69	585053.00	274228800	0	4.696	4.677	4.624	4.586	4.531	4.485	585053	651629.813	917391.5	819422.438	79.097	80.768	75.755
2017/02/28	4.68	4.70	4.67	4.69	498149.00	233271744	0	4.698	4.684	4.631	4.593	4.534	4.486	498149	569780	886560.625	785688.188	76.065	79.2	69.794
2017/03/01	4.68	4.71	4.65	4.68	932991.00	436965696	0	4.694	4.684	4.637	4.6	4.536	4.488	932991	634431.188	823180.813	798209.875	70.71	76.37	59.389
2017/03/02	4.68	4.69	4.67	4.67	506363.00	237114176	0	4.686	4.683	4.641	4.607	4.538	4.489	506363	613085.625	770644.625	781276.938	61.955	71.565	42.734
2017/03/03	4.66	4.68	4.65	4.65	429397.00	200181536	0	4.676	4.684	4.646	4.612	4.54	4.49	429397	590390.625	718207.375	776177.938	41.303	61.478	0.954
2017/03/06	4.64	4.68	4.63	4.64	954697.00	444384928	0	4.666	4.681	4.649	4.615	4.542	4.491	954697	664319.375	657974.625	796348.625	31.239	51.398	-9.079
2017/03/07	4.64	4.68	4.63	4.68	855523.00	398252096	0	4.664	4.681	4.656	4.62	4.544	4.493	855523	735794.188	652787.125	804917.625	39.345	47.38	23.273
2017/03/08	4.66	4.70	4.66	4.69	636302.00	297861120	0	4.666	4.68	4.662	4.626	4.547	4.494	636302	676456.375	655443.813	808977.063	51.23	48.663	56.362
2017/03/09	4.68	4.72	4.67	4.70	1285470.00	604436608	0	4.672	4.679	4.669	4.631	4.55	4.496	1285470	832277.813	722681.688	840499.875	60.079	52.469	75.3
2017/03/10	4.70	4.71	4.68	4.71	523314.00	245851152	0	4.684	4.68	4.675	4.638	4.552	4.498	523314	851061.188	720725.875	836805.5	69.682	58.207	92.634
2017/03/13	4.70	4.73	4.68	4.73	674209.00	317462720	0	4.702	4.684	4.681	4.644	4.555	4.5	674209	794963.625	729641.5	823516.5	79.788	65.4	108.564
2017/03/14	4.72	4.77	4.72	4.76	697015.00	330953824	0	4.718	4.691	4.688	4.651	4.557	4.502	697015	763262	749528.125	818044.375	84.145	71.649	109.137
2017/03/15	4.76	4.76	4.71	4.75	583525.00	276534272	0	4.73	4.698	4.691	4.658	4.56	4.504	583525	752706.625	714581.5	768881.125	84.668	75.988	102.027
2017/03/16	4.74	4.75	4.69	4.70	1182576.00	559053120	0	4.73	4.701	4.692	4.661	4.562	4.506	1182576	732127.813	782202.813	776423.688	73.112	75.029	69.277
2017/03/17	4.71	4.72	4.67	4.69	812250.00	381978592	0	4.726	4.705	4.694	4.665	4.566	4.508	812250	789915	820488.125	769347.75	63.027	71.029	47.024
2017/03/20	4.70	4.73	4.69	4.71	835808.00	393812192	0	4.722	4.712	4.696	4.67	4.571	4.511	835808	822234.813	808599.188	733286.875	57.17	66.409	38.691
2017/03/21	4.70	4.72	4.69	4.71	571113.00	268888800	0	4.712	4.715	4.698	4.676	4.575	4.514	571113	797054.375	780158.188	716472.625	51.446	61.421	31.496
2017/03/22	4.71	4.71	4.65	4.66	1129561.00	528460224	0	4.694	4.712	4.696	4.679	4.58	4.516	1129561	906261.625	829484.125	742463.938	37.075	53.306	4.614
2017/03/23	4.67	4.69	4.65	4.67	891503.00	416701728	0	4.688	4.709	4.694	4.682	4.584	4.518	891503	848047	790087.375	756384.563	30.272	45.628	-0.439
2017/03/24	4.67	4.69	4.63	4.69	969806.00	452381984	0	4.688	4.707	4.694	4.686	4.589	4.52	969806	879558.188	834736.625	777731.25	34.467	41.908	19.586
2017/03/27	4.67	4.76	4.66	4.75	1575337.00	743929152	0	4.696	4.709	4.696	4.69	4.594	4.523	1575337	1027464	924849.375	827245.438	53.747	45.854	69.533
2017/03/28	4.75	4.76	4.72	4.75	764140.00	362490496	0	4.704	4.708	4.7	4.694	4.6	4.526	764140	1066069.375	931561.875	840545	66.601	52.77	94.263
2017/03/29	4.74	4.78	4.73	4.78	982220.00	467762720	0	4.728	4.711	4.705	4.698	4.607	4.529	982220	1036601.188	971431.375	843006.438	77.734	61.091	111.019
2017/03/30	4.77	4.83	4.73	4.81	1276714.00	607688512	0	4.756	4.722	4.712	4.702	4.614	4.532	1276714	1113643.375	980845.188	881524	81.823	68.002	109.464
2017/03/31	4.78	4.88	4.77	4.84	1303544.00	629464896	0	4.786	4.737	4.721	4.709	4.622	4.535	1303544	1180391	1029974.625	925231.375	82.548	72.851	101.944
2017/04/05	4.84	4.86	4.81	4.85	1094870.00	529500128	0	4.806	4.751	4.732	4.715	4.629	4.538	1094870	1084297.625	1055880.75	932240	84.366	76.689	99.719
2017/04/06	4.85	4.86	4.80	4.83	629796.00	303787360	0	4.822	4.763	4.739	4.72	4.635	4.542	629796	1057428.75	1061749.125	920953.625	82.91	78.763	91.206
2017/04/07	4.82	4.87	4.81	4.86	893351.00	433073216	0	4.838	4.783	4.747	4.725	4.643	4.545	893351	1039655	1038128.125	933806.125	85.94	81.155	95.51
2017/04/10	4.86	4.87	4.81	4.83	588557.00	284177664	0	4.842	4.799	4.754	4.729	4.649	4.548	588557	902023.625	1007833.5	898960.438	83.051	81.787	85.579
2017/04/11	4.81	4.83	4.78	4.80	810137.00	388871584	0	4.834	4.81	4.759	4.732	4.655	4.551	810137	803342.188	991866.625	913301.625	72.034	78.536	59.03
2017/04/12	4.79	4.88	4.78	4.85	1138102.00	548277440	0	4.834	4.82	4.765	4.738	4.662	4.555	1138102	811988.625	948143.125	936496.25	74.689	77.254	69.56
2017/04/13	4.84	4.84	4.79	4.81	799770.00	385351328	0	4.83	4.826	4.767	4.742	4.668	4.559	799770	845983.375	951706.125	941634	67.571	74.026	54.66
2017/04/14	4.80	4.82	4.78	4.81	450117.00	216116064	0	4.82	4.829	4.77	4.746	4.673	4.562	450117	757336.625	898495.813	934963.625	57.168	68.407	34.691
2017/04/17	4.79	4.83	4.75	4.83	1129899.00	540611456	0	4.82	4.831	4.777	4.751	4.679	4.565	1129899	865605	883814.313	932329.75	58.625	65.146	45.582
2017/04/18	4.80	4.81	4.77	4.79	610918.00	292283680	0	4.818	4.826	4.781	4.756	4.684	4.569	610918	825761.188	814551.688	922263.125	49.34	59.877	28.264
2017/04/19	4.77	4.79	4.73	4.74	897156.00	426318400	0	4.796	4.815	4.783	4.759	4.687	4.572	897156	777572	794780.313	925330.563	35.115	51.623	2.099
2017/04/20	4.73	4.77	4.72	4.73	641973.00	304725888	0	4.78	4.805	4.784	4.761	4.691	4.574	641973	746012.625	795998	928873.563	25.494	42.913	-9.346
