time		volatility		bullishness		number
2015-09-28	0.6101928374655649	-0.318453731119		17
2015-09-29	0.32479784366576836	-1.29928298413		26
2015-09-30	0.548882681564246	-1.79175946923		5
2015-10-08	0.7143845089903178	-0.826678573184		21
2015-10-09	0.6724137931034482	0.470003629246		11
2015-10-12	0.8525641025641024	-0.182321556794		9
2015-10-13	0.7275449101796412	-1.01160091168		13
2015-10-14	0.3739977090492551	-1.70474809224		11
2015-10-15	0.5705052878965928	0.485507815782		19
2015-10-16	0.5173812282734643	-0.0953101798043		19
2015-10-19	0.367205542725173	-0.251314428281		30
2015-10-20	0.5771055753262163	0.69314718056		7
2015-10-21	0.050233644859812854	1.09861228867		2
2015-10-22	0.615532734274711	-0.875468737354		15
2015-10-23	0.7132998745294861	-0.182321556794		9
2015-10-26	0.6564380264741274	0.69314718056		19
2015-10-27	0.5350058343057179	-0.559615787935		9
2015-10-28	0.4130938586326765	-0.356674943939		15
2015-10-29	0.6238207547169806	-0.587786664902		12
2015-10-30	0.44246260069044896	-0.182321556794		20
2015-11-02	0.7444703143189755	0.105360515658		17
2015-11-03	0.5721420643729194	0.262364264467		21
2015-11-04	0.7735229759299781	0.0645385211376		29
2015-11-05	0.4325726141078834	0.405465108108		28
2015-11-11	0.9994742376445852	0.0		74
2015-11-12	0.2801147227533457	-0.305381649551		31
2015-11-13	0.5049999999999999	-0.980829253012		20
2015-11-16	0.5849150849150849	-0.980829253012		20
2015-11-17	0.5687622789783893	-0.847297860387		18
2015-11-18	0.3691860465116281	-1.09861228867		14
2015-11-19	0.5149253731343281	-0.133531392625		28
2015-11-20	1.0009920634920633	-0.430782916092		31
2015-11-23	0.7524797114517585	-0.446287102628		39
2015-11-24	0.6630901287553643	-0.570544858468		34
2015-11-25	0.5207813798836246	-0.587786664902		26
2015-11-26	0.45860927152317893	-0.182321556794		20
2015-11-27	-0.0008347245409019433	-0.965080896044		56
2015-11-30	0.3423005565862709	-0.287682072452		19
2015-12-01	0.4856321839080463	0.0645385211376		29
2015-12-02	0.6440922190201732	-1.60943791243		16
2015-12-03	0.556022408963585	-0.154150679827		11
2015-12-04	0.3568790397045242	0.405465108108		28
2015-12-07	0.7186311787072248	-0.788457360364		30
2015-12-08	0.3542805100182148	0.182321556794		20
2015-12-09	0.4718574108818009	0.559615787935		9
2015-12-10	0.4292452830188678	-0.826678573184		21
2015-12-11	0.30382775119617217	-1.09861228867		22
2015-12-14	0.8237051792828687	-0.847297860387		18
2015-12-15	0.47661365762394814	-0.847297860387		48
2015-12-16	0.6785714285714282	-0.470003629246		24
2015-12-17	0.5181488203266792	-1.13497993284		35
2015-12-18	0.5316455696202533	-0.510825623766		14
2015-12-21	0.5314465408805025	-0.223143551314		34
2015-12-22	0.5714285714285715	-0.236388778064		32
2015-12-23	0.3679577464788737	-0.69314718056		31
2015-12-24	0.7757685352622059	-0.41985384556		56
2015-12-25	0.5771208226221078	-0.305381649551		31
2015-12-28	0.25105485232067515	-0.356674943939		32
2015-12-29	0.4955595026642985	-1.00330210886		39
2015-12-30	0.5711111111111111	0.133531392625		13
2015-12-31	0.368536371603856	-0.405465108108		18
2016-01-04	0.022952295229523467	-0.441832752279		21
2016-01-05	0.5995024875621887	-0.405465108108		18
2016-01-06	0.7390243902439025	0.69314718056		10
2016-01-07	0.06703910614525149	-0.60613580357		15
2016-01-08	0.7242609582059121	0.510825623766		6
2016-01-11	0.3780487804878049	0.0		6
2016-01-12	0.20999999999999996	-0.559615787935		20
2016-01-13	0.0010615711252656146	-1.02165124753		32
2016-01-14	0.8066037735849054	-0.725937003383		44
2016-01-15	0.4722222222222218	-0.223143551314		16
2016-01-18	0.47765363128491667	-0.847297860387		18
2016-01-19	0.7132435465768794	-1.09861228867		10
2016-01-20	0.2954790096878369	-0.405465108108		13
2016-01-21	0.33164983164983125	-0.916290731874		19
2016-01-22	0.5929152148664345	0.287682072452		5
2016-01-25	0.9047890535917907	-0.223143551314		7
2016-01-26	0.09388185654008463	0.0		12
2016-01-27	0.5631458094144658	-0.559615787935		9
2016-01-28	0.44897959183673475	-0.0800427076735		23
2016-01-29	0.7806414662084766	-0.587786664902		12
2016-02-01	0.483731019522776	-0.356674943939		15
2016-02-02	0.674102285092492	-1.46633706879		14
2016-02-03	0.49474237644584657	-0.538996500733		17
2016-02-04	0.784210526315789	-0.251314428281		30
2016-02-05	0.544820717131475	0.916290731874		12
2016-02-15	0.623395853899309	-0.287682072452		5
2016-02-16	0.861271676300578	0.470003629246		11
2016-02-17	0.4640610961365678	1.38629436112		8
2016-02-18	0.3642533936651581	0.318453731119		36
2016-02-19	0.6023255813953492	-0.223143551314		7
2016-02-22	0.513673655423883	-0.826678573184		21
2016-02-23	0.9000000000000004	1.09861228867		18
2016-02-24	0.6346801346801341	0.538996500733		17
2016-02-25	4.440892098500626e-16	-0.133531392625		13
2016-02-26	0.9417122040072854	0.223143551314		25
2016-02-29	0.7008368200836822	0.538996500733		17
2016-03-01	0.45575221238938074	-1.02961941718		55
2016-03-02	0.8652597402597404	-0.305381649551		31
2016-03-03	0.4130105900151284	0.125163142954		30
2016-03-04	0.2613548883756732	0.154150679827		11
2016-03-07	0.6980598221503639	-1.94591014906		6
2016-03-08	0.6516329704510111	-0.268263986595		28
2016-03-09	0.0018867924528300772	-0.567984037606		92
2016-03-10	0.22338642078792953	-0.597837000756		60
2016-03-11	0.42901508429458735	0.0		12
2016-03-14	0.513501350135014	-0.810930216216		24
2016-03-15	0.5718132854578097	0.526093095897		33
2016-03-16	0.30088495575221197	-0.435318071258		26
2016-03-17	0.7396313364055298	0.0		16
2016-03-18	0.6802990325417767	-0.864997437487		25
2016-03-21	0.5169779286926999	-0.068992871487		27
2016-03-22	0.5888324873096442	-0.810930216216		11
2016-03-23	0.42934330839567747	-0.241162056817		23
2016-03-24	0.16273187183811172	-0.287682072452		40
2016-03-25	0.5135623869801083	-0.154150679827		24
2016-03-28	0.44589720468890925	-0.69314718056		4
2016-03-29	0.3814949863263447	-0.105360515658		17
2016-03-30	0.7847805788982256	0.367724780125		20
2016-03-31	0.5265017667844525	-0.223143551314		43
2016-04-01	0.73725834797891	-0.12783337151		45
2016-04-05	0.5167785234899333	-0.485507815782		19
2016-04-06	0.5167224080267555	-0.182321556794		9
2016-04-07	0.35416666666666685	-1.2527629685		25
2016-04-08	0.31545064377682414	-1.32175583998		17
2016-04-11	0.7139037433155074	-0.182321556794		20
2016-04-12	0.4358974358974365	-0.356674943939		15
2016-04-13	1.0021645021645023	-0.451985123743		52
2016-04-14	0.4291896144767894	-0.847297860387		28
2016-04-15	0.5	-0.653926467407		36
2016-04-18	0.23663208300079802	-0.73396917508		35
2016-04-19	0.5084245998315086	0.117783035656		15
2016-04-20	0.23927670311185828	-0.99325177301		35
2016-04-21	0.7351375332741797	0.223143551314		16
2016-04-22	0.36440677966101687	-0.510825623766		14
2016-04-25	0.6785714285714286	0.223143551314		16
2016-04-26	0.6387720773759462	1.38629436112		13
2016-04-27	0.37315875613747934	0.154150679827		11
2016-04-28	0.39924433249370267	0.0		22
2016-04-29	0.40145672664952853	0.0		10
2016-05-03	0.6311188811188815	-0.405465108108		13
2016-05-04	0.5511073253833046	-0.223143551314		7
2016-05-05	0.4662731871838111	-0.538996500733		17
2016-05-06	0.275042444821732	-0.810930216216		11
2016-05-09	0.08222222222222247	-0.810930216216		11
2016-05-10	0.49030067895247265	-0.773189888233		17
2016-05-11	0.34936831875607444	-1.32175583998		17
2016-05-12	0.5450901803607213	-0.63598876672		24
2016-05-13	0.4006951340615685	-0.441832752279		21
2016-05-16	0.6317122593718346	0.251314428281		14
2016-05-17	0.643139190523198	0.287682072452		12
2016-05-18	0.33205374280230343	-0.60613580357		15
2016-05-19	0.46524329692154903	-2.01490302054		15
2016-05-20	0.5499999999999998	-0.405465108108		3
2016-05-23	0.5099009900990097	-0.916290731874		12
2016-05-24	0.2974308300395265	-1.13943428319		31
2016-05-25	0.5308959835221415	-0.451985123743		16
2016-05-26	0.5818833162743092	-1.32175583998		17
2016-05-27	0.37915407854984884	-1.21639532432		33
2016-05-30	0.3864809081527354	-1.14209740061		60
2016-05-31	0.6689545934530087	-0.78015855755		33
2016-06-01	0.5102145045965277	-0.597837000756		29
2016-06-02	0.561162079510703	-0.916290731874		33
2016-06-03	0.469788519637462	0.068992871487		27
2016-06-06	0.47467071935157096	-0.587786664902		26
2016-06-07	0.42362525458248457	-1.01160091168		28
2016-06-08	0.5206825232678391	-0.485507815782		19
2016-06-13	0.2373841400617912	-0.619039208406		38
2016-06-14	0.5163043478260876	-0.0800427076735		23
2016-06-15	0.6137594799566626	-0.133531392625		28
2016-06-16	0.46292372881355914	-0.826678573184		21
2016-06-17	0.48932764140875157	-0.864997437487		25
2016-06-20	0.5481283422459893	-1.09861228867		22
2016-06-21	0.4152542372881355	-1.32175583998		36
2016-06-22	0.7262931034482758	-0.737598943131		32
2016-06-23	0.4948453608247424	0.470003629246		11
2016-06-24	0.49484004127966985	-1.38629436112		23
2016-06-27	0.5361570247933886	-0.287682072452		19
2016-06-28	0.5871794871794871	0.251314428281		30
2016-06-29	0.4697580645161288	-0.207639364778		27
2016-06-30	0.5050709939148071	0.0870113769896		21
2016-07-01	0.449341438703141	-0.847297860387		28
2016-07-04	0.65353121801433	-0.619039208406		18
2016-07-05	0.5645481628599797	-1.09861228867		26
2016-07-06	0.5	-0.0512932943876		37
2016-07-07	0.5882352941176479	-0.847297860387		18
2016-07-08	0.4807321772639687	0.69314718056		13
2016-07-11	0.5290135396518377	-0.510825623766		14
2016-07-12	0.5480769230769229	-0.762140052047		20
2016-07-13	0.6047619047619051	-0.167054084663		22
2016-07-14	0.7472014925373132	-0.451985123743		34
2016-07-15	0.4022222222222219	-0.117783035656		15
2016-07-18	0.4002719854941075	0.154150679827		11
2016-07-19	0.4444958371877886	-0.559615787935		9
2016-07-20	0.5327408793264735	0.0		8
2016-07-21	0.48141263940520485	-0.510825623766		6
2016-07-22	0.555970149253731	0.0		10
2016-07-25	0.38007380073800745	-1.09861228867		10
2016-07-26	0.5425330812854442	-0.405465108108		13
2016-07-27	0.3078725398313027	0.0		6
2016-07-28	0.6169590643274855	0.405465108108		3
2016-07-29	0.43333333333333307	-0.510825623766		6
2016-08-01	0.6158301158301159	-0.405465108108		8
2016-08-02	0.6273584905660375	-0.69314718056		4
2016-08-03	0.49080036798528076	0.0		4
2016-08-04	0.4769585253456226	0.0		8
2016-08-05	0.4583333333333334	-1.94591014906		6
2016-08-08	0.5093370681605973	-1.38629436112		13
2016-08-09	0.5512581547064304	-1.09861228867		14
2016-08-10	0.5599630996309967	0.0		4
2016-08-11	0.4134001823154051	-0.69314718056		1
2016-08-12	0.5649350649350652	-1.2527629685		7
2016-08-15	0.669413919413919	0.405465108108		8
2016-08-16	0.522143489813995	0.0		6
2016-08-17	0.4823633156966494	0.0		6
2016-08-18	0.4469026548672562	0.0		6
2016-08-19	0.51788908765653	-0.559615787935		9
2016-08-22	0.3573975044563279	-2.30258509299		9
2016-08-23	0.5688073394495414	-0.223143551314		7
2016-08-24	0.5814479638009048	-0.182321556794		20
2016-08-25	0.5178094390026711	-0.105360515658		17
2016-08-26	0.6330967169476489	0.0		22
2016-08-29	0.5345721694036301	0.182321556794		9
2016-08-30	0.45278969957081494	0.287682072452		5
2016-08-31	0.5	-0.510825623766		6
2016-09-01	0.504332755632583	-0.69314718056		7
2016-09-02	0.42640692640692646	0.154150679827		11
2016-09-05	0.5439367311072054	-0.980829253012		20
2016-09-06	0.59581881533101	-0.405465108108		8
2016-09-07	0.6623931623931627	-0.60613580357		15
2016-09-08	0.466887417218543	0.405465108108		3
2016-09-09	0.5791666666666665	0.559615787935		9
2016-09-12	0.5041017227235438	0.223143551314		16
2016-09-13	0.4549180327868855	-1.20397280433		11
2016-09-14	0.45864350703060397	0.0		10
2016-09-19	0.5125104253544618	-1.38629436112		8
2016-09-20	0.4542429284525793	-1.70474809224		11
2016-09-21	0.4832073887489501	-0.336472236621		22
2016-09-22	0.49157540016849216	-1.32175583998		17
2016-09-23	0.5084388185654006	-0.69314718056		10
2016-09-26	0.41996630160067416	-0.69314718056		4
2016-09-27	0.5256849315068495	-0.69314718056		4
2016-09-28	0.4787052810902893	0.69314718056		1
2016-09-29	0.6325919589392646	1.94591014906		6
2016-09-30	0.5041666666666665	-0.287682072452		5
